[{"id": 0, "img_name": "PXL_20210225_132226757", "width": 4008, "height": 3012, "position": [0.764880039078769, 4.361388418059945, 0.3335104245972173], "rotation": [[0.9878317271971081, 0.12015792431133113, -0.09874488324956739], [-0.15510068619180972, 0.8080455657553641, -0.5683362920014198], [0.011500255893154855, 0.5767360201065006, 0.8168496233861567]], "fy": 3239.6091075524128, "fx": 3246.5764922475637}, {"id": 1, "img_name": "PXL_20210225_132316293", "width": 4008, "height": 3012, "position": [-3.465067032028192, -0.5920664557394189, 1.6278627846937008], "rotation": [[-0.20316484083816178, -0.584318694252501, 0.785681685540815], [0.9249651937761937, 0.14868533880309465, 0.34976000389921214], [-0.32119065638615996, 0.7977871480364048, 0.5102668210634186]], "fy": 3239.6091075524128, "fx": 3246.5764922475637}, {"id": 2, "img_name": "PXL_20210225_132420778", "width": 4008, "height": 3012, "position": [3.2823308435191745, -1.9505277139091568, 2.115308944180109], "rotation": [[-0.6753106704080618, 0.4498946872128519, -0.5844230221771427], [-0.7076165346197297, -0.17183172674022923, 0.6853850725090506], [0.20792868576937543, 0.876395246508744, 0.4343927180917041]], "fy": 3239.6091075524128, "fx": 3246.5764922475637}, {"id": 3, "img_name": "PXL_20210225_132512904", "width": 4008, "height": 3012, "position": [0.9159376923473765, 3.7740650748450864, 0.3601635227148624], "rotation": [[0.9715652341226266, 0.154143149187414, -0.1797244707958061], [-0.23020750480880717, 0.7924708093983329, -0.5647959994380751], [0.05536696283840172, 0.590110079400562, 0.8054219972262449]], "fy": 3239.6091075524128, "fx": 3246.5764922475637}, {"id": 4, "img_name": "PXL_20210225_132559947", "width": 4008, "height": 3012, "position": [-3.8391603799123404, -1.0423676929924872, 0.8474471278192801], "rotation": [[-0.16310849129655014, -0.6564060916440065, 0.7365640928796373], [0.9420452969889979, 0.11822022986927978, 0.31396597852405167], [-0.29316595724584704, 0.7450872567037328, 0.5990815482134562]], "fy": 3239.6091075524128, "fx": 3246.5764922475637}, {"id": 5, "img_name": "PXL_20210225_132627168", "width": 4008, "height": 3012, "position": [3.4257441412986105, -2.0626425700303535, 1.175859489807483], "rotation": [[-0.6249288702685094, 0.5795264194658197, -0.5230803344095925], [-0.74824531000385, -0.25350060501223537, 0.6130794396452002], [0.22269455126285986, 0.774523448579549, 0.5920477720913037]], "fy": 3239.6091075524128, "fx": 3246.5764922475637}, {"id": 6, "img_name": "PXL_20210225_132705215", "width": 4008, "height": 3012, "position": [0.6547179670547288, 2.4086309956265177, -1.6700413326684833], "rotation": [[0.997859862900739, 0.02691320060915178, -0.0595934026943397], [-0.03677248436293053, 0.9845687825075404, -0.17109090246239766], [0.0540692001558763, 0.17291614194340332, 0.9834513355778784]], "fy": 3239.6091075524128, "fx": 3246.5764922475637}, {"id": 7, "img_name": "PXL_20210225_132724286", "width": 4008, "height": 3012, "position": [-2.952127399236926, -1.1249334158479551, -0.5022602080755866], "rotation": [[-0.27252604567209643, -0.7875521619225048, 0.552712535303406], [0.9210328093551508, -0.04740324422438964, 0.38658957115830367], [-0.27825908524554716, 0.6144221062821481, 0.7382799989097087]], "fy": 3239.6091075524128, "fx": 3246.5764922475637}, {"id": 8, "img_name": "PXL_20210225_132748522", "width": 4008, "height": 3012, "position": [2.264394808347079, -1.6367463937214246, -0.24028104792789207], "rotation": [[-0.6618903608598372, 0.6881481174203682, -0.2972428614645568], [-0.7023044094942205, -0.43066728953633066, 0.5668281945425832], [0.26204897749430117, 0.5839330905285585, 0.7683439849312012]], "fy": 3239.6091075524128, "fx": 3246.5764922475637}, {"id": 9, "img_name": "PXL_20210225_132819564", "width": 4008, "height": 3012, "position": [-0.38709214769961736, 0.6206667921049114, -1.9493994404594988], "rotation": [[0.946120975437987, -0.3117764300711374, 0.08746746531350434], [0.30819751219133845, 0.9498917398767069, 0.05215338908519764], [-0.09934482027434412, -0.022386160146379844, 0.994801219600458]], "fy": 3239.6091075524128, "fx": 3246.5764922475637}, {"id": 10, "img_name": "PXL_20210225_132839338", "width": 4008, "height": 3012, "position": [-0.2992453865638462, -2.9765840720286323, -0.5469964052353713], "rotation": [[-0.9730937494155897, -0.17564626784287388, 0.14912056679472208], [0.22960452999676564, -0.6851657784371763, 0.6912522085776962], [-0.019243561345917426, 0.706891961088431, 0.7070597150844319]], "fy": 3239.6091075524128, "fx": 3246.5764922475637}, {"id": 11, "img_name": "PXL_20210225_132900310", "width": 4008, "height": 3012, "position": [0.9565073481935541, 1.3707140146018921, -1.8739372364489448], "rotation": [[0.9149000336272951, 0.37684010635117504, -0.1447392922257435], [-0.38460789886554175, 0.9226247520065047, -0.028988465208920122], [0.12261603728308683, 0.08218942286067354, 0.9890450981481189]], "fy": 3239.6091075524128, "fx": 3246.5764922475637}, {"id": 12, "img_name": "PXL_20210225_132930403", "width": 4008, "height": 3012, "position": [1.256383028214539, -0.9644651473924293, -0.5901630860571196], "rotation": [[-0.7190353757553023, 0.6798209325659057, -0.14433165992828098], [-0.6454039867857437, -0.5761631579206423, 0.5014874966496973], [0.25776311267033225, 0.4537394793272179, 0.8530408329302688]], "fy": 3239.6091075524128, "fx": 3246.5764922475637}, {"id": 13, "img_name": "PXL_20210225_133030538", "width": 4008, "height": 3012, "position": [-4.92801722522044, 4.52027490863, -0.183395872569414], "rotation": [[0.7424946515934921, -0.36109145345521476, 0.5641938094278056], [0.6219167886978275, 0.6844970468056116, -0.38037258162251625], [-0.24883970802675426, 0.6333062096300625, 0.7328042334438054]], "fy": 3239.6091075524128, "fx": 3246.5764922475637}, {"id": 14, "img_name": "PXL_20210225_133102260", "width": 4008, "height": 3012, "position": [2.1271179757280425, -5.343428230406725, 3.142259752947727], "rotation": [[-0.9686584840353837, 0.1711610916995813, -0.18001283841570712], [-0.22385766700296073, -0.2874600487788127, 0.9312649812379256], [0.10764983153848175, 0.9423749789994903, 0.31676633774037044]], "fy": 3239.6091075524128, "fx": 3246.5764922475637}, {"id": 15, "img_name": "PXL_20210225_133134658", "width": 4008, "height": 3012, "position": [1.1086527188395074, 6.268751099683505, -0.4671732324399133], "rotation": [[0.9792337019611483, 0.13915849334144537, -0.14743225791665723], [-0.2000157811994208, 0.7818387936721055, -0.5905267038674309], [0.03309145228983244, 0.6077524285762137, 0.7934367910205979]], "fy": 3239.6091075524128, "fx": 3246.5764922475637}, {"id": 16, "img_name": "PXL_20210225_132233499", "width": 4008, "height": 3012, "position": [-0.13188209339335377, 3.8950590655964907, 0.25417160421558915], "rotation": [[0.9971533202320583, -0.0409615024262145, 0.0633041173160903], [0.06871054948479748, 0.8393786291632502, -0.5391867740343044], [-0.031050222860380533, 0.5420015426389578, 0.8398036743413966]], "fy": 3239.6091075524128, "fx": 3246.5764922475637}, {"id": 17, "img_name": "PXL_20210225_132239369", "width": 4008, "height": 3012, "position": [-0.9039671823924149, 3.531055634696756, 0.39031604671325265], "rotation": [[0.95390581748064, -0.17297008207205972, 0.24524486148455157], [0.2766704346986199, 0.8234486199113331, -0.49536435169458615], [-0.11626333016161476, 0.5403829392885251, 0.8333481367265577]], "fy": 3239.6091075524128, "fx": 3246.5764922475637}, {"id": 18, "img_name": "PXL_20210225_132244384", "width": 4008, "height": 3012, "position": [-1.6530910530311582, 3.207460578358644, 0.48049185490484136], "rotation": [[0.8703053305575467, -0.2884556989924083, 0.3992016299088977], [0.4544826487722293, 0.7826793370543724, -0.42527470805716455], [-0.18977395387169904, 0.5515490595286417, 0.812268109287182]], "fy": 3239.6091075524128, "fx": 3246.5764922475637}, {"id": 19, "img_name": "PXL_20210225_132250975", "width": 4008, "height": 3012, "position": [-2.2836317235969714, 2.417238181336538, 0.9168929202934514], "rotation": [[0.7067136857812489, -0.4114203070931916, 0.5755771861712606], [0.6608461207904095, 0.6743939754546397, -0.32935568995654857], [-0.2526621676582185, 0.6131281242789558, 0.7484889660191522]], "fy": 3239.6091075524128, "fx": 3246.5764922475637}, {"id": 20, "img_name": "PXL_20210225_132257296", "width": 4008, "height": 3012, "position": [-2.8056310062402208, 1.9837190605446429, 0.9009730847339541], "rotation": [[0.576236522549519, -0.5060548349316268, 0.6417631760411012], [0.7764540093811035, 0.5840643983301843, -0.2366177295115667], [-0.2550894772350415, 0.6346473687375718, 0.7294875433881168]], "fy": 3239.6091075524128, "fx": 3246.5764922475637}, {"id": 21, "img_name": "PXL_20210225_132302839", "width": 4008, "height": 3012, "position": [-3.297881086347562, 1.0812668104738234, 1.2169084282354259], "rotation": [[0.30960749023748885, -0.5837243623349607, 0.75060580253918], [0.8963607943184779, 0.44258904932531246, -0.02553937794981366], [-0.31730195145569223, 0.6807207960933466, 0.6602565178538187]], "fy": 3239.6091075524128, "fx": 3246.5764922475637}, {"id": 22, "img_name": "PXL_20210225_132308810", "width": 4008, "height": 3012, "position": [-3.5566175009242054, 0.2917968429553965, 1.3645398162405495], "rotation": [[0.06514469501649853, -0.5990145976597171, 0.798083755317557], [0.9417668761020543, 0.30131351456084676, 0.14928267488214492], [-0.32989592266074647, 0.7418838707867677, 0.5837610833879364]], "fy": 3239.6091075524128, "fx": 3246.5764922475637}, {"id": 23, "img_name": "PXL_20210225_132322481", "width": 4008, "height": 3012, "position": [-3.1045876756275503, -1.3695734689368593, 2.0535378830747164], "rotation": [[-0.444915237747248, -0.5181748969805423, 0.7304417891656486], [0.8493711856776911, 0.014438686770950624, 0.5275984394070962], [-0.2839348871850424, 0.8551527936360465, 0.43369883487932337]], "fy": 3239.6091075524128, "fx": 3246.5764922475637}, {"id": 24, "img_name": "PXL_20210225_132331363", "width": 4008, "height": 3012, "position": [-2.7169464815269286, -2.352141458650554, 2.416707308080661], "rotation": [[-0.6410219750672773, -0.4563616400312758, 0.6171101044293553], [0.7234407887687109, -0.09069379368042496, 0.6844034343379328], [-0.2563674172482751, 0.8851602619276443, 0.38828733957937966]], "fy": 3239.6091075524128, "fx": 3246.5764922475637}, {"id": 25, "img_name": "PXL_20210225_132339441", "width": 4008, "height": 3012, "position": [-1.6245125057812269, -3.0122680934867847, 2.5588584258610565], "rotation": [[-0.8704681851917921, -0.2956390603868262, 0.39355137471809437], [0.466517751480656, -0.24050800248658724, 0.8511856955408403], [-0.15699148423510187, 0.9245287700842554, 0.347275434150119]], "fy": 3239.6091075524128, "fx": 3246.5764922475637}, {"id": 26, "img_name": "PXL_20210225_132347070", "width": 4008, "height": 3012, "position": [-0.5749407605242985, -3.0685432460998925, 2.513285946052718], "rotation": [[-0.9688502047182428, -0.15425779025016786, 0.1937364574997549], [0.23315968174051568, -0.30453286430333815, 0.9235238477537361], [-0.0834616296754415, 0.9399277997305643, 0.3310134252044462]], "fy": 3239.6091075524128, "fx": 3246.5764922475637}, {"id": 27, "img_name": "PXL_20210225_132356398", "width": 4008, "height": 3012, "position": [0.4859797776462981, -2.923022853824899, 2.8174804424649382], "rotation": [[-0.9991154521852513, 0.03401478161451052, -0.024724640267902744], [-0.03374870957798222, -0.29784443831171814, 0.9540176702601464], [0.025086606117230202, 0.954008220718508, 0.29872893565074177]], "fy": 3239.6091075524128, "fx": 3246.5764922475637}, {"id": 28, "img_name": "PXL_20210225_132404775", "width": 4008, "height": 3012, "position": [1.484563069352365, -3.1281864228891094, 2.6231792943306793], "rotation": [[-0.9509371518934294, 0.2032180278866433, -0.23328301757881134], [-0.2919095271644269, -0.33951663097718326, 0.8941573045278688], [0.1025054198540412, 0.9183849358693588, 0.3821802565135726]], "fy": 3239.6091075524128, "fx": 3246.5764922475637}, {"id": 29, "img_name": "PXL_20210225_132413143", "width": 4008, "height": 3012, "position": [2.4974596405630964, -2.7392772411454582, 2.3753210903838977], "rotation": [[-0.8458510895153727, 0.34919555074549713, -0.4032349212372421], [-0.5091426751304379, -0.30306706110144666, 0.8055582491889415], [0.15909013397026647, 0.8866864292493035, 0.43413996067909044]], "fy": 3239.6091075524128, "fx": 3246.5764922475637}, {"id": 30, "img_name": "PXL_20210225_132427462", "width": 4008, "height": 3012, "position": [3.709410576265112, -1.1718548096953296, 1.7854024272246325], "rotation": [[-0.45772295432741045, 0.59615417843966, -0.6596134418056695], [-0.8327415869813664, -0.02753312625686485, 0.5529768315854465], [0.31149822855602755, 0.8023977333513957, 0.5090449205315767]], "fy": 3239.6091075524128, "fx": 3246.5764922475637}, {"id": 31, "img_name": "PXL_20210225_132433825", "width": 4008, "height": 3012, "position": [3.895376595930952, -0.29565682996063986, 1.5274202971193764], "rotation": [[-0.25209011258444947, 0.6290887946837181, -0.735321605517304], [-0.922214637818204, 0.07405689386030921, 0.37952040559843614], [0.2932076686087831, 0.7737976898874466, 0.561485884233836]], "fy": 3239.6091075524128, "fx": 3246.5764922475637}, {"id": 32, "img_name": "PXL_20210225_132440774", "width": 4008, "height": 3012, "position": [3.851095351286236, 0.5780781799236094, 1.2523966469621821], "rotation": [[0.04318103973752588, 0.6458518699945802, -0.7622406180673458], [-0.9463752085227444, 0.27094545666217323, 0.17596171233441135], [0.32017083330734203, 0.713767414175395, 0.6229179046717572]], "fy": 3239.6091075524128, "fx": 3246.5764922475637}, {"id": 33, "img_name": "PXL_20210225_132446659", "width": 4008, "height": 3012, "position": [3.394136692514504, 1.748138447807174, 0.9306412254649804], "rotation": [[0.4238509262908571, 0.5944626151900629, -0.6833480748665157], [-0.8673379530906563, 0.48373415228500183, -0.11715863195522869], [0.2609123749669465, 0.6423515151803577, 0.7206311563723886]], "fy": 3239.6091075524128, "fx": 3246.5764922475637}, {"id": 34, "img_name": "PXL_20210225_132453492", "width": 4008, "height": 3012, "position": [3.2860692252023505, 2.5925151963227004, 0.39528472989684443], "rotation": [[0.6003639689481781, 0.46614251373969595, -0.6498263319327927], [-0.7564991307178861, 0.5945540950119205, -0.2724233714783644], [0.25936879151484954, 0.6551462317597452, 0.7095852626704792]], "fy": 3239.6091075524128, "fx": 3246.5764922475637}, {"id": 35, "img_name": "PXL_20210225_132459638", "width": 4008, "height": 3012, "position": [2.321305305079912, 3.04944984149493, 0.547153797734582], "rotation": [[0.7996859858906527, 0.39573342327792077, -0.45154997693592336], [-0.5793178978909749, 0.706169876963803, -0.40708092322302375], [0.15777546435766546, 0.5871278928561182, 0.7939696091646441]], "fy": 3239.6091075524128, "fx": 3246.5764922475637}, {"id": 36, "img_name": "PXL_20210225_132506499", "width": 4008, "height": 3012, "position": [1.5498875861949368, 3.511239218346604, 0.4422403796661729], "rotation": [[0.9257735224943228, 0.2505194414574733, -0.28316672562342], [-0.3665622458468472, 0.7781896133057794, -0.5099539642582623], [0.09260402241894869, 0.5759001086949342, 0.8122583085675354]], "fy": 3239.6091075524128, "fx": 3246.5764922475637}, {"id": 37, "img_name": "PXL_20210225_132528486", "width": 4008, "height": 3012, "position": [1.003557870042008, 3.5605142479351763, -0.5423261354116423], "rotation": [[0.9796081927802041, 0.15296050597635008, -0.13027230039176135], [-0.19455915818251224, 0.8840096909291497, -0.42505717299048285], [0.05014501575644904, 0.44173515816018993, 0.8957430030092209]], "fy": 3239.6091075524128, "fx": 3246.5764922475637}, {"id": 38, "img_name": "PXL_20210225_132532556", "width": 4008, "height": 3012, "position": [0.09452762371182412, 3.5951992401940367, -0.580066475137423], "rotation": [[0.9999322992560118, 0.0116290911924627, -0.0004014257379045264], [-0.010648851451162651, 0.9006503954748039, -0.4344139351975836], [-0.004690295018091805, 0.43438879977402345, 0.9007132572375776]], "fy": 3239.6091075524128, "fx": 3246.5764922475637}, {"id": 39, "img_name": "PXL_20210225_132538439", "width": 4008, "height": 3012, "position": [-0.9970391805342451, 3.4066573451644677, -0.4312059321419851], "rotation": [[0.9646537061358809, -0.18763122173345953, 0.18503446130145312], [0.25100135229779663, 0.8680725696836038, -0.42830869114177683], [-0.08025925730398321, 0.4596134662884824, 0.8844851119285722]], "fy": 3239.6091075524128, "fx": 3246.5764922475637}, {"id": 40, "img_name": "PXL_20210225_132542756", "width": 4008, "height": 3012, "position": [-1.8510218326030006, 2.865507218469212, -0.2843147760270344], "rotation": [[0.8294868710422795, -0.38980217348224994, 0.4000072453306347], [0.5274440125556634, 0.7822762600036857, -0.3314312397071632], [-0.18372355425385684, 0.48589928851888614, 0.8544867096855105]], "fy": 3239.6091075524128, "fx": 3246.5764922475637}, {"id": 41, "img_name": "PXL_20210225_132546897", "width": 4008, "height": 3012, "position": [-2.9018797173916875, 2.0345137890978298, -0.024203731416094075], "rotation": [[0.619819715665177, -0.5257704209388467, 0.5825710124427126], [0.734649018926587, 0.6497544022821585, -0.19521791850431763], [-0.27588827278980593, 0.548985137486201, 0.7889873127980667]], "fy": 3239.6091075524128, "fx": 3246.5764922475637}, {"id": 42, "img_name": "PXL_20210225_132550698", "width": 4008, "height": 3012, "position": [-3.3063675028318347, 1.2446901458107786, 0.2913467822486892], "rotation": [[0.3618980364438813, -0.6373259797065717, 0.6803274261773676], [0.8804923539547027, 0.47340641846523457, -0.024891315417744385], [-0.30620748822549954, 0.6080312151090417, 0.7324855053908254]], "fy": 3239.6091075524128, "fx": 3246.5764922475637}, {"id": 43, "img_name": "PXL_20210225_132555080", "width": 4008, "height": 3012, "position": [-3.7580783526323116, 0.32447651187347015, 0.5234250553774487], "rotation": [[0.13607294638639722, -0.6812684032384569, 0.7192756884607234], [0.9400496495945498, 0.31796043224069964, 0.12331998956564746], [-0.3127152211819703, 0.6593743445708444, 0.6836919365934343]], "fy": 3239.6091075524128, "fx": 3246.5764922475637}, {"id": 44, "img_name": "PXL_20210225_132604039", "width": 4008, "height": 3012, "position": [-3.1307323007290013, -2.1653350712363313, 1.1769510064983624], "rotation": [[-0.5029184741610985, -0.568797949873627, 0.6508009684742573], [0.8265188910547104, -0.09620196707959797, 0.5546275365141076], [-0.2528626723681536, 0.8168317291520786, 0.5185039972587107]], "fy": 3239.6091075524128, "fx": 3246.5764922475637}, {"id": 45, "img_name": "PXL_20210225_132608030", "width": 4008, "height": 3012, "position": [-2.3711178600939453, -3.12159718970275, 1.491128855093945], "rotation": [[-0.7106106052278804, -0.4710927924737471, 0.5225936744899928], [0.6732182930887844, -0.23940245658759868, 0.6996167476772167], [-0.20447419785461673, 0.8489747020136171, 0.48727021020435995]], "fy": 3239.6091075524128, "fx": 3246.5764922475637}, {"id": 46, "img_name": "PXL_20210225_132611342", "width": 4008, "height": 3012, "position": [-1.511469334091546, -3.8425724227481965, 1.7239858882332795], "rotation": [[-0.8745583949073085, -0.330129882896777, 0.355192728410524], [0.46320091186648876, -0.35196561380274294, 0.8133665360380348], [-0.1435009726211125, 0.875862127916842, 0.4607309450620569]], "fy": 3239.6091075524128, "fx": 3246.5764922475637}, {"id": 47, "img_name": "PXL_20210225_132615186", "width": 4008, "height": 3012, "position": [-0.23671508048778248, -4.1112783004744315, 1.776797955312358], "rotation": [[-0.9830270488641157, -0.11133456413126884, 0.14581644636736643], [0.1800773526703308, -0.4336178245957735, 0.8829200016128719], [-0.03507090327824454, 0.8941924832062328, 0.4463068840167256]], "fy": 3239.6091075524128, "fx": 3246.5764922475637}, {"id": 48, "img_name": "PXL_20210225_132618746", "width": 4008, "height": 3012, "position": [1.0183551053291149, -3.941833601246008, 1.7052307627442223], "rotation": [[-0.9920448887096021, 0.10917126070181367, -0.06267834252697735], [-0.10667241108909666, -0.4646534888978919, 0.8790438737443399], [0.06684261737537837, 0.8787370318199824, 0.47260268028293684]], "fy": 3239.6091075524128, "fx": 3246.5764922475637}, {"id": 49, "img_name": "PXL_20210225_132621641", "width": 4008, "height": 3012, "position": [2.0332221792966645, -3.493738647441725, 1.5670134158679305], "rotation": [[-0.9226544978968799, 0.28484662996792787, -0.2599443688687446], [-0.3636278162902174, -0.4182210916761375, 0.832385685663339], [0.12838803967139412, 0.8625274000709388, 0.48945172938319736]], "fy": 3239.6091075524128, "fx": 3246.5764922475637}, {"id": 50, "img_name": "PXL_20210225_132624365", "width": 4008, "height": 3012, "position": [2.8206480191502754, -2.837988789034657, 1.3865692614943286], "rotation": [[-0.805009225712832, 0.4456372964751128, -0.39162168799439523], [-0.5619798125206157, -0.3612843796700722, 0.7440781459804506], [0.19010217472854068, 0.8190732549636592, 0.5412764230656235]], "fy": 3239.6091075524128, "fx": 3246.5764922475637}, {"id": 51, "img_name": "PXL_20210225_132630559", "width": 4008, "height": 3012, "position": [3.6629294540049537, -1.1817668479694756, 0.8988135888247291], "rotation": [[-0.4034122950581419, 0.6952867468917785, -0.5948401968533817], [-0.8747835051605859, -0.10240510303699402, 0.47356838362684306], [0.2683511492333891, 0.7113997009196941, 0.6495368551795111]], "fy": 3239.6091075524128, "fx": 3246.5764922475637}, {"id": 52, "img_name": "PXL_20210225_132633381", "width": 4008, "height": 3012, "position": [3.59379445898827, -0.12316339027218313, 0.4996027252170571], "rotation": [[-0.07108527581961777, 0.7691856292222412, -0.6350593290076397], [-0.947910499842708, 0.14609690185950772, 0.28305720191332495], [0.31050373242458185, 0.6221006052601444, 0.7187337957028079]], "fy": 3239.6091075524128, "fx": 3246.5764922475637}, {"id": 53, "img_name": "PXL_20210225_132635887", "width": 4008, "height": 3012, "position": [3.3403837080772396, 0.8926480620398449, 0.15024219046055692], "rotation": [[0.22207876700461668, 0.742801875686628, -0.6316062022511625], [-0.9283104818851431, 0.3591918054579076, 0.09602549720809754], [0.2981956915649232, 0.5650014339524422, 0.7693196404380959]], "fy": 3239.6091075524128, "fx": 3246.5764922475637}, {"id": 54, "img_name": "PXL_20210225_132638670", "width": 4008, "height": 3012, "position": [2.7837359988254082, 1.9102975627742995, -0.1291371182248216], "rotation": [[0.5685474370788984, 0.6470869109996893, -0.5079688390087486], [-0.7904431101261082, 0.6007895584694177, -0.11938004895411539], [0.22793310739157852, 0.4693936898244395, 0.8530627541440413]], "fy": 3239.6091075524128, "fx": 3246.5764922475637}, {"id": 55, "img_name": "PXL_20210225_132641709", "width": 4008, "height": 3012, "position": [2.0811337013785596, 2.7557638615091564, -0.43597773390680206], "rotation": [[0.791246584661942, 0.48341092071496033, -0.37448995179353833], [-0.5889841987267815, 0.7671244267490036, -0.2542001721777226], [0.1643972503145456, 0.42170368224444876, 0.8917059764689758]], "fy": 3239.6091075524128, "fx": 3246.5764922475637}, {"id": 56, "img_name": "PXL_20210225_132645104", "width": 4008, "height": 3012, "position": [1.2195055351891257, 3.1010465318834894, -0.5757506103204293], "rotation": [[0.934106857132709, 0.2908672195453499, -0.2069798059029183], [-0.345072511009987, 0.8842440241630253, -0.31470218918406245], [0.09148410573927543, 0.3653885142227875, 0.92634868816831]], "fy": 3239.6091075524128, "fx": 3246.5764922475637}, {"id": 57, "img_name": "PXL_20210225_132648577", "width": 4008, "height": 3012, "position": [0.2816774892472694, 3.3356267469987464, -0.5792765092166896], "rotation": [[0.9993942203539036, 0.011194547278158334, -0.032952608917206194], [-0.02205257523063583, 0.9362010039315167, -0.35077252481247334], [0.02692352593755889, 0.35128672384372456, 0.9358807410147045]], "fy": 3239.6091075524128, "fx": 3246.5764922475637}, {"id": 58, "img_name": "PXL_20210225_132707090", "width": 4008, "height": 3012, "position": [-0.15544966751242095, 2.206422397194283, -1.6820351109346054], "rotation": [[0.9789692328589893, -0.18865608620847446, 0.07764098306939732], [0.200285893760462, 0.9611500025270503, -0.1899374460258533], [-0.03879177588168304, 0.20149330951362043, 0.9787214334759372]], "fy": 3239.6091075524128, "fx": 3246.5764922475637}, {"id": 59, "img_name": "PXL_20210225_132709589", "width": 4008, "height": 3012, "position": [-0.8790716206296887, 2.0174580795405053, -1.539935016516429], "rotation": [[0.9249036695788433, -0.3385494201371432, 0.17302454197134576], [0.3644382142056512, 0.9191132316259957, -0.14971858761227516], [-0.10834200490200349, 0.20153202617654284, 0.973471546784492]], "fy": 3239.6091075524128, "fx": 3246.5764922475637}, {"id": 60, "img_name": "PXL_20210225_132711780", "width": 4008, "height": 3012, "position": [-1.6711594084826642, 1.8664233436903104, -1.4632538816140244], "rotation": [[0.8103264281644017, -0.5237181765982852, 0.26285043526479085], [0.5650131381892068, 0.8172312694908015, -0.1135482533552911], [-0.15534231069450155, 0.24052509986905798, 0.958131746077267]], "fy": 3239.6091075524128, "fx": 3246.5764922475637}, {"id": 61, "img_name": "PXL_20210225_132714388", "width": 4008, "height": 3012, "position": [-2.1884516638893907, 1.32749161103715, -1.2509890170707334], "rotation": [[0.5986936955555612, -0.6898315413008413, 0.40706056493908926], [0.7686599974031385, 0.6377152539143585, -0.049810273208970295], [-0.22522803398829347, 0.3427122693331111, 0.9120420128230482]], "fy": 3239.6091075524128, "fx": 3246.5764922475637}, {"id": 62, "img_name": "PXL_20210225_132717135", "width": 4008, "height": 3012, "position": [-2.7636176885117147, 0.9042923493089746, -1.0768236053575477], "rotation": [[0.37568260144647153, -0.7836933466803395, 0.4946587928455138], [0.8923472922695106, 0.44997602791184044, 0.035183579749014544], [-0.2501577361379901, 0.42818957562468973, 0.8683748006343021]], "fy": 3239.6091075524128, "fx": 3246.5764922475637}, {"id": 63, "img_name": "PXL_20210225_132719700", "width": 4008, "height": 3012, "position": [-3.070386429314947, 0.37247238166243724, -0.9241127281650234], "rotation": [[0.199335536251477, -0.8072341099784442, 0.5555523698758245], [0.9444678859537489, 0.309400554773414, 0.11068743879935074], [-0.2612388875902523, 0.5026374323438441, 0.82408121882336]], "fy": 3239.6091075524128, "fx": 3246.5764922475637}, {"id": 64, "img_name": "PXL_20210225_132722029", "width": 4008, "height": 3012, "position": [-3.0598640704864235, -0.4179897857286713, -0.7476791914643514], "rotation": [[-0.01448959785330113, -0.8247425008595936, 0.5653227917127632], [0.9613897448446347, 0.14389703317159153, 0.23457067666693024], [-0.27480867901435924, 0.5468943692526707, 0.7908139723209916]], "fy": 3239.6091075524128, "fx": 3246.5764922475637}, {"id": 65, "img_name": "PXL_20210225_132726992", "width": 4008, "height": 3012, "position": [-2.6005722301622107, -1.818513153713274, -0.27073351758907027], "rotation": [[-0.5093407431153821, -0.7068422145177439, 0.4908625990827996], [0.8263514533588917, -0.24248974584071137, 0.5082735471119402], [-0.24024005272709353, 0.6645094483434817, 0.707609998606524]], "fy": 3239.6091075524128, "fx": 3246.5764922475637}, {"id": 66, "img_name": "PXL_20210225_132732045", "width": 4008, "height": 3012, "position": [-2.1436110538876427, -2.3968534272021498, -0.08525253383329569], "rotation": [[-0.6052200244554045, -0.649327942648104, 0.4605235552005783], [0.7650024824207786, -0.31439787430043203, 0.5620722182472783], [-0.22018157027382182, 0.6924790246150061, 0.6870173772038112]], "fy": 3239.6091075524128, "fx": 3246.5764922475637}, {"id": 67, "img_name": "PXL_20210225_132734956", "width": 4008, "height": 3012, "position": [-1.5936520516275403, -3.0519979176779386, 0.10177205392043692], "rotation": [[-0.8261615466289902, -0.44741063493721256, 0.3424628777205998], [0.547712799109434, -0.49515702016457414, 0.6744110134580005], [-0.1321657616907759, 0.7447437472895083, 0.6541322208161573]], "fy": 3239.6091075524128, "fx": 3246.5764922475637}, {"id": 68, "img_name": "PXL_20210225_132737654", "width": 4008, "height": 3012, "position": [-0.7369631785780186, -3.1040523076759308, 0.2662593789491337], "rotation": [[-0.9582124049247355, -0.21844612791195736, 0.1846896755333861], [0.28285761446211405, -0.6272446485209994, 0.7256415925528042], [-0.042667985529630144, 0.7475596565505931, 0.6628227537651392]], "fy": 3239.6091075524128, "fx": 3246.5764922475637}, {"id": 69, "img_name": "PXL_20210225_132740184", "width": 4008, "height": 3012, "position": [0.11715103059099424, -3.035967265989603, 0.23409211188699589], "rotation": [[-0.9971553511537118, -0.008886496293729394, 0.07484808514009667], [0.06044563146541654, -0.6875107902912136, 0.7236540878554462], [0.04502811679678235, 0.726119785859587, 0.6860922133947905]], "fy": 3239.6091075524128, "fx": 3246.5764922475637}, {"id": 70, "img_name": "PXL_20210225_132742775", "width": 4008, "height": 3012, "position": [1.0548421150945158, -2.766015798368098, 0.20827892799449332], "rotation": [[-0.9674572707227653, 0.23691053830827913, -0.08888096626466006], [-0.22841490518517876, -0.6665412597765358, 0.7096121335664677], [0.10887176132911605, 0.7068211554940828, 0.6989640861525761]], "fy": 3239.6091075524128, "fx": 3246.5764922475637}, {"id": 71, "img_name": "PXL_20210225_132745606", "width": 4008, "height": 3012, "position": [1.6861202664773398, -2.2606154012015303, -0.005707034052875818], "rotation": [[-0.863631738878922, 0.4638898687620943, -0.19734844630970685], [-0.4676712425998022, -0.5910900425209387, 0.6571880784659373], [0.18821218995093084, 0.6598626760868362, 0.727432072609803]], "fy": 3239.6091075524128, "fx": 3246.5764922475637}, {"id": 72, "img_name": "PXL_20210225_132751318", "width": 4008, "height": 3012, "position": [2.6104241397034205, -1.0633842092974435, -0.42872522022761717], "rotation": [[-0.32133599698923676, 0.8737676638598755, -0.36506608529386664], [-0.8918710661916679, -0.14967056551389218, 0.42680759495220894], [0.31829102772316786, 0.46274052276800576, 0.8273826383598597]], "fy": 3239.6091075524128, "fx": 3246.5764922475637}, {"id": 73, "img_name": "PXL_20210225_132754000", "width": 4008, "height": 3012, "position": [2.758809585688231, -0.3111482953524041, -0.731173237759478], "rotation": [[0.03736331943832913, 0.9054883461971237, -0.4227231212765002], [-0.9389809432703904, 0.17655748011446762, 0.2951986524201574], [0.34193386865824926, 0.38589935361027344, 0.8568330749612649]], "fy": 3239.6091075524128, "fx": 3246.5764922475637}, {"id": 74, "img_name": "PXL_20210225_132756682", "width": 4008, "height": 3012, "position": [2.55261726512636, 0.46487271199322483, -1.0170768311848075], "rotation": [[0.41969089519487085, 0.8213915623106992, -0.38623238322972997], [-0.8568719645530803, 0.49889721721396224, 0.12989227467062647], [0.29938267961502524, 0.2764370959566636, 0.9132100213672503]], "fy": 3239.6091075524128, "fx": 3246.5764922475637}, {"id": 75, "img_name": "PXL_20210225_132759430", "width": 4008, "height": 3012, "position": [2.1169705787356676, 1.477510279865111, -1.3642689581903769], "rotation": [[0.7459151459164074, 0.5982445964880923, -0.2927695302884241], [-0.6280373942847315, 0.7781175697254074, -0.010103418464586757], [0.22176479989518053, 0.19140650578657342, 0.9561296580851496]], "fy": 3239.6091075524128, "fx": 3246.5764922475637}, {"id": 76, "img_name": "PXL_20210225_132802193", "width": 4008, "height": 3012, "position": [1.386056321409558, 1.885349578220428, -1.4648048786086851], "rotation": [[0.9340064481184392, 0.30342529646034677, -0.1885869675802863], [-0.32250351738021155, 0.9432084604794359, -0.07968237796027519], [0.15369917420262522, 0.13524381519301792, 0.9788185093782544]], "fy": 3239.6091075524128, "fx": 3246.5764922475637}, {"id": 77, "img_name": "PXL_20210225_132805931", "width": 4008, "height": 3012, "position": [0.6189240536575306, 1.999010804657137, -1.5170718008265498], "rotation": [[0.9978959219975332, 0.04984703036372266, -0.04146085412303179], [-0.05449896021529047, 0.9912878879891578, -0.11990907580932793], [0.03512253117509325, 0.12191635119996445, 0.9919187522745709]], "fy": 3239.6091075524128, "fx": 3246.5764922475637}, {"id": 78, "img_name": "PXL_20210225_132817222", "width": 4008, "height": 3012, "position": [0.42168812456700583, 0.8104620575380745, -2.040668651861071], "rotation": [[0.9996566038723973, -0.0007084212525307979, -0.026194894037469326], [0.0011174216399258618, 0.9998776506798908, 0.015602404934526562], [0.0261806360347473, -0.015626317870543787, 0.9995350881718084]], "fy": 3239.6091075524128, "fx": 3246.5764922475637}, {"id": 79, "img_name": "PXL_20210225_132821934", "width": 4008, "height": 3012, "position": [-0.9216335002349115, 0.5395647418180441, -1.8202436330006684], "rotation": [[0.797171057954775, -0.586474231403437, 0.1434094845504037], [0.5818649295734982, 0.8096607598254133, 0.07669848584791318], [-0.161094717764713, 0.02230313652118205, 0.9866869118467239]], "fy": 3239.6091075524128, "fx": 3246.5764922475637}, {"id": 80, "img_name": "PXL_20210225_132824405", "width": 4008, "height": 3012, "position": [-1.6236046234802541, 0.15885782712586066, -1.6037146785776595], "rotation": [[0.552933103679173, -0.7854435646597635, 0.278106795296844], [0.7969575976780365, 0.5959388846773515, 0.09856689724632278], [-0.24315338854099805, 0.16713842306327495, 0.9554795535106716]], "fy": 3239.6091075524128, "fx": 3246.5764922475637}, {"id": 81, "img_name": "PXL_20210225_132826794", "width": 4008, "height": 3012, "position": [-2.1180005372819313, -0.3991366579788372, -1.4113657624601403], "rotation": [[0.2546957857846234, -0.9076268128187269, 0.333681922429239], [0.9263481320473782, 0.32801984898691433, 0.18515430570995273], [-0.27750530617609087, 0.261947604156101, 0.924323675841419]], "fy": 3239.6091075524128, "fx": 3246.5764922475637}, {"id": 82, "img_name": "PXL_20210225_132829741", "width": 4008, "height": 3012, "position": [-2.1850630562740845, -1.0522398674827016, -1.2029186239565859], "rotation": [[-0.052078326976916625, -0.9048386778780891, 0.42255746931644306], [0.9618106002621799, 0.06841053128928479, 0.2650289954552566], [-0.268715866823286, 0.4202225198921985, 0.8667207258932146]], "fy": 3239.6091075524128, "fx": 3246.5764922475637}, {"id": 83, "img_name": "PXL_20210225_132832096", "width": 4008, "height": 3012, "position": [-1.8519857325774773, -1.5319612911487381, -1.0492996509566186], "rotation": [[-0.4095402118550964, -0.8138132469162063, 0.4122921464415549], [0.8771526830456969, -0.2270394467501089, 0.4231503990842254], [-0.2507588193851164, 0.5349402665374017, 0.8068202561521842]], "fy": 3239.6091075524128, "fx": 3246.5764922475637}, {"id": 84, "img_name": "PXL_20210225_132834659", "width": 4008, "height": 3012, "position": [-1.3858965387691429, -2.0308409714957563, -0.8412157865687636], "rotation": [[-0.7076443072906473, -0.6162953688508219, 0.34557134240583226], [0.6863362314183858, -0.48335642045928656, 0.5434235440641055], [-0.1678752864526151, 0.6217287102376842, 0.7650302602280762]], "fy": 3239.6091075524128, "fx": 3246.5764922475637}, {"id": 85, "img_name": "PXL_20210225_132836855", "width": 4008, "height": 3012, "position": [-0.9494274724993347, -2.5858730537647676, -0.6852449438175131], "rotation": [[-0.8764425685338276, -0.3980487243174123, 0.27093474699843834], [0.47544188193108744, -0.6263834449781611, 0.6177368345526412], [-0.07618031876838695, 0.6702245839467335, 0.7382381499934659]], "fy": 3239.6091075524128, "fx": 3246.5764922475637}, {"id": 86, "img_name": "PXL_20210225_132841892", "width": 4008, "height": 3012, "position": [0.5574659688533922, -2.7383326797864287, -0.549661080093578], "rotation": [[-0.989755014580522, 0.14271418463416025, -0.004203881172972802], [-0.1061290016126658, -0.7156945245060715, 0.6903028194993313], [0.09550730929833816, 0.6836768308903223, 0.7235083584688963]], "fy": 3239.6091075524128, "fx": 3246.5764922475637}, {"id": 87, "img_name": "PXL_20210225_132844353", "width": 4008, "height": 3012, "position": [1.2299006999284154, -2.3169751306305866, -0.7030041460170148], "rotation": [[-0.8602724256096638, 0.4892997064463527, -0.14323809202575413], [-0.4575033052843345, -0.6168925032772758, 0.6404173366283934], [0.22499350966099962, 0.6164652761281928, 0.7545518431086208]], "fy": 3239.6091075524128, "fx": 3246.5764922475637}, {"id": 88, "img_name": "PXL_20210225_132846687", "width": 4008, "height": 3012, "position": [1.8752970122186352, -1.743880484613844, -0.805979051005693], "rotation": [[-0.6525270289780732, 0.7172821970543141, -0.24436596784737527], [-0.7000191483161252, -0.4471209614321467, 0.5568267574737759], [0.2901407734942043, 0.5344053663998225, 0.7938697852414188]], "fy": 3239.6091075524128, "fx": 3246.5764922475637}, {"id": 89, "img_name": "PXL_20210225_132848900", "width": 4008, "height": 3012, "position": [1.965722675650496, -1.1843232170551863, -0.9417656380039375], "rotation": [[-0.350921324692429, 0.8834064522830833, -0.31055959804959615], [-0.8658613955513189, -0.17983357499051883, 0.46684465189188074], [0.3565645349302599, 0.43272731063655484, 0.8280149799727188]], "fy": 3239.6091075524128, "fx": 3246.5764922475637}, {"id": 90, "img_name": "PXL_20210225_132851179", "width": 4008, "height": 3012, "position": [1.9805501350470436, -0.46482495565153453, -1.1619687054955132], "rotation": [[0.012250491257605875, 0.9397076869726956, -0.34175925519051154], [-0.9324672144229339, 0.13414568184406064, 0.3354248501064376], [0.36104683836073304, 0.3145701814969403, 0.8778899597459243]], "fy": 3239.6091075524128, "fx": 3246.5764922475637}, {"id": 91, "img_name": "PXL_20210225_132855242", "width": 4008, "height": 3012, "position": [2.04455313949509, 0.2335804284443715, -1.3364025676023408], "rotation": [[0.2898560457452218, 0.8909324352736128, -0.34960387372335266], [-0.919658622675798, 0.36041123790044644, 0.1559864011160001], [0.2649745091192694, 0.2763026155730304, 0.9238210725808891]], "fy": 3239.6091075524128, "fx": 3246.5764922475637}, {"id": 92, "img_name": "PXL_20210225_132857856", "width": 4008, "height": 3012, "position": [1.4591170746080375, 0.9326536823742307, -1.697243546774306], "rotation": [[0.7332704392346744, 0.6411301346563107, -0.22642131829880427], [-0.6496057233648715, 0.7589265219794706, 0.04519887617790644], [0.2008155051687733, 0.11394158447083547, 0.9729801890131607]], "fy": 3239.6091075524128, "fx": 3246.5764922475637}, {"id": 93, "img_name": "PXL_20210225_132903594", "width": 4008, "height": 3012, "position": [0.5853752623581131, 1.0686031313205915, -1.7286554329403065], "rotation": [[0.9941546393587477, 0.10381915704074905, -0.029633354059679973], [-0.10469185559817273, 0.9940642800240861, -0.029594299309271523], [0.026385003560534408, 0.03252368078098922, 0.9991226360039929]], "fy": 3239.6091075524128, "fx": 3246.5764922475637}, {"id": 94, "img_name": "PXL_20210225_132905067", "width": 4008, "height": 3012, "position": [-0.13841930287731696, 0.9844542128032533, -1.6362056125165028], "rotation": [[0.9867641824842006, -0.1430620926527888, 0.0763523792169714], [0.14432576692027108, 0.9894660597672011, -0.011268964976668832], [-0.07393592610607458, 0.02213942669932247, 0.9970172138013778]], "fy": 3239.6091075524128, "fx": 3246.5764922475637}, {"id": 95, "img_name": "PXL_20210225_132914965", "width": 4008, "height": 3012, "position": [0.26095937718731543, 0.1489480388350582, -1.3697007009459168], "rotation": [[0.9929200359204705, 0.10963809793254059, -0.04570874915621697], [-0.10263284835712892, 0.9855762514862612, 0.13455835516382128], [0.05980217977460273, -0.1289144677219168, 0.9898508773073754]], "fy": 3239.6091075524128, "fx": 3246.5764922475637}, {"id": 96, "img_name": "PXL_20210225_132918342", "width": 4008, "height": 3012, "position": [-0.5088418098812507, -0.13642388002784062, -0.9889168540471801], "rotation": [[0.6750168841675512, -0.728526954405156, 0.11662196531476503], [0.7116339790271061, 0.684