[{"id": 0, "img_name": "r_0", "width": 800, "height": 800, "position": [-0.0, 2.737260103225708, 2.9592916965484615], "rotation": [[-1.0000001192092896, -0.0, -0.0], [0.0, 0.7341100573539734, -0.67903071641922], [-0.0, -0.67903071641922, -0.7341099977493285]], "fy": 1250.0000504168488, "fx": 1250.0000504168488}, {"id": 1, "img_name": "r_1", "width": 800, "height": 800, "position": [-0.17187398672103885, 2.7318587303161617, 2.959291696548462], "rotation": [[-0.9980268478393555, -0.04609515145421029, 0.04263668879866601], [-0.06279052793979645, 0.732661485671997, -0.6776907444000244], [-3.7252902985820166e-09, -0.67903071641922, -0.7341099381446841]], "fy": 1250.0000504168488, "fx": 1250.0000504168488}, {"id": 2, "img_name": "r_2", "width": 800, "height": 800, "position": [-0.34313371777534485, 2.716182947158813, 2.9588191509246817], "rotation": [[-0.9921148419380189, -0.09199368953704834, 0.08512099832296371], [-0.1253332495689392, 0.7282050251960754, -0.6738020777702329], [-1.4060025741812454e-17, -0.6791574954986572, -0.7339926958084105]], "fy": 1250.0000504168488, "fx": 1250.0000504168488}, {"id": 3, "img_name": "r_3", "width": 800, "height": 800, "position": [-0.5132942199707031, 2.690782308578491, 2.957400560379028], "rotation": [[-0.9822872281074525, -0.13747063279151917, 0.1273326426744461], [-0.18738132715225223, 0.7206461429595947, -0.6675010323524475], [1.4901158493380542e-08, -0.679537534713745, -0.7336408495903014]], "fy": 1250.0000504168488, "fx": 1250.0000504168488}, {"id": 4, "img_name": "r_4", "width": 800, "height": 800, "position": [-0.6818711757659912, 2.655712842941284, 2.955036401748657], "rotation": [[-0.968583345413208, -0.182303249835968, 0.16915145516395572], [-0.2486899644136429, 0.7100241780281066, -0.6588013768196107], [7.450581527660814e-09, -0.6801701188087463, -0.7330544590950012]], "fy": 1250.0000504168488, "fx": 1250.0000504168488}, {"id": 5, "img_name": "r_5", "width": 800, "height": 800, "position": [-0.8483804464340209, 2.6110463142395015, 2.9517261981964116], "rotation": [[-0.951056718826294, -0.2262725532054901, 0.21045728027820587], [-0.3090170621871948, 0.696395218372345, -0.6477208733558654], [1.490116296818469e-08, -0.6810541152954102, -0.7322331666946412]], "fy": 1250.0000504168488, "fx": 1250.0000504168488}, {"id": 6, "img_name": "r_6", "width": 800, "height": 800, "position": [-1.0123374462127686, 2.556872606277466, 2.9474692344665527], "rotation": [[-0.9297767877578736, -0.2691642343997955, 0.2511300146579742], [-0.3681246638298035, 0.6798312664031984, -0.6342819929122925], [5.906109532968289e-18, -0.6821876764297484, -0.7311770915985106]], "fy": 1250.0000504168488, "fx": 1250.0000504168488}, {"id": 7, "img_name": "r_7", "width": 800, "height": 800, "position": [-1.1732574701309206, 2.4932990074157715, 2.942265510559082], "rotation": [[-0.904827356338501, -0.3107704222202301, 0.2910493612289429], [-0.42577943205833435, 0.660420775413513, -0.6185113787651063], [7.730258123865474e-18, -0.6835686564445497, -0.7298862338066101]], "fy": 1250.0000504168488, "fx": 1250.0000504168488}, {"id": 8, "img_name": "r_8", "width": 800, "height": 800, "position": [-1.3306550979614253, 2.4204523563385005, 2.9361143112182613], "rotation": [[-0.8763067722320554, -0.3508903086185454, 0.3300949037075042], [-0.48175376653671254, 0.6382669806480405, -0.6004403233528136], [1.4901162922561086e-08, -0.6851943135261536, -0.7283602952957156]], "fy": 1250.0000504168488, "fx": 1250.0000504168488}, {"id": 9, "img_name": "r_9", "width": 800, "height": 800, "position": [-1.484044075012207, 2.338479042053223, 2.929014921188354], "rotation": [[-0.8443281650543212, -0.38933131098747253, 0.36814603209495544], [-0.5358269810676575, 0.6134878993034363, -0.5801052451133728], [1.3485320927022128e-16, -0.6870615482330323, -0.7265991568565366]], "fy": 1250.0000504168488, "fx": 1250.0000504168488}, {"id": 10, "img_name": "r_10", "width": 800, "height": 800, "position": [-1.6329382658004763, 2.2475464344024663, 2.9209671020507817], "rotation": [[-0.8090170621871948, -0.42591089010238636, 0.4050821959972381], [-0.5877854228019714, 0.5862159132957457, -0.5575476884841919], [1.4901163054245834e-08, -0.6891667246818544, -0.7246028184890748]], "fy": 1250.0000504168488, "fx": 1250.0000504168488}, {"id": 11, "img_name": "r_11", "width": 800, "height": 800, "position": [-1.776850819587707, 2.1478433609008785, 2.9119701385498047], "rotation": [[-0.7705134749412537, -0.4604564905166626, 0.4407824873924254], [-0.6374242305755616, 0.5565962195396423, -0.5328144431114196], [1.4901166589367012e-08, -0.6915058493614196, -0.7223709225654602]], "fy": 1250.0000504168488, "fx": 1250.0000504168488}, {"id": 12, "img_name": "r_12", "width": 800, "height": 800, "position": [-1.9152961969375608, 2.0395827293395996, 2.9020237922668457], "rotation": [[-0.7289685606956481, -0.492807924747467, 0.4751265048980711], [-0.6845472455024719, 0.5247870087623597, -0.5059581995010376], [-1.4901162922661575e-08, -0.6940741539001465, -0.7199034690856935]], "fy": 1250.0000504168488, "fx": 1250.0000504168488}, {"id": 13, "img_name": "r_13", "width": 800, "height": 800, "position": [-2.0477898120880123, 1.9230021238327022, 2.891127824783325], "rotation": [[-0.6845472455024719, -0.522816777229309, 0.5079940557479857], [-0.7289689183235168, 0.4909575283527374, -0.47703808546066284], [-1.5794695301728408e-17, -0.6968668103218079, -0.7172004580497741]], "fy": 1250.0000504168488, "fx": 1250.0000504168488}, {"id": 14, "img_name": "r_14", "width": 800, "height": 800, "position": [-2.1738493442535396, 1.7983639240264893, 2.8792822360992427], "rotation": [[-0.6374241113662721, -0.5503484010696411, 0.5392656326293945], [-0.7705135941505433, 0.45528763532638555, -0.44611918926239014], [-2.959402185368983e-17, -0.6998783946037292, -0.7142620086669921]], "fy": 1250.0000504168488, "fx": 1250.0000504168488}, {"id": 15, "img_name": "r_15", "width": 800, "height": 800, "position": [-2.2929964065551762, 1.6659585237503054, 2.8664875030517587], "rotation": [[-0.5877851247787474, -0.5752824544906617, 0.5688224434852599], [-0.8090173006057739, 0.41796696186065674, -0.41327351331710815], [-3.414629707218311e-17, -0.7031030654907228, -0.7110880613327026]], "fy": 1250.0000504168488, "fx": 1250.0000504168488}, {"id": 16, "img_name": "r_16", "width": 800, "height": 800, "position": [-2.404757022857665, 1.5261046886444092, 2.852743864059448], "rotation": [[-0.5358267426490785, -0.5975127816200257, 0.5965467691421509], [-0.8443281650543214, 0.37919306755065924, -0.3785799741744995], [-2.980232949009497e-08, -0.7065343856811523, -0.7076786160469055]], "fy": 1250.0000504168488, "fx": 1250.0000504168488}, {"id": 17, "img_name": "r_17", "width": 800, "height": 800, "position": [-2.5086653232574467, 1.3791497945785522, 2.838052749633788], "rotation": [[-0.4817535877227783, -0.6169499754905698, 0.622323274612427], [-0.8763070106506348, 0.3391709327697754, -0.3421249389648438], [1.4901164744505037e-08, -0.710166037082672, -0.7040342092514039]], "fy": 1250.0000504168488, "fx": 1250.0000504168488}, {"id": 18, "img_name": "r_18", "width": 800, "height": 800, "position": [-2.604263305664062, 1.2254726886749265, 2.8224155902862544], "rotation": [[-0.4257791042327881, -0.6335194110870361, 0.6460382342338562], [-0.9048272371292114, 0.2981114089488983, -0.3040023446083069], [1.4901161182790278e-08, -0.7139907479286194, -0.7001551389694215]], "fy": 1250.0000504168488, "fx": 1250.0000504168488}, {"id": 19, "img_name": "r_19", "width": 800, "height": 800, "position": [-2.6911044120788574, 1.0654827356338503, 2.8058338165283203], "rotation": [[-0.3681243360042572, -0.6471633315086364, 0.6675808429718016], [-0.9297767877578736, 0.2562298774719239, -0.2643137276172638], [-3.705819311359513e-17, -0.7180014252662659, -0.6960417032241822]], "fy": 1250.0000504168488, "fx": 1250.0000504168488}, {"id": 20, "img_name": "r_20", "width": 800, "height": 800, "position": [-2.768754482269287, 0.8996220827102662, 2.788311004638671], "rotation": [[-0.30901679396629333, -0.6578409075737, 0.6868434548377992], [-0.9510567784309386, 0.21374528110027313, -0.2231687754392624], [-0.0, -0.7221899032592773, -0.6916947960853574]], "fy": 1250.0000504168488, "fx": 1250.0000504168488}, {"id": 21, "img_name": "r_21", "width": 800, "height": 800, "position": [-2.836796998977661, 0.7283647656440733, 2.7698497772216797], "rotation": [[-0.24868965148925778, -0.6655283570289613, 0.7037227153778075], [-0.9685833454132078, 0.1708784252405166, -0.18068505823612208], [-0.0, -0.7265486121177673, -0.6871151328086852]], "fy": 1250.0000504168488, "fx": 1250.0000504168488}, {"id": 22, "img_name": "r_22", "width": 800, "height": 800, "position": [-2.8948326110839853, 0.5522178411483764, 2.7504544258117676], "rotation": [[-0.1873810142278671, -0.6702184677124023, 0.7181195616722107], [-0.9822874069213866, 0.1278507709503174, -0.1369883865118027], [7.450581485884256e-09, -0.731068730354309, -0.6823037862777709]], "fy": 1250.0000504168488, "fx": 1250.0000504168488}, {"id": 23, "img_name": "r_23", "width": 800, "height": 800, "position": [-2.9424843788146973, 0.3717211782932282, 2.730129718780517], "rotation": [[-0.12533293664455417, -0.67192143201828, 0.7299405336380006], [-0.9921150803565979, 0.08488318324089049, -0.09221267700195311], [-3.725291625079969e-09, -0.7357420921325682, -0.6772618293762207]], "fy": 1250.0000504168488, "fx": 1250.0000504168488}, {"id": 24, "img_name": "r_24", "width": 800, "height": 800, "position": [-2.9793996810913086, 0.18744681775569916, 2.7088818550109868], "rotation": [[-0.06279016286134721, -0.6706649065017699, 0.7390980720520021], [-0.9980269670486452, 0.04219441115856171, -0.046499833464622504], [-1.862645590135004e-09, -0.7405593991279601, -0.6719908714294434]], "fy": 1250.0000504168488, "fx": 1250.0000504168488}, {"id": 25, "img_name": "r_25", "width": 800, "height": 800, "position": [-3.0052540302276616, -1.206126285069331e-06, 2.6867170333862305], "rotation": [[4.0133926404450893e-07, -0.666492462158203, 0.7455117702484133], [-1.0000001192092893, -2.674895540621946e-07, 2.9920309430053743e-07], [-0.0, -0.7455117702484132, -0.6664924621582031]], "fy": 1250.0000504168488, "fx": 1250.0000504168488}, {"id": 26, "img_name": "r_26", "width": 800, "height": 800, "position": [-3.0197529792785653, -0.18998804688453672, 2.6636435985565186], "rotation": [[0.06279096007347108, -0.6594647169113158, 0.7491084337234498], [-0.9980269074440004, -0.04149028658866882, 0.04713023081421853], [-0.0, -0.7505896687507629, -0.6607685685157776]], "fy": 1250.0000504168488, "fx": 1250.0000504168488}, {"id": 27, "img_name": "r_27", "width": 800, "height": 800, "position": [-3.022636651992797, -0.38184922933578497, 2.639669895172119], "rotation": [[0.12533371150493622, -0.6496581435203551, 0.7498238682746887], [-0.992114782333374, -0.08207121491432189, 0.0947251319885254], [-0.0, -0.7557836771011353, -0.6548215150833129]], "fy": 1250.0000504168488, "fx": 1250.0000504168488}, {"id": 28, "img_name": "r_28", "width": 800, "height": 800, "position": [-3.0136830806732178, -0.5748922824859617, 2.614806652069092], "rotation": [[0.18738178908824912, -0.6371641159057618, 0.7476027607917785], [-0.982287287712097, -0.12154585868120191, 0.14261321723461146], [-1.0375071489031145e-17, -0.7610835433006287, -0.6486536860466003]], "fy": 1250.0000504168488, "fx": 1250.0000504168488}, {"id": 29, "img_name": "r_29", "width": 800, "height": 800, "position": [-2.9927091598510733, -0.7683987617492676, 2.589064359664917], "rotation": [[0.2486904263496399, -0.6220898032188416, 0.7423997521400449], [-0.9685832262039185, -0.1597258448600769, 0.19061626493930817], [-7.45058237384259e-09, -0.7664802670478822, -0.6422678232192993]], "fy": 1250.0000504168488, "fx": 1250.0000504168488}, {"id": 30, "img_name": "r_30", "width": 800, "height": 800, "position": [-2.95957636833191, -0.9616263508796692, 2.562456369400025], "rotation": [[0.30901753902435297, -0.604555308818817, 0.7341805696487429], [-0.951056480407715, -0.1964322924613953, 0.23855017125606537], [-0.0, -0.7719632387161255, -0.6356672644615174]], "fy": 1250.0000504168488, "fx": 1250.0000504168488}, {"id": 31, "img_name": "r_31", "width": 800, "height": 800, "position": [-2.914191722869874, -1.153812050819397, 2.5349960327148433], "rotation": [[0.3681251108646393, -0.5846945643424987, 0.7229220271110536], [-0.9297764301300049, -0.23149736225605008, 0.2862255573272705], [1.4901162971680947e-08, -0.7775224447250366, -0.6288551688194274]], "fy": 1250.0000504168488, "fx": 1250.0000504168488}, {"id": 32, "img_name": "r_32", "width": 800, "height": 800, "position": [-2.8565111160278325, -1.3441742658615112, 2.506698846817017], "rotation": [[0.4257799685001374, -0.5626533627510071, 0.7086131572723386], [-0.904827117919922, -0.2647649943828583, 0.333448588848114], [-1.4901166521673268e-08, -0.7831478118896484, -0.6218354701995851]], "fy": 1250.0000504168488, "fx": 1250.0000504168488}, {"id": 33, "img_name": "r_33", "width": 800, "height": 800, "position": [-2.7865428924560547, -1.5319170951843262, 2.4775812625885005], "rotation": [[0.4817542433738709, -0.5385888814926146, 0.6912562847137453], [-0.8763065934181214, -0.2960921227931977, 0.3800218999385833], [-1.4901162972034282e-08, -0.7888295650482178, -0.614612340927124]], "fy": 1250.0000504168488, "fx": 1250.0000504168488}, {"id": 34, "img_name": "r_34", "width": 800, "height": 800, "position": [-2.704347133636474, -1.7162333726882935, 2.4476618766784664], "rotation": [[0.5358275175094603, -0.5126675367355348, 0.6708659529685973], [-0.8443278670310974, -0.3253491520881653, 0.4257450997829437], [-1.4901166549535957e-08, -0.7945566177368165, -0.6071901917457581]], "fy": 1250.0000504168488, "fx": 1250.0000504168488}, {"id": 35, "img_name": "r_35", "width": 800, "height": 800, "position": [-2.6100413799285884, -1.8963086605072021, 2.416960239410401], "rotation": [[0.5877859592437745, -0.48506537079811096, 0.6474714875221252], [-0.8090168833732605, -0.35242113471031195, 0.4704162478446961], [1.490116648275113e-08, -0.8003192543983461, -0.5995739698410034]], "fy": 1250.0000504168488, "fx": 1250.0000504168488}, {"id": 36, "img_name": "r_36", "width": 800, "height": 800, "position": [-2.5037992000579847, -2.0713260173797607, 2.3854973316192627], "rotation": [[0.6374248266220093, -0.4559655785560609, 0.621116042137146], [-0.7705129981040956, -0.3772081434726716, 0.513832688331604], [2.349734562824394e-17, -0.8061074614524841, -0.5917689800262451]], "fy": 1250.0000504168488, "fx": 1250.0000504168488}, {"id": 37, "img_name": "r_37", "width": 800, "height": 800, "position": [-2.3858535289764404, -2.2404687404632573, 2.3532960414886475], "rotation": [[0.6845476627349852, -0.42555782198905934, 0.5918574333190918], [-0.7289682626724244, -0.39962589740753185, 0.5557918548583985], [-1.490116472559021e-08, -0.8119113445281982, -0.5837808847427368]], "fy": 1250.0000504168488, "fx": 1250.0000504168488}, {"id": 38, "img_name": "r_38", "width": 800, "height": 800, "position": [-2.2564957141876216, -2.4029273986816406, 2.320380687713623], "rotation": [[0.728969156742096, -0.3940357267856598, 0.5597676634788513], [-0.6845465302467346, -0.4196060895919799, 0.596092939376831], [1.490116299250449e-08, -0.8177204728126526, -0.5756155848503113]], "fy": 1250.0000504168488, "fx": 1250.0000504168488}, {"id": 39, "img_name": "r_39", "width": 800, "height": 800, "position": [-2.116077899932861, -2.557902812957763, 2.2867767810821533], "rotation": [[0.7705138325691223, -0.3615972697734833, 0.5249343514442443], [-0.6374234557151793, -0.43709674477577215, 0.6345376372337344], [2.842334701752931e-17, -0.8235254287719727, -0.567279577255249]], "fy": 1250.0000504168488, "fx": 1250.0000504168488}, {"id": 40, "img_name": "r_40", "width": 800, "height": 800, "position": [-1.9650115966796875, -2.704610824584961, 2.252511978149414], "rotation": [[0.809017539024353, -0.3284420073032379, 0.4874593615531922], [-0.5877847075462342, -0.4520623981952668, 0.6709313392639162], [6.526670826362621e-18, -0.8293164372444153, -0.5587794184684753]], "fy": 1250.0000504168488, "fx": 1250.0000504168488}, {"id": 41, "img_name": "r_41", "width": 800, "height": 800, "position": [-1.8037680387496948, -2.8422887325286856, 2.2176146507263184], "rotation": [[0.8443284630775453, -0.2947700917720795, 0.4474597871303559], [-0.5358262062072755, -0.46448415517807023, 0.7050850391387941], [3.3032126415261136e-17, -0.835084080696106, -0.5501224994659424]], "fy": 1250.0000504168488, "fx": 1250.0000504168488}, {"id": 42, "img_name": "r_42", "width": 800, "height": 800, "position": [-1.6328773498535152, -2.9701988697052, 2.182116031646729], "rotation": [[0.8763074278831481, -0.2607807517051697, 0.4050669968128204], [-0.4817531108856201, -0.4743593931198121, 0.7368156313896179], [3.882210824636009e-18, -0.840819001197815, -0.541316330432892]], "fy": 1250.0000504168488, "fx": 1250.0000504168488}, {"id": 43, "img_name": "r_43", "width": 800, "height": 800, "position": [-1.4529269933700562, -3.0876340866088863, 2.1460473537445064], "rotation": [[0.9048277735710143, -0.22667115926742554, 0.3604268431663514], [-0.4257785975933075, -0.4817018806934356, 0.7659478783607483], [1.4901166495175543e-08, -0.8465123772621155, -0.5323688983917235]], "fy": 1250.0000504168488, "fx": 1250.0000504168488}, {"id": 44, "img_name": "r_44", "width": 800, "height": 800, "position": [-1.2645601034164429, -3.193922519683838, 2.1094422340393066], "rotation": [[0.9297771453857423, -0.19263479113578802, 0.3136987686157227], [-0.36812382936477656, -0.48654127120971674, 0.7923147678375244], [1.490116654147187e-08, -0.8521557450294495, -0.5232882499694824]], "fy": 1250.0000504168488, "fx": 1250.0000504168488}, {"id": 45, "img_name": "r_45", "width": 800, "height": 800, "position": [-1.0684733390808108, -3.2884328365325937, 2.072335720062256], "rotation": [[0.9510569572448733, -0.1588600128889084, 0.26505562663078314], [-0.3090161681175232, -0.48892238736152643, 0.8157598972320557], [9.300074294189203e-18, -0.8577404618263244, -0.5140832662582397]], "fy": 1250.0000504168488, "fx": 1250.0000504168488}, {"id": 46, "img_name": "r_46", "width": 800, "height": 800, "position": [-0.8654139637947084, -3.3705780506134033, 2.0347635746002197], "rotation": [[0.9685835242271422, -0.125528946518898, 0.21468280255794525], [-0.24868899583816526, -0.48890489339828497, 0.836137592792511], [-3.3438707154467757e-19, -0.8632583618164064, -0.5047627687454224]], "fy": 1250.0000504168488, "fx": 1250.0000504168488}, {"id": 47, "img_name": "r_47", "width": 800, "height": 800, "position": [-0.6561774611473085, -3.439820766448974, 1.996763467788696], "rotation": [[0.9822875261306762, -0.09281624108552934, 0.16277760267257696], [-0.18738037347793582, -0.48656231164932257, 0.8533146381378174], [-3.0197990472195163e-18, -0.8687012791633606, -0.49533611536025995]], "fy": 1250.0000504168488, "fx": 1250.0000504168488}, {"id": 48, "img_name": "r_48", "width": 800, "height": 800, "position": [-0.4416031539440155, -3.4956769943237305, 1.9583741426467896], "rotation": [[0.9921149611473081, -0.06088800728321075, 0.10954827070236206], [-0.1253322511911392, -0.4819820821285248, 0.8671708703041077], [-1.259758771396053e-17, -0.8740628957748414, -0.4858128726482391]], "fy": 1250.0000504168488, "fx": 1250.0000504168488}, {"id": 49, "img_name": "r_49", "width": 800, "height": 800, "position": [-0.2225708365440369, -3.5377197265624996, 1.9196357727050783], "rotation": [[0.9980269670486449, -0.029900548979640007, 0.05521303415298462], [-0.06278951466083527, -0.47526335716247564, 0.8776003718376159], [-2.3446442098267883e-18, -0.8793353438377381, -0.4762030839920044]], "fy": 1250.0000504168488, "fx": 1250.0000504168488}, {"id": 50, "img_name": "r_50", "width": 800, "height": 800, "position": [3.712118086696137e-06, -3.5655829906463627, 1.8805897235870361], "rotation": [[1.0000001192092896, 4.856893838223186e-07, -9.208631581714144e-07], [1.0410972208774185e-06, -0.4665168523788452, 0.8845122456550597], [2.842171618147784e-14, -0.8845122456550597, -0.4665168821811676]], "fy": 1250.0000504168488, "fx": 1250.0000504168488}, {"id": 51, "img_name": "r_51", "width": 800, "height": 800, "position": [0.22517324984073642, -3.5789654254913326, 1.8412775993347164], "rotation": [[0.9980267882347109, 0.028680980205535892, -0.05585861578583718], [0.06279159337282181, -0.45586338639259333, 0.8878321647644043], [9.216637155063272e-18, -0.8895875215530396, -0.45676481723785384]], "fy": 1250.0000504168488, "fx": 1250.0000504168488}, {"id": 52, "img_name": "r_52", "width": 800, "height": 800, "position": [0.4519639909267425, -3.577631950378418, 1.8017430305480957], "rotation": [[0.9921147227287294, 0.05601911619305609, -0.11211848258972165], [0.12533433735370633, -0.4434330761432648, 0.8875013589859009], [-3.725290734046426e-09, -0.8945553898811339, -0.4469574987888335]], "fy": 1250.0000504168488, "fx": 1250.0000504168488}, {"id": 53, "img_name": "r_53", "width": 800, "height": 800, "position": [0.6793807744979858, -3.5614171028137207, 1.7620300054550175], "rotation": [[0.9822871685028076, 0.08190594613552094, -0.16853363811969757], [0.1873824298381806, -0.42936342954635626, 0.8834789395332335], [-9.310322446231008e-18, -0.8994099497795105, -0.4371058940887452]], "fy": 1250.0000504168488, "fx": 1250.0000504168488}, {"id": 54, "img_name": "r_54", "width": 800, "height": 800, "position": [0.9064124822616578, -3.5302267074584965, 1.722183465957642], "rotation": [[0.9685829877853396, 0.1062460467219353, -0.22485326230525973], [0.24869102239608776, -0.41379901766777044, 0.8757414221763611], [7.45058148810416e-09, -0.9041470289230348, -0.42722111940383917]], "fy": 1250.0000504168488, "fx": 1250.0000504168488}, {"id": 55, "img_name": "r_55", "width": 800, "height": 800, "position": [1.1320374011993406, -3.4840393066406246, 1.6822491884231565], "rotation": [[0.9510564804077148, 0.1289577931165695, -0.28082394599914545], [0.3090181648731231, -0.396889716386795, 0.8642838597297666], [-8.029239252751686e-18, -0.9087621569633483, -0.41731470823287964]], "fy": 1250.0000504168488, "fx": 1250.0000504168488}, {"id": 56, "img_name": "r_56", "width": 800, "height": 800, "position": [1.3552293777465818, -3.4229068756103516, 1.642273187637329], "rotation": [[0.9297761917114259, 0.14997358620166776, -0.33619105815887446], [0.368125706911087, -0.37878870964050293, 0.8491187691688538], [3.9501325120353596e-17, -0.9132506251335144, -0.4073978960514068]], "fy": 1250.0000504168488, "fx": 1250.0000504168488}, {"id": 57, "img_name": "r_57", "width": 800, "height": 800, "position": [1.5749630928039549, -3.346956491470337, 1.6023026704788206], "rotation": [[0.9048267006874084, 0.16924019157886505, -0.39070031046867365], [0.42578047513961786, -0.359652578830719, 0.8302778005599976], [2.257903038407247e-17, -0.9176098108291626, -0.3974824249744415]], "fy": 1250.0000504168488, "fx": 1250.0000504168488}, {"id": 58, "img_name": "r_58", "width": 800, "height": 800, "position": [1.7902200222015383, -3.2563886642456055, 1.562384605407715], "rotation": [[0.8763064146041872, 0.1867184787988663, -0.4440989792346955], [0.481754869222641, -0.3396386802196502, 0.8078107237815857], [3.087622576035237e-18, -0.9218362569808959, -0.3875799775123596]], "fy": 1250.0000504168488, "fx": 1250.0000504168488}, {"id": 59, "img_name": "r_59", "width": 800, "height": 800, "position": [1.9999942779541013, -3.1514778137207036, 1.5225665569305422], "rotation": [[0.8443273901939392, 0.20238348841667175, -0.4961376190185547], [0.5358279943466185, -0.3189044296741487, 0.7817856073379517], [3.287492983065663e-17, -0.9259272217750552, -0.3777023851871491]], "fy": 1250.0000504168488, "fx": 1250.0000504168488}, {"id": 60, "img_name": "r_60", "width": 800, "height": 800, "position": [2.2032985687255855, -3.0325720310211173, 1.4828966856002805], "rotation": [[0.8090164065361023, 0.21622391045093534, -0.5465710163116454], [0.5877863764762878, -0.29760587215423584, 0.7522884607315063], [4.342095810969138e-17, -0.929880678653717, -0.3678613603115081]], "fy": 1250.0000504168488, "fx": 1250.0000504168488}, {"id": 61, "img_name": "r_61", "width": 800, "height": 800, "position": [2.399169206619263, -2.9000895023345943, 1.4434226751327517], "rotation": [[0.7705126404762269, 0.22824215888977056, -0.5951606035232545], [0.6374252438545227, -0.27589663863182073, 0.7194236516952516], [2.056971598665649e-17, -0.9336949586868287, -0.35806909203529363]], "fy": 1250.0000504168488, "fx": 1250.0000504168488}, {"id": 62, "img_name": "r_62", "width": 800, "height": 800, "position": [2.5866718292236333, -2.754518270492554, 1.4041924476623535], "rotation": [[0.7289678454399109, 0.23845365643501285, -0.6416744589805602], [0.6845481991767883, -0.2539266645908355, 0.6833119988441464], [1.7913931920710035e-17, -0.9373692870140077, -0.3483373522758484]], "fy": 1250.0000504168488, "fx": 1250.0000504168488}, {"id": 63, "img_name": "r_63", "width": 800, "height": 800, "position": [2.7649075984954816, -2.5964140892028817, 1.365254282951355], "rotation": [[0.6845462322235106, 0.24688588082790372, -0.6858891248703], [0.7289696335792542, -0.23184067010879517, 0.6440910696983339], [-1.4901162974742776e-08, -0.9409023523330688, -0.3386779129505158]], "fy": 1250.0000504168488, "fx": 1250.0000504168488}, {"id": 64, "img_name": "r_64", "width": 800, "height": 800, "position": [2.933016300201416, -2.426396369934082, 1.326655626296997], "rotation": [[0.6374230980873107, 0.2535783350467681, -0.7275918126106263], [0.7705141305923462, -0.20977774262428286, 0.6019148230552673], [-1.4901162976293124e-08, -0.9442942738533019, -0.3291027545928955]], "fy": 1250.0000504168488, "fx": 1250.0000504168488}, {"id": 65, "img_name": "r_65", "width": 800, "height": 800, "position": [3.090183973312377, -2.2451446056365967, 1.2884440422058103], "rotation": [[0.5877842903137207, 0.25858122110366816, -0.7665804028511047], [0.8090175986289978, -0.18786980211734772, 0.5569518804550171], [-0.0, -0.9475447535514832, -0.3196236491203308]], "fy": 1250.0000504168488, "fx": 1250.0000504168488}, {"id": 66, "img_name": "r_66", "width": 800, "height": 800, "position": [3.235644340515137, -2.053396701812744, 1.250666618347168], "rotation": [[0.5358258485794067, 0.2619548738002777, -0.802664577960968], [0.844328761100769, -0.16624115407466888, 0.5093850493431091], [-2.2278426091062993e-17, -0.9506544470787048, -0.3102521896362304]], "fy": 1250.0000504168488, "fx": 1250.0000504168488}, {"id": 67, "img_name": "r_67", "width": 800, "height": 800, "position": [3.368684291839599, -1.8519444465637205, 1.2133702039718628], "rotation": [[0.48175272345542913, 0.26376855373382574, -0.8356678485870361], [0.8763076066970826, -0.14500755071640015, 0.459410935640335], [1.4901166515893538e-08, -0.9536240100860595, -0.30100011825561523]], "fy": 1250.0000504168488, "fx": 1250.0000504168488}, {"id": 68, "img_name": "r_68", "width": 800, "height": 800, "position": [3.4886484146118164, -1.6416280269622803, 1.1766008138656616], "rotation": [[0.4257782697677612, 0.2640999853610992, -0.8654271364212037], [0.9048277139663696, -0.12427561730146408, 0.4072377979755401], [7.450582364712924e-09, -0.9564554095268248, -0.29187873005867]], "fy": 1250.0000504168488, "fx": 1250.0000504168488}, {"id": 69, "img_name": "r_69", "width": 800, "height": 800, "position": [3.594941377639771, -1.423332571983337, 1.1404037475585935], "rotation": [[0.3681234121322631, 0.26303333044052124, -0.8917953968048097], [0.929777145385742, -0.10414186865091321, 0.3530854284763335], [-2.4752297074887028e-17, -0.9591497182846068, -0.2828994095325469]], "fy": 1250.0000504168488, "fx": 1250.0000504168488}, {"id": 70, "img_name": "r_70", "width": 800, "height": 800, "position": [3.687031030654907, -1.1979837417602541, 1.1048241853713991], "rotation": [[0.30901578068733226, 0.2606591880321503, -0.914639949798584], [0.9510570764541628, -0.08469293266534807, 0.29718321561813354], [-0.0, -0.9617090225219728, -0.2740731835365296]], "fy": 1250.0000504168488, "fx": 1250.0000504168488}, {"id": 71, "img_name": "r_71", "width": 800, "height": 800, "position": [3.7644519805908208, -0.9665415883064272, 1.0699057579040527], "rotation": [[0.24868862330913546, 0.25707271695137024, -0.9338456988334656], [0.9685836434364319, -0.0660046935081482, 0.23976948857307434], [-3.725290723714825e-09, -0.9641355276107788, -0.265410989522934]], "fy": 1250.0000504168488, "fx": 1250.0000504168488}, {"id": 72, "img_name": "r_72", "width": 800, "height": 800, "position": [3.8268063068389893, -0.7299969792366027, 1.035691976547241], "rotation": [[0.18738001585006717, 0.2523728311061859, -0.9493139386177064], [0.9822876453399659, -0.04814234375953673, 0.18108998239040372], [-3.725290747419885e-09, -0.9664318561553953, -0.25692358613014216]], "fy": 1250.0000504168488, "fx": 1250.0000504168488}, {"id": 73, "img_name": "r_73", "width": 800, "height": 800, "position": [3.8737666606903085, -0.4893650412559509, 1.0022244453430176], "rotation": [[0.12533187866210938, 0.2466608583927154, -0.9609633684158325], [0.9921150803565979, -0.03116016276180745, 0.121396541595459], [-6.668022743369411e-18, -0.9686006903648376, -0.2486213147640228]], "fy": 1250.0000504168488, "fx": 1250.0000504168488}, {"id": 74, "img_name": "r_74", "width": 800, "height": 800, "position": [3.9050767421722408, -0.245681032538414, 0.9695447683334352], "rotation": [[0.06278911232948303, 0.24003984034061435, -0.9687303900718688], [0.998026967048645, -0.015101685188710691, 0.06094596907496452], [-9.313227957431707e-10, -0.9706454277038574, -0.24051448702812195]], "fy": 1250.0000504168488, "fx": 1250.0000504168488}, {"id": 75, "img_name": "r_75", "width": 800, "height": 800, "position": [3.9205524921417236, 5.65514710615389e-06, 0.9376928806304932], "rotation": [[-1.4424365417653462e-06, 0.23261293768882754, -0.9725694656372068], [1.0000001192092896, 3.3552933587088773e-07, -1.4028694295120658e-06], [-2.842171618776263e-14, -0.9725691676139832, -0.2326129972934723]], "fy": 1250.0000504168488, "fx": 1250.0000504168488}, {"id": 76, "img_name": "r_76", "width": 800, "height": 800, "position": [3.9200830459594735, 0.24663649499416354, 0.906707763671875], "rotation": [[-0.06279199570417404, 0.2244827002286911, -0.9724528193473816], [0.9980268478393554, 0.014123586006462572, -0.06118297949433326], [9.31322795706068e-10, -0.9743758440017698, -0.22492650151252747]], "fy": 1250.0000504168488, "fx": 1250.0000504168488}, {"id": 77, "img_name": "r_77", "width": 800, "height": 800, "position": [3.9036302566528316, 0.4931491017341613, 0.8766271471977236], "rotation": [[-0.12533472478389737, 0.2157496064901352, -0.9683713912963868], [0.9921145439147949, 0.02725584246218204, -0.12233522534370421], [1.8626453695130642e-09, -0.976068139076233, -0.21746441721916202]], "fy": 1250.0000504168488, "fx": 1250.0000504168488}, {"id": 78, "img_name": "r_78", "width": 800, "height": 800, "position": [3.871228218078613, 0.7384824156761168, 0.8474875688552856], "rotation": [[-0.1873828321695328, 0.20651191473007202, -0.9603336453437804], [0.9822871088981628, 0.03939457982778549, -0.18319495022296906], [-6.663654747622124e-18, -0.9776508808135987, -0.21023581922054294]], "fy": 1250.0000504168488, "fx": 1250.0000504168488}, {"id": 79, "img_name": "r_79", "width": 800, "height": 800, "position": [3.8229837417602544, 0.9815817475318909, 0.8193241357803346], "rotation": [[-0.24869143962860107, 0.1968637853860855, -0.9483655095100403], [0.9685829281806947, 0.050546359270811074, -0.24350045621395106], [3.725291178604323e-09, -0.9791269898414613, -0.2032493054866791]], "fy": 1250.0000504168488, "fx": 1250.0000504168488}, {"id": 80, "img_name": "r_80", "width": 800, "height": 800, "position": [3.759073972702026, 1.22140371799469, 0.7921710014343262], "rotation": [[-0.3090185523033142, 0.18689528107643127, -0.9325113892555237], [0.951056182384491, 0.060726284980773926, -0.30299293994903564], [-0.0, -0.9805010557174683, -0.19651341438293457]], "fy": 1250.0000504168488, "fx": 1250.0000504168488}, {"id": 81, "img_name": "r_81", "width": 800, "height": 800, "position": [3.6797461509704585, 1.456921339035034, 0.7660605311393737], "rotation": [[-0.3681260943412781, 0.17669111490249637, -0.9128326773643493], [0.9297760725021362, 0.06995728611946106, -0.3614177107810974], [-0.0, -0.9817771911621095, -0.19003622233867645]], "fy": 1250.0000504168488, "fx": 1250.0000504168488}, {"id": 82, "img_name": "r_82", "width": 800, "height": 800, "position": [3.585314750671387, 1.6871281862258916, 0.7410240173339845], "rotation": [[-0.425780862569809, 0.16633008420467377, -0.8894072175025939], [0.9048265218734742, 0.07826933264732362, -0.41852504014968883], [7.450582368544433e-09, -0.9829587936401366, -0.18382544815540314]], "fy": 1250.0000504168488, "fx": 1250.0000504168488}, {"id": 83, "img_name": "r_83", "width": 800, "height": 800, "position": [3.4761607646942143, 1.9110430479049683, 0.7170910835266113], "rotation": [[-0.4817551970481871, 0.1558846831321717, -0.8623295426368713], [0.8763060569763182, 0.0856986567378044, -0.47407153248786926], [-7.450581489404345e-09, -0.9840507507324218, -0.17788843810558316]], "fy": 1250.0000504168488, "fx": 1250.0000504168488}, {"id": 84, "img_name": "r_84", "width": 800, "height": 800, "position": [3.3527290821075435, 2.127714633941651, 0.6942901611328126], "rotation": [[-0.5358282923698425, 0.14542032778263092, -0.8317098021507263], [0.8443270921707153, 0.0922868847846985, -0.5278210639953614], [-7.450581494350572e-09, -0.9850565195083618, -0.17223221063613892]], "fy": 1250.0000504168488, "fx": 1250.0000504168488}, {"id": 85, "img_name": "r_85", "width": 800, "height": 800, "position": [3.215524911880494, 2.3362240791320796, 0.6726480722427367], "rotation": [[-0.5877867937088013, 0.1349952220916748, -0.79767382144928], [0.809016227722168, 0.09808012843132019, -0.57954603433609], [1.106994906623995e-17, -0.9859800934791565, -0.1668635159730911]], "fy": 1250.0000504168488, "fx": 1250.0000504168488}, {"id": 86, "img_name": "r_86", "width": 800, "height": 800, "position": [3.065113306045533, 2.5356910228729244, 0.652190089225769], "rotation": [[-0.6374256014823912, 0.12465994060039523, -0.760361135005951], [0.7705125212669371, 0.1031280308961868, -0.6290276050567626], [-7.450584155728073e-09, -0.9868253469467162, -0.1617884635925293]], "fy": 1250.0000504168488, "fx": 1250.0000504168488}, {"id": 87, "img_name": "r_87", "width": 800, "height": 800, "position": [2.902113199234009, 2.72527527809143, 0.6329401135444641], "rotation": [[-0.6845484972000122, 0.11445747315883635, -0.7199256420135498], [0.7289674878120423, 0.10748310387134552, -0.6760575771331787], [1.9981955953991408e-17, -0.9875966310501098, -0.15701311826705933]], "fy": 1250.0000504168488, "fx": 1250.0000504168488}, {"id": 88, "img_name": "r_88", "width": 800, "height": 800, "position": [2.7271976470947266, 2.9041807651519775, 0.6149204969406128], "rotation": [[-0.728969991207123, 0.10442268848419188, -0.6765344738960267], [0.6845459938049315, 0.11119924485683443, -0.7204385399818419], [-7.450582386223195e-09, -0.9882968664169312, -0.1525429934263229]], "fy": 1250.0000504168488, "fx": 1250.0000504168488}, {"id": 89, "img_name": "r_89", "width": 800, "height": 800, "position": [2.5410878658294678, 3.071658611297607, 0.5981520414352415], "rotation": [[-0.770514726638794, 0.09458286315202712, -0.6303663253784179], [0.6374229192733765, 0.11433144658803937, -0.7619847059249877], [7.450584138511435e-09, -0.98893004655838, -0.14838325977325437]], "fy": 1250.0000504168488, "fx": 1250.0000504168488}, {"id": 90, "img_name": "r_90", "width": 800, "height": 800, "position": [2.344551086425781, 3.2270100116729727, 0.5826539993286133], "rotation": [[-0.8090180754661561, 0.08495748788118361, -0.5816117525100708], [0.5877838134765625, 0.11693438887596128, -0.8005229234695433], [-7.450580613478786e-09, -0.9894990921020508, -0.14453871548175812]], "fy": 1250.0000504168488, "fx": 1250.0000504168488}, {"id": 91, "img_name": "r_91", "width": 800, "height": 800, "position": [2.1383974552154545, 3.369588613510132, 0.5684441328048706], "rotation": [[-0.8443291187286377, 0.07555866986513138, -0.5304710268974304], [0.5358253717422485, 0.11906188726425175, -0.8358919620513914], [-1.4811187997182529e-18, -0.9900076389312744, -0.14101362228393557]], "fy": 1250.0000504168488, "fx": 1250.0000504168488}, {"id": 92, "img_name": "r_92", "width": 800, "height": 800, "position": [1.923474669456482, 3.498802900314331, 0.5555387735366821], "rotation": [[-0.8763077259063722, 0.06639132648706439, -0.47715538740158087], [0.4817521274089813, 0.12076590210199359, -0.8679462671279906], [-3.7252911861681725e-09, -0.9904584884643556, -0.13781222701072696]], "fy": 1250.0000504168488, "fx": 1250.0000504168488}, {"id": 93, "img_name": "r_93", "width": 800, "height": 800, "position": [1.7006664276123051, 3.614118099212647, 0.543952465057373], "rotation": [[-0.9048280119895935, 0.05745357275009157, -0.4218834638595582], [0.4257776439189912, 0.12209565937519076, -0.8965524435043335], [1.9274488624122296e-17, -0.9908539652824402, -0.13493801653385165]], "fy": 1250.0000504168488, "fx": 1250.0000504168488}, {"id": 94, "img_name": "r_94", "width": 800, "height": 800, "position": [1.4708871841430664, 3.7150580883026123, 0.5336983799934387], "rotation": [[-0.9297773241996766, 0.0487373359501362, -0.3648822009563446], [0.3681227564811706, 0.12309716641902926, -0.9215924739837648], [-1.531654450475364e-17, -0.9911969900131227, -0.13239426910877228]], "fy": 1250.0000504168488, "fx": 1250.0000504168488}, {"id": 95, "img_name": "r_95", "width": 800, "height": 800, "position": [1.2350789308547971, 3.801207304000854, 0.5247880816459656], "rotation": [[-0.9510573148727418, 0.040228795260190964, -0.3063853979110717], [0.309015154838562, 0.12381232529878615, -0.9429636001586914], [3.485220426297684e-19, -0.9914897680282594, -0.13018392026424408]], "fy": 1250.0000504168488, "fx": 1250.0000504168488}, {"id": 96, "img_name": "r_96", "width": 800, "height": 800, "position": [0.9942068457603456, 3.8722116947174077, 0.5172316431999208], "rotation": [[-0.9685838222503663, 0.031908996403217316, -0.24663236737251285], [0.24868802726268768, 0.12427836656570435, -0.9605774879455565], [3.725291189464258e-09, -0.9917340874671937, -0.12830938398838043]], "fy": 1250.0000504168488, "fx": 1250.0000504168488}, {"id": 97, "img_name": "r_97", "width": 800, "height": 800, "position": [0.7492559552192686, 3.9277801513671866, 0.5110374689102172], "rotation": [[-0.9822879433631896, 0.023754600435495373, -0.18586753308773038], [0.18737939000129697, 0.12452734261751174, -0.9743624329566954], [6.192908640028818e-19, -0.9919317960739135, -0.12677280604839325]], "fy": 1250.0000504168488, "fx": 1250.0000504168488}, {"id": 98, "img_name": "r_98", "width": 800, "height": 800, "position": [0.5012269616127014, 3.9676845073699956, 0.5062126517295839], "rotation": [[-0.9921150803565979, 0.01573858223855495, -0.12433911859989166], [0.12533123791217804, 0.12458574026823044, -0.9842615127563478], [2.6652036649241624e-18, -0.9920841455459594, -0.12557591497898102]], "fy": 1250.0000504168488, "fx": 1250.0000504168488}, {"id": 99, "img_name": "r_99", "width": 800, "height": 800, "position": [0.25113210082054144, 3.991761684417724, 0.5027624368667603], "rotation": [[-0.9980270266532898, 0.007830977439880373, -0.062298227101564414], [0.06278847157955171, 0.1244739294052124, -0.9902345538139343], [4.656613425974633e-10, -0.9921920895576476, -0.12472005188465117]], "fy": 1250.0000504168488, "fx": 1250.0000504168488}, {"id": 100, "img_name": "r_100", "width": 800, "height": 800, "position": [-8.328596777573695e-06, 3.999913692474365, 0.5006908178329468], "rotation": [[-1.0000001192092896, -2.586212417554634e-07, 2.066070692308131e-06], [-2.082194441754837e-06, 0.12420612573623656, -0.9922565817832947], [-2.842171287453966e-14, -0.9922565817832947, -0.12420611828565598]], "fy": 1250.0000504168488, "fx": 1250.0000504168488}, {"id": 101, "img_name": "r_101", "width": 800, "height": 800, "position": [-0.25