[{"id": 0, "img_name": "pot2_000001", "width": 1280, "height": 720, "position": [-5.2003744152032425, -1.273631816202795, 1.0412355251425394], "rotation": [[0.3852997567204393, -0.6128341595397424, 0.6899118714534398], [0.6430510312147751, 0.7145257523354197, 0.27556908481017384], [-0.6618379474801854, 0.3374718390484158, 0.6693902368009974]], "fy": 1111.0570005522295, "fx": 1111.0570005522295}, {"id": 1, "img_name": "pot2_000009", "width": 1280, "height": 720, "position": [-5.161185127090918, -1.2402076137507916, 0.9975809660228903], "rotation": [[0.407576072961409, -0.6071706082724719, 0.6820744806832996], [0.6377059123841746, 0.7238751033298115, 0.26331730685528865], [-0.6536152645552458, 0.32764109514725276, 0.6822304586509497]], "fy": 1111.0570005522295, "fx": 1111.0570005522295}, {"id": 2, "img_name": "pot2_000017", "width": 1280, "height": 720, "position": [-5.015196100036684, -1.1621531730592098, 0.8795832134897764], "rotation": [[0.4428027258020733, -0.5976658130800341, 0.6683721432687298], [0.6290435931396703, 0.738273800989685, 0.24342545615069905], [-0.6389287158613131, 0.3126457590430818, 0.7028675020230972]], "fy": 1111.0570005522295, "fx": 1111.0570005522295}, {"id": 3, "img_name": "pot2_000025", "width": 1280, "height": 720, "position": [-4.779692044792916, -1.0485891290906817, 0.7090806007924062], "rotation": [[0.486058824390323, -0.5844474948943156, 0.6497445228272848], [0.6164608707594558, 0.7562823826396522, 0.21911858098158693], [-0.6194536415703686, 0.2940375544393092, 0.7278867374286742]], "fy": 1111.0570005522295, "fx": 1111.0570005522295}, {"id": 4, "img_name": "pot2_000033", "width": 1280, "height": 720, "position": [-4.522196033883799, -0.8748435692200849, 0.5523417014844864], "rotation": [[0.5326948149040925, -0.5682285293878941, 0.6271782621902371], [0.5991555563532763, 0.7765959308929048, 0.19470844720139546], [-0.5977029809740706, 0.27205716037306193, 0.7541459063234751]], "fy": 1111.0570005522295, "fx": 1111.0570005522295}, {"id": 5, "img_name": "pot2_000041", "width": 1280, "height": 720, "position": [-4.112141946402416, -0.6098355191960808, 0.3185519532467418], "rotation": [[0.5878164438233122, -0.5452056674065668, 0.59768102579777], [0.5740962931712705, 0.8016499922112339, 0.1666455404585888], [-0.5699870827816379, 0.24516947243792073, 0.7842236002866722]], "fy": 1111.0570005522295, "fx": 1111.0570005522295}, {"id": 6, "img_name": "pot2_000049", "width": 1280, "height": 720, "position": [-3.7023713010093364, -0.2869442269392897, 0.10006673877397794], "rotation": [[0.638888019177855, -0.5210556644019678, 0.5659709299474848], [0.5474046609335737, 0.8248288309379758, 0.1414409305741855], [-0.5405277385474274, 0.21945020904094834, 0.8122015572582263]], "fy": 1111.0570005522295, "fx": 1111.0570005522295}, {"id": 7, "img_name": "pot2_000057", "width": 1280, "height": 720, "position": [-3.363316606426544, -0.002351607982797305, -0.07564645910655836], "rotation": [[0.6903341356642426, -0.4943605081456122, 0.5282484918319362], [0.5176404437427038, 0.847595362951567, 0.11674961115506245], [-0.5054573692593272, 0.19284654181243105, 0.8410250050815532]], "fy": 1111.0570005522295, "fx": 1111.0570005522295}, {"id": 8, "img_name": "pot2_000065", "width": 1280, "height": 720, "position": [-2.848304379757972, 0.16122138856163123, -0.15848495211387592], "rotation": [[0.7416132126149971, -0.4607720211867421, 0.4875438312258165], [0.4800711773891391, 0.8721748179950748, 0.09403590535249882], [-0.468552566437394, 0.164317471215763, 0.8680197354543203]], "fy": 1111.0570005522295, "fx": 1111.0570005522295}, {"id": 9, "img_name": "pot2_000073", "width": 1280, "height": 720, "position": [-2.335133768503282, 0.20919612893353848, -0.16771620325255943], "rotation": [[0.784347660775296, -0.42907482792007806, 0.4479883247158084], [0.443888925639292, 0.8926948879186032, 0.07783610202719114], [-0.4333143994043081, 0.1378064916081518, 0.8906447115093292]], "fy": 1111.0570005522295, "fx": 1111.0570005522295}, {"id": 10, "img_name": "pot2_000081", "width": 1280, "height": 720, "position": [-2.047198265812909, 0.2009754113278638, -0.19015860458724754], "rotation": [[0.8344902888857888, -0.3907455321041993, 0.3885149764113589], [0.4004275113452582, 0.9143905338723055, 0.05956307348150474], [-0.37852842153946076, 0.10586727872825585, 0.9195152817552942]], "fy": 1111.0570005522295, "fx": 1111.0570005522295}, {"id": 11, "img_name": "pot2_000089", "width": 1280, "height": 720, "position": [-1.6951683012494614, 0.25091363646838166, -0.2512141277314426], "rotation": [[0.8701612007752091, -0.34980325549005536, 0.34706939812378323], [0.3562402893324103, 0.9331919342702637, 0.04738850144585824], [-0.340459015039706, 0.08240446748497632, 0.9366414270235491]], "fy": 1111.0570005522295, "fx": 1111.0570005522295}, {"id": 12, "img_name": "pot2_000097", "width": 1280, "height": 720, "position": [-1.1887377917210717, 0.41244110878566276, -0.447360694579148], "rotation": [[0.9042355818761023, -0.30497553234079194, 0.2989112529541791], [0.30895863915410077, 0.9504282788801511, 0.03508056437630034], [-0.2947924214786276, 0.06063011939922439, 0.9536358932320043]], "fy": 1111.0570005522295, "fx": 1111.0570005522295}, {"id": 13, "img_name": "pot2_000105", "width": 1280, "height": 720, "position": [-0.4901639916882859, 0.604012414457976, -0.642573909204426], "rotation": [[0.9362723090413189, -0.24921962113934043, 0.24755553672176359], [0.2515193330569749, 0.9675831268963168, 0.0228236203114391], [-0.24521865430878498, 0.04089587980114598, 0.968604841302313]], "fy": 1111.0570005522295, "fx": 1111.0570005522295}, {"id": 14, "img_name": "pot2_000113", "width": 1280, "height": 720, "position": [0.18351805737686874, 0.7559014665081666, -0.7348473996700313], "rotation": [[0.9606538230946668, -0.19609670464553514, 0.19669853736304688], [0.19740464956528633, 0.9802341255257828, 0.013132535349669867], [-0.195385865669978, 0.026213385547570422, 0.9803760614756603]], "fy": 1111.0570005522295, "fx": 1111.0570005522295}, {"id": 15, "img_name": "pot2_000121", "width": 1280, "height": 720, "position": [0.865752484806511, 0.9020385851026514, -0.7775101807838657], "rotation": [[0.9816189957020455, -0.1334894219068133, 0.1363991257885933], [0.1340992065630115, 0.9909565283153867, 0.0047499250822421275], [-0.13579966891004733, 0.013628397855248293, 0.9906425776715941]], "fy": 1111.0570005522295, "fx": 1111.0570005522295}, {"id": 16, "img_name": "pot2_000129", "width": 1280, "height": 720, "position": [1.3669264209910226, 0.9081464490231386, -0.6809748428068216], "rotation": [[0.9936665282630881, -0.07542476075643716, 0.08329427395935227], [0.07559200066785403, 0.9971381701068626, 0.0011485429764447226], [-0.08314252849542504, 0.005155112100798994, 0.9965243322541681]], "fy": 1111.0570005522295, "fx": 1111.0570005522295}, {"id": 17, "img_name": "pot2_000137", "width": 1280, "height": 720, "position": [1.7707501267924408, 0.8103690944098576, -0.5216043576850153], "rotation": [[0.9995073697624955, -0.015706303301658522, 0.0271722252871268], [0.015677987050351477, 0.999876305393518, 0.0012548444753700658], [-0.02718857319733924, -0.0008282205048573259, 0.9996299793114892]], "fy": 1111.0570005522295, "fx": 1111.0570005522295}, {"id": 18, "img_name": "pot2_000145", "width": 1280, "height": 720, "position": [2.1595913170536485, 0.6679278057700342, -0.44279376499816836], "rotation": [[0.9977862810455587, 0.052782331648949354, -0.040454453685273443], [-0.052497000303112086, 0.998588360286238, 0.008084037358735101], [0.040824040912784014, -0.005942404104627624, 0.9991486803859617]], "fy": 1111.0570005522295, "fx": 1111.0570005522295}, {"id": 19, "img_name": "pot2_000153", "width": 1280, "height": 720, "position": [2.43626521976551, 0.5739000285030701, -0.3633912687389476], "rotation": [[0.9883337559639191, 0.1174713235481806, -0.09693747967680617], [-0.11632037402044572, 0.9930582677371778, 0.01745988163131228], [0.09831560105088183, -0.00598038649875485, 0.995137315935509]], "fy": 1111.0570005522295, "fx": 1111.0570005522295}, {"id": 20, "img_name": "pot2_000161", "width": 1280, "height": 720, "position": [2.842246351425642, 0.39590646156969533, -0.29676200650072315], "rotation": [[0.9679399587739861, 0.19307342781745374, -0.1606701206803325], [-0.19028599606549956, 0.9811837102966631, 0.032707282825616905], [0.1639618123526781, -0.001085412038215628, 0.9864660896202831]], "fy": 1111.0570005522295, "fx": 1111.0570005522295}, {"id": 21, "img_name": "pot2_000169", "width": 1280, "height": 720, "position": [3.458911696290734, 0.2223346999536114, -0.1599207684101886], "rotation": [[0.9402953223722456, 0.2607092391911133, -0.21880447738852568], [-0.2560547962894228, 0.9653742879404457, 0.04988412052607383], [0.22423346766719984, 0.00912013069361204, 0.9744927784206892]], "fy": 1111.0570005522295, "fx": 1111.0570005522295}, {"id": 22, "img_name": "pot2_000177", "width": 1280, "height": 720, "position": [3.9929594069048315, 0.061602224904014215, -0.008567987776862877], "rotation": [[0.9058874795242963, 0.32733141436888874, -0.26874154797570915], [-0.3210560727404221, 0.9445942452032523, 0.06829868289648484], [0.2762080241369072, 0.024410184271337086, 0.9607878383421729]], "fy": 1111.0570005522295, "fx": 1111.0570005522295}, {"id": 23, "img_name": "pot2_000185", "width": 1280, "height": 720, "position": [4.361900306766172, -0.11483857545871844, 0.1361067624930516], "rotation": [[0.8606872821184246, 0.3966464694527559, -0.31920053363091855], [-0.3887259533451998, 0.9168357435756022, 0.09112822009694736], [0.32880014537020014, 0.045648631664444134, 0.9432956412661404]], "fy": 1111.0570005522295, "fx": 1111.0570005522295}, {"id": 24, "img_name": "pot2_000193", "width": 1280, "height": 720, "position": [4.663392997510524, -0.2528495246328873, 0.3164569469095249], "rotation": [[0.817925295104129, 0.45078423186603295, -0.3574797727561297], [-0.44186599877659216, 0.8901303050720922, 0.11145617577069665], [0.36844626576203504, 0.06679533137289174, 0.927246317303443]], "fy": 1111.0570005522295, "fx": 1111.0570005522295}, {"id": 25, "img_name": "pot2_000201", "width": 1280, "height": 720, "position": [4.931459748695812, -0.42997515698303646, 0.5045650044185531], "rotation": [[0.7697454206165759, 0.5015742010559433, -0.39486112530217843], [-0.4916721761749305, 0.8603473847602618, 0.1343906570844354], [0.40712462295373225, 0.0906956358998073, 0.9088585385050366]], "fy": 1111.0570005522295, "fx": 1111.0570005522295}, {"id": 26, "img_name": "pot2_000209", "width": 1280, "height": 720, "position": [5.077693722580962, -0.4822560842074728, 0.6050847836430776], "rotation": [[0.7319359544328157, 0.5371211418566225, -0.41925008953983667], [-0.526141736895256, 0.8364970054265156, 0.15312619831144228], [0.4329487629100774, 0.10850640019422712, 0.8948640845466554]], "fy": 1111.0570005522295, "fx": 1111.0570005522295}, {"id": 27, "img_name": "pot2_000217", "width": 1280, "height": 720, "position": [5.165808209818216, -0.5415067688043337, 0.665955427265621], "rotation": [[0.7025112388567565, 0.5634722970492881, -0.4347147682537869], [-0.5521531369791322, 0.8169283573009373, 0.1665982363703039], [0.44900431245595923, 0.122991989558632, 0.8850243487612984]], "fy": 1111.0570005522295, "fx": 1111.0570005522295}, {"id": 28, "img_name": "pot2_000002", "width": 1280, "height": 720, "position": [-5.20037441520324, -1.2736318162027955, 1.0412355251425411], "rotation": [[0.38529975672043887, -0.6128341595397426, 0.6899118714534399], [0.6430510312147752, 0.7145257523354194, 0.27556908481017395], [-0.6618379474801854, 0.33747183904841616, 0.6693902368009972]], "fy": 1111.0570005522295, "fx": 1111.0570005522295}, {"id": 29, "img_name": "pot2_000003", "width": 1280, "height": 720, "position": [-5.197162132495388, -1.2690277788049862, 1.031251413510464], "rotation": [[0.3880966062783898, -0.6122292375887237, 0.6888805301623256], [0.6424588513526799, 0.7156364168310848, 0.2740641224672816], [-0.660778062978631, 0.3362140382950956, 0.6710681574471494]], "fy": 1111.0570005522295, "fx": 1111.0570005522295}, {"id": 30, "img_name": "pot2_000004", "width": 1280, "height": 720, "position": [-5.194470902342926, -1.268334288086138, 1.0235835609064647], "rotation": [[0.3909758768955488, -0.6115486212061323, 0.6878561968803036], [0.6416169591214245, 0.716915327888756, 0.272690466290873], [-0.6598981296029963, 0.3347248071760383, 0.6726765656743449]], "fy": 1111.0570005522295, "fx": 1111.0570005522295}, {"id": 31, "img_name": "pot2_000005", "width": 1280, "height": 720, "position": [-5.189214242008671, -1.2637858623338014, 1.0163755946095776], "rotation": [[0.3940298302619745, -0.6108659613730931, 0.6867192076092283], [0.6410936556924561, 0.7180625989375967, 0.2708967121208126], [-0.65858895943874, 0.3335099417449361, 0.6745603762916165]], "fy": 1111.0570005522295, "fx": 1111.0570005522295}, {"id": 32, "img_name": "pot2_000006", "width": 1280, "height": 720, "position": [-5.186115795969382, -1.2596169213233508, 1.0109643357546143], "rotation": [[0.3971321718269472, -0.61001961879804, 0.6856836754521036], [0.6403533555797104, 0.7193876006811729, 0.2691264758138641], [-0.6574447642941701, 0.33220106060589155, 0.6763200701106715]], "fy": 1111.0570005522295, "fx": 1111.0570005522295}, {"id": 33, "img_name": "pot2_000007", "width": 1280, "height": 720, "position": [-5.177226779602409, -1.2547011054769461, 1.0045294041245647], "rotation": [[0.40054610756181697, -0.609405430254683, 0.6842425281237506], [0.6397694761072034, 0.7205974731297757, 0.26727195730284997], [-0.6559404189090586, 0.33070274158991564, 0.6785115058319362]], "fy": 1111.0570005522295, "fx": 1111.0570005522295}, {"id": 34, "img_name": "pot2_000008", "width": 1280, "height": 720, "position": [-5.169978953559254, -1.2478228508073301, 1.0029637182932367], "rotation": [[0.4039908151037895, -0.6082346509883709, 0.6832583923003289], [0.6386844053441191, 0.7222750999859582, 0.26533169865378475], [-0.6548844567418013, 0.329194910770699, 0.680262492748694]], "fy": 1111.0570005522295, "fx": 1111.0570005522295}, {"id": 35, "img_name": "pot2_000010", "width": 1280, "height": 720, "position": [-5.147379889775576, -1.2312775073545477, 0.9917318216682187], "rotation": [[0.41123431341691324, -0.6060926060431995, 0.6808363183381764], [0.636646975325125, 0.7255248619389948, 0.26133178818844865], [-0.6523549404104253, 0.32598378427180313, 0.684227742870709]], "fy": 1111.0570005522295, "fx": 1111.0570005522295}, {"id": 36, "img_name": "pot2_000011", "width": 1280, "height": 720, "position": [-5.133845544247852, -1.2221296765199225, 0.978847972601857], "rotation": [[0.41511665849363605, -0.605085481081337, 0.6793745067528253], [0.6356259903500057, 0.7271609874513524, 0.2592614485810576], [-0.6508899755201736, 0.32420434746212307, 0.6864646974564729]], "fy": 1111.0570005522295, "fx": 1111.0570005522295}, {"id": 37, "img_name": "pot2_000012", "width": 1280, "height": 720, "position": [-5.12439814379166, -1.2149097146813488, 0.9656653568731971], "rotation": [[0.4188796040760161, -0.603812594500065, 0.6781963049237438], [0.6344304552221723, 0.7289515602296471, 0.25715291234079035], [-0.649644421799885, 0.32255228035446126, 0.6884200401371462]], "fy": 1111.0570005522295, "fx": 1111.0570005522295}, {"id": 38, "img_name": "pot2_000013", "width": 1280, "height": 720, "position": [-5.111456047853773, -1.2067260830681605, 0.9471476191768317], "rotation": [[0.42310637846572396, -0.6026377477144454, 0.676615649783006], [0.6333408473048927, 0.730727427710878, 0.2547877499531011], [-0.6479663290918283, 0.32072600677323265, 0.6908505373397029]], "fy": 1111.0570005522295, "fx": 1111.0570005522295}, {"id": 39, "img_name": "pot2_000014", "width": 1280, "height": 720, "position": [-5.0931745043256305, -1.1974538103159191, 0.9314614257269052], "rotation": [[0.42746545873253206, -0.6014253768576214, 0.6749524410373324], [0.6324082554289367, 0.7324516169057605, 0.2521396980990213], [-0.6460132197222549, 0.31906448402134124, 0.6934441397692251]], "fy": 1111.0570005522295, "fx": 1111.0570005522295}, {"id": 40, "img_name": "pot2_000015", "width": 1280, "height": 720, "position": [-5.067930370777022, -1.1860178885808141, 0.9164063663208464], "rotation": [[0.43240382330356686, -0.6001104697907736, 0.6729742622418442], [0.6311959411190012, 0.7344445031870599, 0.2493651051234129], [-0.6439088580749267, 0.31695219795074686, 0.696363903937327]], "fy": 1111.0570005522295, "fx": 1111.0570005522295}, {"id": 41, "img_name": "pot2_000016", "width": 1280, "height": 720, "position": [-5.0436261970497585, -1.1763614301849823, 0.8978702061169209], "rotation": [[0.4373999740114089, -0.5988731743367964, 0.6708443812052002], [0.6300294502539637, 0.7363804557171454, 0.24659017873893058], [-0.6416729342488329, 0.31479317892479575, 0.6994005289924468]], "fy": 1111.0570005522295, "fx": 1111.0570005522295}, {"id": 42, "img_name": "pot2_000018", "width": 1280, "height": 720, "position": [-4.986606344818383, -1.1519815581145396, 0.8666807898049358], "rotation": [[0.447919805085036, -0.5962918352664609, 0.6661860816672311], [0.6279339890292833, 0.7402207054654357, 0.24035850852845805], [-0.6364485475153159, 0.3106595474064956, 0.705991424856447]], "fy": 1111.0570005522295, "fx": 1111.0570005522295}, {"id": 43, "img_name": "pot2_000019", "width": 1280, "height": 720, "position": [-4.9554198760735835, -1.1390658692791273, 0.8458360572009583], "rotation": [[0.45379828433523645, -0.5947940193061808, 0.663541401671361], [0.6266270309391475, 0.7424235750744418, 0.23695104825696237], [-0.6335658460103296, 0.30826499926407996, 0.7096245549570084]], "fy": 1111.0570005522295, "fx": 1111.0570005522295}, {"id": 44, "img_name": "pot2_000020", "width": 1280, "height": 720, "position": [-4.929823503897451, -1.124507485032882, 0.823359893266141], "rotation": [[0.45901913824399937, -0.5930832466655805, 0.6614784148030461], [0.6253780046125408, 0.7445394594426088, 0.23358798059777133], [-0.6310338993053966, 0.30645269758565025, 0.7126590784308474]], "fy": 1111.0570005522295, "fx": 1111.0570005522295}, {"id": 45, "img_name": "pot2_000021", "width": 1280, "height": 720, "position": [-4.898108023354934, -1.109969987492791, 0.7942021728499172], "rotation": [[0.4646953006493112, -0.591628242820537, 0.6588127957557668], [0.623908944461081, 0.7467299104120179, 0.23050394772653962], [-0.6283278655096443, 0.303925094707797, 0.7161240327142713]], "fy": 1111.0570005522295, "fx": 1111.0570005522295}, {"id": 46, "img_name": "pot2_000022", "width": 1280, "height": 720, "position": [-4.869141224486872, -1.0956523738675332, 0.773640342693253], "rotation": [[0.4698220913247339, -0.5898748986375215, 0.656745617770402], [0.6221578717571421, 0.7490476333192021, 0.227699858650649], [-0.6262481817250066, 0.30162103205226876, 0.7189144371271503]], "fy": 1111.0570005522295, "fx": 1111.0570005522295}, {"id": 47, "img_name": "pot2_000023", "width": 1280, "height": 720, "position": [-4.84045123980876, -1.0804746046134661, 0.7508153810489707], "rotation": [[0.4751663970066249, -0.5881647901392256, 0.6544303437312659], [0.6204161730494776, 0.751361217865416, 0.22481123750035154], [-0.6239396343993409, 0.29919642365556365, 0.7219285509642471]], "fy": 1111.0570005522295, "fx": 1111.0570005522295}, {"id": 48, "img_name": "pot2_000024", "width": 1280, "height": 720, "position": [-4.809852063066373, -1.0649744705191015, 0.7297469855488857], "rotation": [[0.48055656204395014, -0.5863916971885569, 0.6520814122061928], [0.6185301460141586, 0.7537515096682549, 0.22198900906245406], [-0.6216798606583637, 0.2966537360984191, 0.7249211762051422]], "fy": 1111.0570005522295, "fx": 1111.0570005522295}, {"id": 49, "img_name": "pot2_000026", "width": 1280, "height": 720, "position": [-4.749536311370881, -1.0330415307409595, 0.6886256188928064], "rotation": [[0.49137224031519117, -0.5826529435846178, 0.6473552879059613], [0.6144890202942739, 0.7586631349555051, 0.21641047016553572], [-0.6172167896172408, 0.2914546190947488, 0.7308198407425196]], "fy": 1111.0570005522295, "fx": 1111.0570005522295}, {"id": 50, "img_name": "pot2_000027", "width": 1280, "height": 720, "position": [-4.721609893106929, -1.0131079681265618, 0.6708578781814408], "rotation": [[0.49670840017894463, -0.5805474584496081, 0.6451708406921178], [0.6124461240448508, 0.7611619478846501, 0.21340626568797033], [-0.6149719589819629, 0.28913169591061083, 0.7336295741624252]], "fy": 1111.0570005522295, "fx": 1111.0570005522295}, {"id": 51, "img_name": "pot2_000028", "width": 1280, "height": 720, "position": [-4.691690958883669, -0.9936001697201812, 0.6528514241625181], "rotation": [[0.5024081402537869, -0.5784485533759703, 0.6426377919979328], [0.6100846181352485, 0.7638392953020701, 0.21058558751064915], [-0.612684926631543, 0.28626351854486176, 0.7366616446027419]], "fy": 1111.0570005522295, "fx": 1111.0570005522295}, {"id": 52, "img_name": "pot2_000029", "width": 1280, "height": 720, "position": [-4.658304372396152, -0.9727074748108533, 0.6317640353604567], "rotation": [[0.5083683635410994, -0.576774474942593, 0.6394472706996573], [0.6082064296629108, 0.7661665086215048, 0.20754233299119565], [-0.6096282029788643, 0.28340798528169525, 0.7402927583134464]], "fy": 1111.0570005522295, "fx": 1111.0570005522295}, {"id": 53, "img_name": "pot2_000030", "width": 1280, "height": 720, "position": [-4.629127989538751, -0.948984621906309, 0.6110609265465299], "rotation": [[0.5146014986440663, -0.5746092658598284, 0.6364035584291701], [0.6059710555082809, 0.768834474779243, 0.20418773292513293], [-0.6066171589062256, 0.28056682266254224, 0.7438399562685408]], "fy": 1111.0570005522295, "fx": 1111.0570005522295}, {"id": 54, "img_name": "pot2_000031", "width": 1280, "height": 720, "position": [-4.596988180725808, -0.9238650676101137, 0.5931046633135727], "rotation": [[0.5206100924940663, -0.5724416693125423, 0.633463232419996], [0.6037250797357933, 0.7714465770845623, 0.20096319763210999], [-0.6037227506822398, 0.2778141715952995, 0.7472202663000298]], "fy": 1111.0570005522295, "fx": 1111.0570005522295}, {"id": 55, "img_name": "pot2_000032", "width": 1280, "height": 720, "position": [-4.558682722575543, -0.9004987622575608, 0.5699907742579428], "rotation": [[0.5268524802520581, -0.5704601342783934, 0.6300807085217991], [0.6015075802766326, 0.7739934568085246, 0.1977947413035569], [-0.6005123603407387, 0.2747896723253405, 0.7509164674325146]], "fy": 1111.0570005522295, "fx": 1111.0570005522295}, {"id": 56, "img_name": "pot2_000034", "width": 1280, "height": 720, "position": [-4.471738346275468, -0.844208049945266, 0.5233815138020737], "rotation": [[0.5396130649923778, -0.5662019171505999, 0.6230835651054495], [0.596955955482944, 0.7791890211854317, 0.19107081534743653], [-0.593684535172491, 0.26884913665302, 0.7584581823791927]], "fy": 1111.0570005522295, "fx": 1111.0570005522295}, {"id": 57, "img_name": "pot2_000035", "width": 1280, "height": 720, "position": [-4.434645809403184, -0.8187182287613901, 0.5072574608983957], "rotation": [[0.545644073275885, -0.5633379724645932, 0.6204215293478955], [0.5939581000532154, 0.7822446240272833, 0.18790189877057828], [-0.5911736806388416, 0.26597683538213496, 0.7614262947653107]], "fy": 1111.0570005522295, "fx": 1111.0570005522295}, {"id": 58, "img_name": "pot2_000036", "width": 1280, "height": 720, "position": [-4.3957200343768115, -0.7905304887931336, 0.4875109501834504], "rotation": [[0.551555175999748, -0.560642347360732, 0.6176301856076458], [0.5912124892523678, 0.7850858651703787, 0.1846834504272022], [-0.5884340917893064, 0.26328756646588214, 0.7644769303023918]], "fy": 1111.0570005522295, "fx": 1111.0570005522295}, {"id": 59, "img_name": "pot2_000037", "width": 1280, "height": 720, "position": [-4.354176591368058, -0.765745249130571, 0.4648616842029025], "rotation": [[0.557302199661785, -0.5583027567011287, 0.6145830213340231], [0.5885588795039458, 0.7877278077501547, 0.181888279595457], [-0.585672863985686, 0.2603515560872564, 0.7675964849018972]], "fy": 1111.0570005522295, "fx": 1111.0570005522295}, {"id": 60, "img_name": "pot2_000038", "width": 1280, "height": 720, "position": [-4.30587893948834, -0.7355025494772061, 0.4359106978071663], "rotation": [[0.5635955494555586, -0.5559724004220346, 0.610945780411689], [0.585967898291249, 0.7903824778867541, 0.17870971104484298], [-0.582238506804577, 0.25727461712838195, 0.7712380258878713]], "fy": 1111.0570005522295, "fx": 1111.0570005522295}, {"id": 61, "img_name": "pot2_000039", "width": 1280, "height": 720, "position": [-4.263408700042595, -0.708414628428353, 0.4105892762520775], "rotation": [[0.5693888149521763, -0.5532161462815802, 0.608069299422947], [0.5829283157590323, 0.7932644823574446, 0.1758580101005165], [-0.5796472686847528, 0.2543292286064124, 0.7741612799557809]], "fy": 1111.0570005522295, "fx": 1111.0570005522295}, {"id": 62, "img_name": "pot2_000040", "width": 1280, "height": 720, "position": [-4.163219365915445, -0.644694672262783, 0.3478010727093757], "rotation": [[0.5818246878422323, -0.5479878042056862, 0.6009903485573785], [0.5771006497873093, 0.798847427815465, 0.169698636080791], [-0.5730923770495943, 0.24809706470340595, 0.7810332732049255]], "fy": 1111.0570005522295, "fx": 1111.0570005522295}, {"id": 63, "img_name": "pot2_000042", "width": 1280, "height": 720, "position": [-4.057739525017827, -0.5752520362099103, 0.28788168174269196], "rotation": [[0.5942148483921685, -0.5422896711901948, 0.5939954768099689], [0.570753305370079, 0.804649978542602, 0.16364313746845516], [-0.5667004308798445, 0.24178569964292904, 0.7876485873083107]], "fy": 1111.0570005522295, "fx": 1111.0570005522295}, {"id": 64, "img_name": "pot2_000043", "width": 1280, "height": 720, "position": [-4.0035906276663855, -0.5384894488110816, 0.25451881966462236], "rotation": [[0.6007869805244596, -0.5394779947337819, 0.5899309258127768], [0.5676075771490356, 0.8075216967727583, 0.16040681907028403], [-0.5629179712847193, 0.23847893500110864, 0.7913603194281558]], "fy": 1111.0570005522295, "fx": 1111.0570005522295}, {"id": 65, "img_name": "pot2_000044", "width": 1280, "height": 720, "position": [-3.9532026603851644, -0.5028505736536809, 0.22972267272815575], "rotation": [[0.6067952612101314, -0.5364814226802661, 0.5865042148969486], [0.564252765458879, 0.8104325490950134, 0.15753697991064267], [-0.5598377690411177, 0.23534393233375822, 0.7944777566859551]], "fy": 1111.0570005522295, "fx": 1111.0570005522295}, {"id": 66, "img_name": "pot2_000045", "width": 1280, "height": 720, "position": [-3.8998030982901817, -0.46223488768370413, 0.20007711201506392], "rotation": [[0.6133447118447362, -0.5335008605144756, 0.5823959961078129], [0.560955189159429, 0.8133407779557555, 0.15429210825390813], [-0.5560013850766985, 0.23206380748544203, 0.798128341213462]], "fy": 1111.0570005522295, "fx": 1111.0570005522295}, {"id": 67, "img_name": "pot2_000046", "width": 1280, "height": 720, "position": [-3.8517482343683738, -0.41993804549975833, 0.17473533202781402], "rotation": [[0.6195852764807219, -0.5304694067803308, 0.5785467082599564], [0.5577297986924766, 0.8161629616302088, 0.15104797818393842], [-0.5523147262374565, 0.229085635807071, 0.8015411496910895]], "fy": 1111.0570005522295, "fx": 1111.0570005522295}, {"id": 68, "img_name": "pot2_000047", "width": 1280, "height": 720, "position": [-3.7991686747309363, -0.3769203323905483, 0.14821692357559396], "rotation": [[0.626193342795584, -0.527363726174078, 0.5742555160852041], [0.5542371162953704, 0.8191191656262369, 0.1478682231731007], [-0.5483640363472828, 0.22567962428976587, 0.8052115193049252]], "fy": 1111.0570005522295, "fx": 1111.0570005522295}, {"id": 69, "img_name": "pot2_000048", "width": 1280, "height": 720, "position": [-3.750753986098415, -0.3338564196706596, 0.12396301908859181], "rotation": [[0.6325278116140347, -0.5242192464041219, 0.5701778224679167], [0.5507533619985943, 0.8220157193528324, 0.14477876703471018], [-0.5445909490452499, 0.22245075598059938, 0.8086633164560231]], "fy": 1111.0570005522295, "fx": 1111.0570005522295}, {"id": 70, "img_name": "pot2_000050", "width": 1280, "height": 720, "position": [-3.6569545660118394, -0.2461866207487081, 0.07594800481846258], "rotation": [[0.645318518098932, -0.517880041324971, 0.5615730344272634], [0.5437578524156419, 0.8277368775257351, 0.13848848154368343], [-0.5365551305643504, 0.215990565491163, 0.8157552742605348]], "fy": 1111.0570005522295, "fx": 1111.0570005522295}, {"id": 71, "img_name": "pot2_000051", "width": 1280, "height": 720, "position": [-3.611133919745936, -0.20345060696717024, 0.052893262027090666], "rotation": [[0.6518772382384515, -0.5145564368071155, 0.5570347741451823], [0.5401407065343655, 0.8306445925222722, 0.13519459330189468], [-0.5322631711955709, 0.21274687836457964, 0.8194111802599238]], "fy": 1111.0570005522295, "fx": 1111.0570005522295}, {"id": 72, "img_name": "pot2_000052", "width": 1280, "height": 720, "position": [-3.5668409543850443, -0.16286793007354514, 0.025391512773646534], "rotation": [[0.6583102355943092, -0.5114140144936732, 0.5523434977359922], [0.5366966937642695, 0.833390475267001, 0.13197338609259085], [-0.5278108492767717, 0.20956149816630704, 0.8231036908385394]], "fy": 1111.0570005522295, "fx": 1111.0570005522295}, {"id": 73, "img_name": "pot2_000053", "width": 1280, "height": 720, "position": [-3.528047693704184, -0.12376903208273231, 0.005946022040433876], "rotation": [[0.6643964851943501, -0.5079797562805808, 0.548209702276889], [0.5329814869073191, 0.8362451512823121, 0.12893712254772122], [-0.5239351535022793, 0.20652025122477582, 0.8263421450940275]], "fy": 1111.0570005522295, "fx": 1111.0570005522295}, {"id": 74, "img_name": "pot2_000054", "width": 1280, "height": 720, "position": [-3.488129185280515, -0.08881900357434712, -0.015164515446502757], "rotation": [[0.6707956546585714, -0.5045991278062689, 0.5435190060230931], [0.5291945159805905, 0.8391073980385009, 0.12590448289527087], [-0.519602111184363, 0.2031710972904603, 0.8299006875997536]], "fy": 1111.0570005522295, "fx": 1111.0570005522295}, {"id": 75, "img_name": "pot2_000055", "width": 1280, "height": 720, "position": [-3.4484572316352575, -0.05687883570181095, -0.03721284372795183], "rotation": [[0.6773668528583631, -0.5011976718171746, 0.538493305820788], [0.5253879700491372, 0.8419598198810962, 0.12276458216211512], [-0.514919049537307, 0.1997612461686092, 0.8336389008154312]], "fy": 1111.0570005522295, "fx": 1111.0570005522295}, {"id": 76, "img_name": "pot2_000056", "width": 1280, "height": 720, "position": [-3.4073457708734844, -0.0297047974654963, -0.05795772468741121], "rotation": [[0.6838866408356149, -0.49792402140414016, 0.5332642228720278], [0.5215771725233825, 0.8447427874586731, 0.11986190445285201], [-0.5101532275592228, 0.19616649037305076, 0.8374141105006697]], "fy": 1111.0570005522295, "fx": 1111.0570005522295}, {"id": 77, "img_name": "pot2_000058", "width": 1280, "height": 720, "position": [-3.3184026610989172, 0.02206964825688494, -0.0920681387652835], "rotation": [[0.6965056785726548, -0.49068802866515304, 0.5235504734414356], [0.5137122015617517, 0.8504071355468893, 0.11361108122675759], [-0.5009786559152233, 0.18982350311708143, 0.8443858264926858]], "fy": 1111.0570005522295, "fx": 1111.0570005522295}, {"id": 78, "img_name": "pot2_000059", "width": 1280, "height": 720, "position": [-3.270728568536273, 0.04247295131076514, -0.10728454165044468], "rotation": [[0.7023027209821804, -0.48706922977830164, 0.5191670766758977], [0.5097316399187115, 0.8531592964500248, 0.11087321654340057], [-0.4969351500616619, 0.1867693237233321, 0.8474506925769326]], "fy": 1111.0570005522295, "fx": 1111.0570005522295}, {"id": 79, "img_name": "pot2_000060", "width": 1280, "height": 720, "position": [-3.160730420066495, 0.07643391834773235, -0.144734557979115], "rotation": [[0.7142234355455299, -0.4798609367346463, 0.5095275905323361], [0.5015461805176812, 0.8586583062877937, 0.10562831936134986], [-0.48819700216783984, 0.18010939575470644, 0.8539463054754722]], "fy": 1111.0570005522295, "fx": 1111.0570005522295}, {"id": 80, "img_name": "pot2_000061", "width": 1280, "height": 720, "position": [-3.1054012287482817, 0.09331610667189093, -0.15896780808821298], "rotation": [[0.7198237353468152, -0.4761526587640202, 0.5051063606640813], [0.4974502313105829, 0.8613487122671593, 0.10306145372909309], [-0.48414569852515044, 0.17707919535524522, 0.8568814977416264]], "fy": 1111.0570005522295, "fx": 1111.0570005522295}, {"id": 81, "img_name": "pot2_000062", "width": 1280, "height": 720, "position": [-3.0483930464549975, 0.11127353025105417, -0.16383184603954437], "rotation": [[0.7252012637171675, -0.4722863108044858, 0.5010277115387054], [0.4932711294192426, 0.8640494745521283, 0.1005091956372947], [-0.4803818481005379, 0.17425310944967357, 0.8595749727991341]], "fy": 1111.0570005522295, "fx": 1111.0570005522295}, {"id": 82, "img_name": "pot2_000063", "width": 1280, "height": 720, "position": [-2.9814991333147294, 0.12431955848752829, -0.1665819864232284], "rotation": [[0.7307737615118306, -0.46873464012311167, 0.49624343485280187], [0.4889384199055603, 0.8667211919491344, 0.09865899333829428], [-0.476349589089887, 0.1705350772566409, 0.862559479919482]], "fy": 1111.0570005522295, "fx": 1111.0570005522295}, {"id": 83, "img_name": "pot2_000064", "width": 1280, "height": 720, "position": [-2.917412827090755, 0.14337421219489085, -0.1622542608624253], "rotation": [[0.7361565183203816, -0.4646898608296883, 0.49207409378720435], [0.48451587869929014, 0.8694727362811798, 0.09623681287310124], [-0.4725652799589367, 0.16757235483755195, 0.8652176385577963]], "fy": 1111.0570005522295, "fx": 1111.0570005522295}, {"id": 84, "img_name": "pot2_000066", "width": 1280, "height": 720, "position": [-2.7771089367669024, 0.17657761533634408, -0.1535562010274704], "rotation": [[0.7470226040807622, -0.4569357052626911, 0.4828736793908779], [0.47562065278244536, 0.8748231750771042, 0.0920293811497991], [-0.4644805955464639, 0.1609166666448866, 0.8708407447729469]], "fy": 1111.0570005522295, "fx": 1111.0570005522295}, {"id": 85, "img_name": "pot2_000067", "width": 1280, "height": 720, "position": [-2.7098370400109446, 0.18911482408246452, -0.1514756964548286], "rotation": [[0.7522913352650734, -0.4529769442121764, 0.4784032137196527], [0.47110577623193434, 0.8774713046114386, 0.09001920453106961], [-0.46056171626178327, 0.15765784977507097, 0.8735141143211721]], "fy": 1111.0570005522295, "fx": 1111.0570005522295}, {"id": 86, "img_name": "pot2_000068", "width": 1280, "height": 720, "position": [-2.6403629753440385, 0.19953223277098767, -0.15118080974973958], "rotation": [[0.7575679726934023, -0.4491646886853313, 0.4736473890854015], [0.4667641571263539, 0.8799975365291189, 0.08795201717303759], [-0.45631347599137684, 0.15445199299747234, 0.8763119270486829]], "fy": 1111.0570005522295, "fx": 1111.0570005522295}, {"id": 87, "img_name": "pot2_000069", "width": 1280, "height": 720, "position": [-2.575904085394463, 0.20392516211833533, -0.16072937591121927], "rotation": [[0.7629926667069856, -0.4452204167237331, 0.468637355621282], [0.46214752000943377, 0.8826148218441666, 0.08608568992649301], [-0.4519533828842224, 0.1508968415618289, 0.8791861480404317]], "fy": 1111.0570005522295, "fx": 1111.0570005522295}, {"id": 88, "img_name": "pot2_000070", "width": 1280, "height": 720, "position": [-2.5091711115565114, 0.20786702015778047, -0.1626594353816792], "rotation": [[0.7683567651996619, -0.44112844759087827, 0.4637171272424318], [0.45750345658531927, 0.8852271269998592, 0.08404475495865431], [-0.447569512572513, 0.147575832539197, 0.8819880413395443]], "fy": 1111.0570005522295, "fx": 1111.0570005522295}, {"id": 89, "img_name": "pot2_000071", "width": 1280, "height": 720, "position": [-2.4464484166228764, 0.20894124357093125, -0.1649747324404838], "rotation": [[0.7735473481680126, -0.43708722787766924, 0.458889153683599], [0.45289217486069794, 0.8877720155430259, 0.0821555011464263], [-0.4432980691275142, 0.144276136782518, 0.8846870736384306]], "fy": 1111.0570005522295, "fx": 1111.0570005522295}, {"id": 90, "img_name": "pot2_000072", "width": 1280, "height": 720, "position": [-2.385498690731435, 0.20966023104062756, -0.16574014677374496], "rotation": [[0.7788687202520634, -0.43312845838997993, 0.45361134812263265], [0.4483983931951186, 0.890235808089925, 0.0801192047795911], [-0.4385229727083276, 0.14099625713896694, 0.8875909293587071]], "fy": 1111.0570005522295, "fx": 1111.0570005522295}, {"id": 91, "img_name": "pot2_000074", "width": 1280, "height": 720, "position": [-2.2912930158805205, 0.20068519088845954, -0.16781238459725084], "rotation": [[0.790059969969302, -0.42534207459136336, 0.4414627543003154], [0.43934057866137693, 0.8950879776563451, 0.07614045046203012], [-0.4275337411171102, 0.13379697992626527, 0.8940432139270552]], "fy": 1111.0570005522295, "fx": 1111.0570005522295}, {"id": 92, "img_name": "pot2_000075", "width": 1280, "height": 720, "position": [-2.2535399409315424, 0.1976616651605697, -0.16512284513609785], "rotation": [[0.7961023238054452, -0.4214975115258325, 0.434236039279446], [0.4349529856171531, 0.8974328705010572, 0.07368950567724775], [-0.42075763847409176, 0.13020787503743098, 0.8977799947336441]], "fy": 1111.0570005522295, "fx": 1111.0570005522295}, {"id": 93, "img_name": "pot2_000076", "width": 1280, "height": 720, "position": [-2.2185626872597632, 0.19971457488617447, -0.17122262543862452], "rotation": [[0.8024477589849882, -0.4174759580152543, 0.4263700488768133], [0.4304469831755813, 0.8998243536664187, 0.07093325894002711], [-0.4132710838844296, 0.12660946658152275, 0.9017633027557347]], "fy": 1111.0570005522295, "fx": 1111.0570005522295}, {"id": 94, "img_name": "pot2_000077", "width": 1280, "height": 720, "position": [-2.188896744124211, 0.19802820709119362, -0.17627249406182324], "rotation": [[0.8085309649962913, -0.413324267354076, 0.41885645352361756], [0.4256735538518382, 0.9022680922779168, 0.06866087101336928], [-0.40630001746654193, 0.1227816748272502, 0.9054529011126439]], "fy": 1111.0570005522295, "fx": 1111.0570005522295}, {"id": 95, "img_name": "pot2_000078", "width": 1280, "height": 720, "position": [-2.1654654637820605, 0.19874823758220178, -0.18203768245132163], "rotation": [[0.8141932911889317, -0.4088201476569313, 0.4122564389463193], [0.42074687405085, 0.9047555862469767, 0.06625252547131841], [-0.40007668334879704, 0.11951324623092757, 0.9086557276636582]], "fy": 1111.0570005522295, "fx": 1111.0570005522295}, {"id": 96, "img_name": "pot2_000079", "width": 1280, "height": 720, "position": [-2.1422468954610294, 0.19678159389676597, -0.18198523465950397], "rotation": [[0.8193592542160641, -0.40429431863112053, 0.4064437432820111], [0.41574229390320583, 0.9072063199216577, 0.06430426233386978], [-0.3947261805234051, 0.11628756174587532, 0.9114101411508451]], "fy": 1111.0570005522295, "fx": 1111.0570005522295}, {"id": 97, "img_name": "pot2_000080", "width": 1280, "height": 720, "position": [-2.0832318915821095, 0.19943086580362443, -0.1898570337173287], "rotation": [[0.8296464854393213, -0.39533504726070057, 0.39420414711867463], [0.40563734348927283, 0.9120023784807303, 0.06090982853740621], [-0.3835949097226757, 0.10937029785490296, 0.9170022263778763]], "fy": 1111.0570005522295, "fx": 1111.0570005522295}, {"id": 98, "img_name": "pot2_000082", "width": 1280, "height": 720, "position": [-2.0121678050700336, 0.20810057707423302, -0.19343513851094907], "rotation": [[0.8392001347700825, -0.38574743890018026, 0.3833302064589053], [0.3950837863520478, 0.9168323485473001, 0.05768228860726541], [-0.37370032855699326, 0.10304056501783261, 0.9218083891987539]], "fy": 1111.0570005522295, "fx": 1111.0570005522295}, {"id": 99, "img_name": "pot2_000083", "width": 1280, "height": 720, "position": [-1.975997405952384, 0.20752076866797947, -0.1954328889324364], "rotation": [[0.8436349965477338, -0.3808712241203614, 0.3784403562478012], [0.3897071004395158, 0.9192123297493497, 0.05636549213656912], [-0.369335035525917, 0.09992899215858224, 0.923907911027522]], "fy": 1111.057