[{"id": 0, "img_name": "r_0", "width": 800, "height": 800, "position": [-0.053798321634531, 3.8454704284667955, 1.208082318305969], "rotation": [[-0.9999021291732788, -0.004192245192825793, 0.013345719315111632], [-0.013988680206239222, 0.29965907335281367, -0.95394366979599], [-4.6566125961602535e-10, -0.9540371894836427, -0.29968830943107605]], "fy": 1250.0000504168488, "fx": 1250.0000504168488}, {"id": 1, "img_name": "r_1", "width": 800, "height": 800, "position": [-1.3986591100692745, 3.5542497634887686, 1.2888214588165279], "rotation": [[-0.9305422306060793, -0.11707554012537, 0.34696459770202637], [-0.36618456244468683, 0.29751041531562805, -0.8817006945610046], [7.450580630993518e-09, -0.9475130438804626, -0.31971722841262806]], "fy": 1250.0000504168488, "fx": 1250.0000504168488}, {"id": 2, "img_name": "r_2", "width": 800, "height": 800, "position": [-3.385493516921997, -1.6727094650268557, 1.4108426570892334], "rotation": [[0.4429636895656586, -0.31377720832824707, 0.8398374915122986], [-0.8965398073196411, -0.15503148734569552, 0.41494810581207275], [2.331018085569749e-17, -0.9367545843124391, -0.34998694062232966]], "fy": 1250.0000504168488, "fx": 1250.0000504168488}, {"id": 3, "img_name": "r_3", "width": 800, "height": 800, "position": [-1.2464345693588257, -1.63706648349762, 3.466470003128051], "rotation": [[0.7956317663192748, -0.5209259986877441, 0.3092023432254791], [-0.6057804822921754, -0.684183955192566, 0.40610620379447937], [-1.4901160422618655e-08, -0.5104197263717651, -0.8599253892898558]], "fy": 1250.0000504168488, "fx": 1250.0000504168488}, {"id": 4, "img_name": "r_4", "width": 800, "height": 800, "position": [2.886523008346557, 2.5132169723510747, 1.26559317111969], "rotation": [[-0.6566542387008668, 0.23678226768970476, -0.7160581350326537], [0.7541918158531189, 0.20615985989570623, -0.6234523057937622], [-1.490116296805444e-08, -0.9494377374649048, -0.3139549791812897]], "fy": 1250.0000504168488, "fx": 1250.0000504168488}, {"id": 5, "img_name": "r_5", "width": 800, "height": 800, "position": [-2.8906705379486084, 0.3545424342155457, 2.7871713638305664], "rotation": [[-0.12173833698034288, -0.686269521713257, 0.7170870900154114], [-0.992562174797058, 0.08417136222124098, -0.08795115351676942], [9.951582498225461e-18, -0.7224606275558472, -0.691412091255188]], "fy": 1250.0000504168488, "fx": 1250.0000504168488}, {"id": 6, "img_name": "r_6", "width": 800, "height": 800, "position": [2.2328019142150874, -1.9462224245071413, 2.7343761920928964], "rotation": [[0.6570732593536376, 0.5113321542739868, -0.5538899302482604], [0.7538267374038699, -0.44570285081863414, 0.482798308134079], [-1.490116132354516e-08, -0.734770953655243, -0.6783151626586917]], "fy": 1250.0000504168488, "fx": 1250.0000504168488}, {"id": 7, "img_name": "r_7", "width": 800, "height": 800, "position": [-0.1297938227653503, -0.27528816461563105, 4.019623279571533], "rotation": [[0.9045066833496094, -0.42524266242980957, 0.032197881489992135], [-0.42645999789237976, -0.9019248485565187, 0.0682905837893486], [5.945116670804841e-18, -0.07550014555454253, -0.9971457123756409]], "fy": 1250.0000504168488, "fx": 1250.0000504168488}, {"id": 8, "img_name": "r_8", "width": 800, "height": 800, "position": [-3.7495899200439458, -0.6077235937118529, 1.3495359420776367], "rotation": [[0.15998959541320804, -0.3304662406444549, 0.930158793926239], [-0.9871187806129457, -0.05356109142303467, 0.15075767040252686], [6.454272495902861e-18, -0.9422966241836549, -0.33477866649627686]], "fy": 1250.0000504168488, "fx": 1250.0000504168488}, {"id": 9, "img_name": "r_9", "width": 800, "height": 800, "position": [-3.490292310714722, 0.8376882672309875, 1.834703803062439], "rotation": [[-0.23337772488594052, -0.4425659775733948, 0.8658348321914674], [-0.9723862409591674, 0.10621812194585799, -0.2078048437833786], [7.450581495066724e-09, -0.8904227614402771, -0.4551339447498322]], "fy": 1250.0000504168488, "fx": 1250.0000504168488}, {"id": 10, "img_name": "r_10", "width": 800, "height": 800, "position": [-3.3551595211029053, -2.0526268482208256, 0.8829650878906249], "rotation": [[0.5218666791915894, -0.18684424459934235, 0.8323125243186951], [-0.8530269861221315, -0.1143079623579979, 0.5091939568519592], [-7.450580161913651e-09, -0.9757166504859924, -0.21903665363788602]], "fy": 1250.0000504168488, "fx": 1250.0000504168488}, {"id": 11, "img_name": "r_11", "width": 800, "height": 800, "position": [0.5290739536285402, 2.357914447784424, 3.2265028953552237], "rotation": [[-0.9757387042045595, 0.17523753643035891, -0.13124708831310272], [0.21893836557865146, 0.7809780240058899, -0.5849266052246094], [-7.450580595305972e-09, -0.5994703173637391, -0.8003968596458434]], "fy": 1250.0000504168488, "fx": 1250.0000504168488}, {"id": 12, "img_name": "r_12", "width": 800, "height": 800, "position": [-0.4875429272651673, 1.9911646842956545, 3.470960140228272], "rotation": [[-0.9713073372840882, -0.20477892458438873, 0.12094450742006302], [-0.23782765865325925, 0.8363336324691774, -0.49394711852073664], [7.450580590870669e-09, -0.5085383653640747, -0.8610391616821288]], "fy": 1250.0000504168488, "fx": 1250.0000504168488}, {"id": 13, "img_name": "r_13", "width": 800, "height": 800, "position": [2.134881973266602, -3.344459772109985, 0.7119466662406921], "rotation": [[0.842908501625061, 0.095027431845665, -0.529598891735077], [0.5380570292472839, -0.14886790513992312, 0.8296582102775574], [7.450582384200428e-09, -0.9842802286148071, -0.17661219835281372]], "fy": 1250.0000504168488, "fx": 1250.0000504168488}, {"id": 14, "img_name": "r_14", "width": 800, "height": 800, "position": [-1.958509802818298, 0.1245876550674438, 3.5211811065673824], "rotation": [[-0.06348517537117003, -0.8717355132102965, 0.4858465492725373], [-0.9979828596115112, 0.05545414239168165, -0.030906395986676213], [9.07332165676391e-18, -0.48682850599288935, -0.8734976053237915]], "fy": 1250.0000504168488, "fx": 1250.0000504168488}, {"id": 15, "img_name": "r_15", "width": 800, "height": 800, "position": [2.653816938400268, 2.505865573883057, 1.7111091613769536], "rotation": [[-0.6865485906600951, 0.30862814188003523, -0.6583309769630431], [0.7270838618278503, 0.2914219796657563, -0.6216287612915039], [1.2154405385038743e-17, -0.9054401516914367, -0.4244739413261414]], "fy": 1250.0000504168488, "fx": 1250.0000504168488}, {"id": 16, "img_name": "r_16", "width": 800, "height": 800, "position": [-3.1899499893188477, -0.41941213607788075, 2.42864441871643], "rotation": [[0.13035731017589566, -0.5973315834999083, 0.7913291454315184], [-0.9914670586585999, -0.07853669673204422, 0.10404333472251891], [7.450579700718549e-09, -0.7981396317481994, -0.6024724841117859]], "fy": 1250.0000504168488, "fx": 1250.0000504168488}, {"id": 17, "img_name": "r_17", "width": 800, "height": 800, "position": [3.7242627143859863, -1.1142032146453857, 1.0669672489166262], "rotation": [[0.2866219282150269, 0.25357696413993835, -0.923875868320465], [0.9580436348915101, -0.07586367428302764, 0.2763997912406922], [1.2821351957044133e-17, -0.9643357992172242, -0.26468199491500854]], "fy": 1250.0000504168488, "fx": 1250.0000504168488}, {"id": 18, "img_name": "r_18", "width": 800, "height": 800, "position": [0.9608983993530275, 0.09413626790046689, 3.9137976169586186], "rotation": [[-0.09750017523765564, 0.9662678837776184, -0.23836952447891235], [0.9952355623245237, 0.09466229379177092, -0.02335233241319656], [-1.862645365593258e-09, -0.23951059579849246, -0.9708935618400574]], "fy": 1250.0000504168488, "fx": 1250.0000504168488}, {"id": 19, "img_name": "r_19", "width": 800, "height": 800, "position": [3.1680095195770264, -2.1722869873046875, 1.2226545810699463], "rotation": [[0.5655173659324646, 0.2501452565193176, -0.7858862876892089], [0.824736475944519, -0.17152325809001923, 0.5388780236244202], [-0.0, -0.9528940916061401, -0.30330324172973633]], "fy": 1250.0000504168488, "fx": 1250.0000504168488}, {"id": 20, "img_name": "r_20", "width": 800, "height": 800, "position": [1.9119539260864258, -2.9874486923217773, 1.9156154394149778], "rotation": [[0.8422731161117554, 0.25616011023521423, -0.4742973148822785], [0.5390509963035583, -0.4002529382705689, 0.7410947680473327], [1.4901161251096145e-08, -0.8798747658729555, -0.4752056300640106]], "fy": 1250.0000504168488, "fx": 1250.0000504168488}, {"id": 21, "img_name": "r_21", "width": 800, "height": 800, "position": [-0.7987216114997863, -1.6971794366836548, 3.5681405067443848], "rotation": [[0.9048084616661071, -0.37691172957420344, 0.19813841581344602], [-0.42581829428672785, -0.8008883595466614, 0.42101833224296564], [-5.987416962375384e-17, -0.4653121531009675, -0.8851465582847596]], "fy": 1250.0000504168488, "fx": 1250.0000504168488}, {"id": 22, "img_name": "r_22", "width": 800, "height": 800, "position": [2.850735187530518, 1.4779094457626343, 2.437025308609009], "rotation": [[-0.4602559506893158, 0.5367125272750853, -0.7071803212165834], [0.8877863883972167, 0.27824839949607844, -0.3666241765022278], [-0.0, -0.79656583070755, -0.6045514941215515]], "fy": 1250.0000504168488, "fx": 1250.0000504168488}, {"id": 23, "img_name": "r_23", "width": 800, "height": 800, "position": [-2.8561718463897705, 1.5105533599853516, 2.410500049591064], "rotation": [[-0.4675160050392151, -0.5285975337028503, 0.7085289359092715], [-0.8839846849441528, 0.2795611917972564, -0.3747221231460572], [-3.933125892121808e-17, -0.8015172481536865, -0.5979713797569274]], "fy": 1250.0000504168488, "fx": 1250.0000504168488}, {"id": 24, "img_name": "r_24", "width": 800, "height": 800, "position": [-2.1008365154266357, -2.567647218704224, 2.2899067401885977], "rotation": [[0.7739522457122802, -0.35971802473068226, 0.5211533308029174], [-0.6332439780235289, -0.43964818120002747, 0.6369547843933103], [-4.3788599816115054e-17, -0.8229900002479552, -0.5680558681488036]], "fy": 1250.0000504168488, "fx": 1250.0000504168488}, {"id": 25, "img_name": "r_25", "width": 800, "height": 800, "position": [3.637409210205078, 0.5946717858314512, 1.6326723098754883], "rotation": [[-0.1613457202911377, 0.3997095823287964, -0.9023300409317015], [0.9868979454040527, 0.06534761935472486, -0.14751990139484403], [3.725290293367919e-09, -0.9143095612525939, -0.40501609444618225]], "fy": 1250.0000504168488, "fx": 1250.0000504168488}, {"id": 26, "img_name": "r_26", "width": 800, "height": 800, "position": [0.8770476579666138, 3.869088411331177, 0.714801788330078], "rotation": [[-0.9752575755119325, 0.03920060023665428, -0.21756869554519656], [0.22107207775115964, 0.17293313145637512, -0.9598025083541871], [3.7252911851111895e-09, -0.9841530323028563, -0.1773204654455185]], "fy": 1250.0000504168488, "fx": 1250.0000504168488}, {"id": 27, "img_name": "r_27", "width": 800, "height": 800, "position": [-0.42073559761047363, 2.9980766773223873, 2.6616756916046143], "rotation": [[-0.9902960658073425, -0.09176139533519746, 0.10437163710594179], [-0.13897335529327393, 0.653873085975647, -0.7437312006950378], [1.372841287080317e-17, -0.7510190010070802, -0.660280406475067]], "fy": 1250.0000504168488, "fx": 1250.0000504168488}, {"id": 28, "img_name": "r_28", "width": 800, "height": 800, "position": [2.111776828765869, -2.678037405014037, 2.149072885513305], "rotation": [[0.7852338552474977, 0.3301070630550385, -0.5238673686981201], [0.6191992759704589, -0.4186233282089234, 0.664339303970337], [-1.4901161188286557e-08, -0.8460398316383362, -0.5331193804740906]], "fy": 1250.0000504168488, "fx": 1250.0000504168488}, {"id": 29, "img_name": "r_29", "width": 800, "height": 800, "position": [-1.6116830110549927, -3.2011020183563232, 1.845379233360291], "rotation": [[0.8931811451911926, -0.20586316287517553, 0.3998092710971832], [-0.44969666004180914, -0.4088825285434724, 0.7940955758094785], [-3.227357070309085e-17, -0.889064431190491, -0.4577821791172028]], "fy": 1250.0000504168488, "fx": 1250.0000504168488}, {"id": 30, "img_name": "r_30", "width": 800, "height": 800, "position": [1.7322875261306767, 0.5184860825538636, 3.602825641632081], "rotation": [[-0.28673890233039856, 0.8562213182449341, -0.42972761392593384], [0.9580087661743164, 0.2562731802463531, -0.12862055003643036], [-2.3764913920559936e-17, -0.44856342673301697, -0.8937509655952456]], "fy": 1250.0000504168488, "fx": 1250.0000504168488}, {"id": 31, "img_name": "r_31", "width": 800, "height": 800, "position": [-1.2971957921981812, 0.20353946089744576, 3.811280012130737], "rotation": [[-0.15501070022583013, -0.9340340495109558, 0.3217946290969849], [-0.9879127740859988, 0.1465567499399186, -0.05049192160367968], [-6.481163477914328e-18, -0.3257317245006562, -0.9454621076583862]], "fy": 1250.0000504168488, "fx": 1250.0000504168488}, {"id": 32, "img_name": "r_32", "width": 800, "height": 800, "position": [-3.939867734909057, -0.0002467483573127538, 0.8529018759727479], "rotation": [[6.262858369154856e-05, -0.2115788757801056, 0.9773608446121215], [-1.0, -1.3250885785964783e-05, 6.121072510723025e-05], [-1.6557134715371235e-21, -0.977360725402832, -0.21157889068126678]], "fy": 1250.0000504168488, "fx": 1250.0000504168488}, {"id": 33, "img_name": "r_33", "width": 800, "height": 800, "position": [1.6561487913131714, -1.8396297693252561, 3.1816558837890625], "rotation": [[0.7431973218917846, 0.5280798077583313, -0.41083988547325134], [0.6690723896026611, -0.5865845680236816, 0.4563558995723724], [-4.4091838963021177e-17, -0.6140441298484802, -0.7892715334892275]], "fy": 1250.0000504168488, "fx": 1250.0000504168488}, {"id": 34, "img_name": "r_34", "width": 800, "height": 800, "position": [-2.2475540637969975, 2.600733995437622, 2.105869054794312], "rotation": [[-0.7566119432449342, -0.3415797650814057, 0.55754953622818], [-0.6538640260696411, 0.3952555060386657, -0.6451627016067505], [-2.5851932519507563e-17, -0.8526995182037354, -0.5224018096923828]], "fy": 1250.0000504168488, "fx": 1250.0000504168488}, {"id": 35, "img_name": "r_35", "width": 800, "height": 800, "position": [-3.38369369506836, 1.4670655727386475, 1.6273707151412964], "rotation": [[-0.39778962731361384, -0.3703862130641938, 0.8393910527229309], [-0.9174765944480895, 0.16058807075023654, -0.36393412947654724], [-0.0, -0.914891004562378, -0.4037009477615357]], "fy": 1250.0000504168488, "fx": 1250.0000504168488}, {"id": 36, "img_name": "r_36", "width": 800, "height": 800, "position": [1.7566769123077393, -2.0910537242889404, 2.9650602340698238], "rotation": [[0.7656703591346739, 0.47312438488006586, -0.43577790260314947], [0.6432332992553711, -0.5631817579269409, 0.5187265872955322], [2.9802322466281593e-08, -0.6774802803993226, -0.7355409264564515]], "fy": 1250.0000504168488, "fx": 1250.0000504168488}, {"id": 37, "img_name": "r_37", "width": 800, "height": 800, "position": [0.8783321380615235, 0.45939537882804876, 3.9073634147644047], "rotation": [[-0.46346598863601685, 0.8589088916778562, -0.217887356877327], [0.8861148357391359, 0.4492363929748534, -0.11396194994449618], [1.191975427263598e-17, -0.24589067697525024, -0.9692974090576172]], "fy": 1250.0000504168488, "fx": 1250.0000504168488}, {"id": 38, "img_name": "r_38", "width": 800, "height": 800, "position": [-2.10075044631958, 3.081249952316284, 1.5306031703948977], "rotation": [[-0.8262399435043335, -0.21388964354991916, 0.521131932735443], [-0.5633181929588318, 0.31371998786926264, -0.764363884925842], [1.490115941847313e-08, -0.9251114130020142, -0.379695862531662]], "fy": 1250.0000504168488, "fx": 1250.0000504168488}, {"id": 39, "img_name": "r_39", "width": 800, "height": 800, "position": [-0.13960279524326324, 1.6944570541381838, 3.655041217803956], "rotation": [[-0.9966232180595398, -0.07444921135902405, 0.034631188958883286], [-0.0821097195148468, 0.9036423563957217, -0.4203430414199829], [-5.504881339398124e-18, -0.42176723480224615, -0.9067041277885438]], "fy": 1250.0000504168488, "fx": 1250.0000504168488}, {"id": 40, "img_name": "r_40", "width": 800, "height": 800, "position": [-3.3427348136901864, 1.6285674571990967, 1.5568854808807373], "rotation": [[-0.4379815757274628, -0.3472017049789428, 0.8292303085327147], [-0.8989840149879456, 0.1691553443670273, -0.4039978086948395], [-1.490116298363099e-08, -0.9224082231521606, -0.3862156867980957]], "fy": 1250.0000504168488, "fx": 1250.0000504168488}, {"id": 41, "img_name": "r_41", "width": 800, "height": 800, "position": [-0.41710659861564636, 3.929739952087403, 0.7957176566123964], "rotation": [[-0.9944142103195189, -0.02083449065685272, 0.10347139835357665], [-0.10554812848567963, 0.19629064202308652, -0.9748483896255492], [3.7252898552805697e-09, -0.9803243875503538, -0.19739322364330292]], "fy": 1250.0000504168488, "fx": 1250.0000504168488}, {"id": 42, "img_name": "r_42", "width": 800, "height": 800, "position": [0.4743621945381165, 3.950008630752564, 0.6499325037002562], "rotation": [[-0.9928660988807678, 0.0192240234464407, -0.11767476052045824], [0.11923471093177797, 0.160078227519989, -0.9798763990402222], [5.303718994374166e-19, -0.9869171380996705, -0.16122838854789734]], "fy": 1250.0000504168488, "fx": 1250.0000504168488}, {"id": 43, "img_name": "r_43", "width": 800, "height": 800, "position": [1.9496005773544318, -1.4704318046569824, 3.20731806755066], "rotation": [[0.6021551489830017, 0.635220468044281, -0.4836363494396211], [0.7983791828155518, -0.47909730672836304, 0.3647691905498504], [-1.4901162969526803e-08, -0.6057727932929992, -0.7956376075744629]], "fy": 1250.0000504168488, "fx": 1250.0000504168488}, {"id": 44, "img_name": "r_44", "width": 800, "height": 800, "position": [-1.8393374681472783, -1.0502654314041142, 3.429836750030518], "rotation": [[0.4958596825599671, -0.7388696670532227, 0.4562834501266481], [-0.8684027194976807, -0.42189607024192816, 0.26053878664970404], [-0.0, -0.5254283547401428, -0.850837767124176]], "fy": 1250.0000504168488, "fx": 1250.0000504168488}, {"id": 45, "img_name": "r_45", "width": 800, "height": 800, "position": [-2.58927345275879, 1.7476580142974858, 2.5478134155273433], "rotation": [[-0.5594503879547119, -0.5238707065582274, 0.6423196196556089], [-0.8288636207580566, 0.3535921573638915, -0.4335405230522157], [-0.0, -0.7749400138854978, -0.632034659385681]], "fy": 1250.0000504168488, "fx": 1250.0000504168488}, {"id": 46, "img_name": "r_46", "width": 800, "height": 800, "position": [0.007521961349993945, -2.8307116031646733, 2.8700201511383066], "rotation": [[0.9999964833259584, 0.0018918740097433329, -0.0018659689230844378], [0.0026572593487799168, -0.71196186542511, 0.7022131085395813], [4.162743054268412e-20, -0.702215611934662, -0.7119643688201904]], "fy": 1250.0000504168488, "fx": 1250.0000504168488}, {"id": 47, "img_name": "r_47", "width": 800, "height": 800, "position": [0.4215261042118073, 0.9678280353546146, 3.8904531002044687], "rotation": [[-0.9168165326118468, 0.3853738605976105, -0.1045677587389946], [0.39930868148803716, 0.8848220705986023, -0.24008858203887945], [-7.45058062496057e-09, -0.2618719637393952, -0.9651026129722595]], "fy": 1250.0000504168488, "fx": 1250.0000504168488}, {"id": 48, "img_name": "r_48", "width": 800, "height": 800, "position": [0.014908524230122571, -1.1474518775939946, 3.8643410205841073], "rotation": [[0.9999156594276428, 0.012454096227884293, -0.0036983492318540816], [0.012991628609597683, -0.9585439562797546, 0.28464773297309887], [-5.273126092204572e-19, -0.28467184305191046, -0.9586248993873596]], "fy": 1250.0000504168488, "fx": 1250.0000504168488}, {"id": 49, "img_name": "r_49", "width": 800, "height": 800, "position": [1.4343017339706416, -0.5783282518386842, 3.722675800323486], "rotation": [[0.3739576041698456, 0.8564794659614563, -0.355806440114975], [0.9274457693099974, -0.3453431427478791, 0.1434655636548996], [2.3772083891976822e-17, -0.38364118337631214, -0.9234821200370787]], "fy": 1250.0000504168488, "fx": 1250.0000504168488}, {"id": 50, "img_name": "r_50", "width": 800, "height": 800, "position": [1.1368069648742674, 2.938887357711791, 2.514082431793213], "rotation": [[-0.9326562881469728, 0.2249977737665176, -0.28200706839561457], [0.36076587438583374, 0.5816670060157777, -0.7290481328964233], [-3.9011510750188314e-18, -0.7816899418830872, -0.6236670017242432]], "fy": 1250.0000504168488, "fx": 1250.0000504168488}, {"id": 51, "img_name": "r_51", "width": 800, "height": 800, "position": [-2.0656259059906006, 3.2936851978301998, 1.0652819871902464], "rotation": [[-0.8471797108650208, -0.14040516316890717, 0.5124186873435975], [-0.5313065052032473, 0.22387906908988947, -0.8170626759529113], [7.450580606074562e-09, -0.9644504189491272, -0.26426392793655396]], "fy": 1250.0000504168488, "fx": 1250.0000504168488}, {"id": 52, "img_name": "r_52", "width": 800, "height": 800, "position": [-3.0022840499877934, -2.0935845375061035, 1.6891403198242188], "rotation": [[0.5719919204711914, -0.343708485364914, 0.7447749376296996], [-0.8202593326568604, -0.2396784275770187, 0.5193543434143066], [-1.490116121750987e-08, -0.9079751372337342, -0.41902408003807073]], "fy": 1250.0000504168488, "fx": 1250.0000504168488}, {"id": 53, "img_name": "r_53", "width": 800, "height": 800, "position": [-3.886370897293091, -0.8260704278945923, 0.6809762716293335], "rotation": [[0.2079109102487564, -0.16523794829845428, 0.9640897512435914], [-0.9781477451324463, -0.03512227535247802, 0.20492282509803772], [-0.0, -0.9856281876564026, -0.16892938315868378]], "fy": 1250.0000504168488, "fx": 1250.0000504168488}, {"id": 54, "img_name": "r_54", "width": 800, "height": 800, "position": [-3.3270153999328613, 1.048954725265503, 2.02006483078003], "rotation": [[-0.30069300532341003, -0.4779252707958222, 0.8253307938575744], [-0.9537210464477539, 0.1506821811199188, -0.26021358370780945], [7.45058150174185e-09, -0.8653798103332518, -0.5011162757873535]], "fy": 1250.0000504168488, "fx": 1250.0000504168488}, {"id": 55, "img_name": "r_55", "width": 800, "height": 800, "position": [1.413723111152649, -3.671127080917358, 0.8798936009407043], "rotation": [[0.9331966042518615, 0.07844070345163347, -0.3507014811038971], [0.3593668639659881, -0.20369319617748263, 0.9106943607330323], [1.0336679164734354e-18, -0.975887358188629, -0.21827469766139984]], "fy": 1250.0000504168488, "fx": 1250.0000504168488}, {"id": 56, "img_name": "r_56", "width": 800, "height": 800, "position": [-0.6229158639907837, 0.43254923820495605, 3.959151029586792], "rotation": [[-0.5703680515289308, -0.806722939014435, 0.1545263975858688], [-0.8213893175125122, 0.560183823108673, -0.10730224102735518], [-7.450581502608083e-09, -0.1881279945373535, -0.9821443557739256]], "fy": 1250.0000504168488, "fx": 1250.0000504168488}, {"id": 57, "img_name": "r_57", "width": 800, "height": 800, "position": [0.339978963136673, 1.7784502506256108, 3.6016008853912362], "rotation": [[-0.9822137355804442, 0.1677587628364563, -0.08433839678764343], [0.1877657026052475, 0.8775561451911926, -0.4411792159080507], [-1.515495189581108e-17, -0.4491681456565858, -0.8934472203254701]], "fy": 1250.0000504168488, "fx": 1250.0000504168488}, {"id": 58, "img_name": "r_58", "width": 800, "height": 800, "position": [-2.3152351379394536, 0.8177154660224913, 3.1970341205596915], "rotation": [[-0.33302783966064453, -0.7478148937225343, 0.5743390321731568], [-0.9429169893264772, 0.26411992311477656, -0.20285020768642423], [1.490116117826801e-08, -0.6091088652610779, -0.7930864095687866]], "fy": 1250.0000504168488, "fx": 1250.0000504168488}, {"id": 59, "img_name": "r_59", "width": 800, "height": 800, "position": [3.1680438518524165, 0.929991602897644, 2.3127069473266606], "rotation": [[-0.281668484210968, 0.5504832863807679, -0.7858948111534118], [0.9595119953155518, 0.16159653663635257, -0.2307024747133255], [2.980232948445484e-08, -0.8190569877624514, -0.5737118721008301]], "fy": 1250.0000504168488, "fx": 1250.0000504168488}, {"id": 60, "img_name": "r_60", "width": 800, "height": 800, "position": [-2.733840465545654, 2.835769176483154, 0.8570468425750734], "rotation": [[-0.7199268341064454, -0.14755998551845545, 0.678182303905487], [-0.6940498948097228, 0.15306161344051358, -0.7034676671028136], [5.948722307594035e-19, -0.9771378040313722, -0.21260713040828708]], "fy": 1250.0000504168488, "fx": 1250.0000504168488}, {"id": 61, "img_name": "r_61", "width": 800, "height": 800, "position": [-0.020868491381406784, 2.721303939819336, 2.97389793395996], "rotation": [[-0.999970555305481, -0.005657187663018703, 0.005176835227757691], [-0.007668337319046258, 0.7377116084098815, -0.6750723719596862], [-4.656612594419042e-10, -0.6750923395156859, -0.7377331852912903]], "fy": 1250.0000504168488, "fx": 1250.0000504168488}, {"id": 62, "img_name": "r_62", "width": 800, "height": 800, "position": [-1.1724741458892822, 0.31767338514328003, 3.843746662139893], "rotation": [[-0.2615139186382293, -0.9203336238861085, 0.29085499048233027], [-0.9651997685432432, 0.2493577599525451, -0.07880505919456482], [-0.0, -0.3013418912887573, -0.9535160660743713]], "fy": 1250.0000504168488, "fx": 1250.0000504168488}, {"id": 63, "img_name": "r_63", "width": 800, "height": 800, "position": [2.3183114528656006, -3.0213603973388667, 1.3216705322265623], "rotation": [[0.7933608889579773, 0.19958896934986115, -0.5751021504402162], [0.6087514758110046, -0.2601161301136017, 0.7495071291923522], [-7.650875402972408e-18, -0.9447240233421326, -0.3278660476207733]], "fy": 1250.0000504168488, "fx": 1250.0000504168488}, {"id": 64, "img_name": "r_64", "width": 800, "height": 800, "position": [-0.8277195692062378, 3.8852376937866215, 0.685425639152527], "rotation": [[-0.978050947189331, -0.035429153591394424, 0.2053319364786148], [-0.20836612582206726, 0.16630110144615173, -0.9638087749481203], [-4.443043757948205e-18, -0.9854384064674379, -0.17003315687179568]], "fy": 1250.0000504168488, "fx": 1250.0000504168488}, {"id": 65, "img_name": "r_65", "width": 800, "height": 800, "position": [0.7858693599700929, -3.873871326446534, 0.7909042835235596], "rotation": [[0.9800372719764711, 0.039007220417261124, -0.19495016336441043], [0.19881437718868258, -0.1922825276851654, 0.9609890580177307], [1.7291173718468227e-18, -0.9805640578269958, -0.1961991786956787]], "fy": 1250.0000504168488, "fx": 1250.0000504168488}, {"id": 66, "img_name": "r_66", "width": 800, "height": 800, "position": [-1.6834833621978755, 1.7009721994400029, 3.2438523769378658], "rotation": [[-0.7107512354850769, -0.5660614967346191, 0.4176208078861235], [-0.7034435272216796, 0.5719420313835145, -0.4219592511653901], [-1.4901161153558276e-08, -0.5936806797981262, -0.8047007322311401]], "fy": 1250.0000504168488, "fx": 1250.0000504168488}, {"id": 67, "img_name": "r_67", "width": 800, "height": 800, "position": [-0.019819926470518112, 3.5051126480102535, 1.990927815437317], "rotation": [[-0.9999840259552003, -0.002792684594169259, 0.004916718229651451], [-0.005654485896229744, 0.49388048052787775, -0.869511365890503], [-2.3283064323129979e-10, -0.8695253133773804, -0.4938883781433105]], "fy": 1250.0000504168488, "fx": 1250.0000504168488}, {"id": 68, "img_name": "r_68", "width": 800, "height": 800, "position": [2.936947584152221, -1.7953004837036133, 2.0979118347167973], "rotation": [[0.5215556025505066, 0.4440380930900573, -0.7285671234130859], [0.8532173037528992, -0.27143207192420954, 0.4453592896461487], [4.044359847398769e-17, -0.8539056777954102, -0.520427942276001]], "fy": 1250.0000504168488, "fx": 1250.0000504168488}, {"id": 69, "img_name": "r_69", "width": 800, "height": 800, "position": [-3.872175693511963, -0.9257913231849672, 0.6317951679229735], "rotation": [[0.23253430426120758, -0.1524328589439392, 0.9605684280395508], [-0.9725881814956666, -0.03644489124417306, 0.22966052591800692], [-0.0, -0.9876416325569153, -0.15672907233238217]], "fy": 1250.0000504168488, "fx": 1250.0000504168488}, {"id": 70, "img_name": "r_70", "width": 800, "height": 800, "position": [1.0423099994659424, -3.694623470306397, 1.2301819324493408], "rotation": [[0.9624335765838623, 0.08285909146070478, -0.2585652470588684], [0.271517276763916, -0.2937064170837402, 0.9165231585502626], [7.450580580970947e-09, -0.9522977471351622, -0.30517053604125977]], "fy": 1250.0000504168488, "fx": 1250.0000504168488}, {"id": 71, "img_name": "r_71", "width": 800, "height": 800, "position": [-0.9127683639526368, -2.819886684417725, 2.7322323322296143], "rotation": [[0.9513999223709105, -0.20872907340526584, 0.22642995417118075], [-0.30795836448669434, -0.64484304189682, 0.6995278000831606], [-2.4717976855008926e-17, -0.7352615594863893, -0.6777834296226501]], "fy": 1250.0000504168488, "fx": 1250.0000504168488}, {"id": 72, "img_name": "r_72", "width": 800, "height": 800, "position": [3.574975490570069, -1.238826036453247, 1.3909926414489744], "rotation": [[0.32742547988891596, 0.3260418772697448, -0.8868421316146853], [0.9448769688606262, -0.11298235505819317, 0.3073148727416992], [7.450580598935733e-09, -0.9385794997215271, -0.3450627624988555]], "fy": 1250.0000504168488, "fx": 1250.0000504168488}, {"id": 73, "img_name": "r_73", "width": 800, "height": 800, "position": [2.589621782302856, -2.1953184604644775, 2.173576593399048], "rotation": [[0.6466457843780516, 0.411295086145401, -0.6424060463905332], [0.7627904415130615, -0.3486701250076294, 0.5445914268493652], [-1.4901161206611318e-08, -0.8421789407730103, -0.5391979217529297]], "fy": 1250.0000504168488, "fx": 1250.0000504168488}, {"id": 74, "img_name": "r_74", "width": 800, "height": 800, "position": [2.546081066131592, 2.6662297248840336, 1.6305487155914309], "rotation": [[-0.7232142090797423, 0.2793499827384949, -0.6316049695014951], [0.6906238794326782, 0.2925324141979218, -0.6614102125167847], [-1.490116119567609e-08, -0.9145427346229554, -0.4044893682003022]], "fy": 1250.0000504168488, "fx": 1250.0000504168488}, {"id": 75, "img_name": "r_75", "width": 800, "height": 800, "position": [-0.7928509712219237, 3.8922662734985347, 0.6867690086364747], "rotation": [[-0.979877471923828, -0.03400515764951705, 0.1966820955276489], [-0.1996001154184341, 0.16693821549415588, -0.9655523300170897], [3.725290298886814e-09, -0.9853807687759399, -0.17036640644073486]], "fy": 1250.0000504168488, "fx": 1250.0000504168488}, {"id": 76, "img_name": "r_76", "width": 800, "height": 800, "position": [-0.24601672589778897, -3.701932668685913, 1.576442003250122], "rotation": [[0.9977990984916688, -0.02593167126178741, 0.06102923303842544], [-0.06631002575159073, -0.39020639657974243, 0.9183363914489746], [2.089379510354404e-18, -0.9203621149063111, -0.39106708765029913]], "fy": 1250.0000504168488, "fx": 1250.0000504168488}, {"id": 77, "img_name": "r_77", "width": 800, "height": 800, "position": [1.6490324735641482, 0.5256894826889037, 3.640651226043701], "rotation": [[-0.3037268519401551, 0.8604698181152346, -0.40907466411590576], [0.952759087085724, 0.27430623769760126, -0.13040752708911893], [-7.450579264133741e-09, -0.4293579161167145, -0.9031345248222351]], "fy": 1250.0000504168488, "fx": 1250.0000504168488}, {"id": 78, "img_name": "r_78", "width": 800, "height": 800, "position": [-2.904823064804077, 2.6168203353881836, 0.9819653034210206], "rotation": [[-0.6693150401115417, -0.1809863448143006, 0.7205978631973267], [-0.7429786920547485, 0.16304218769073486, -0.6491531729698181], [7.450580181816097e-09, -0.9698768854141236, -0.24359560012817383]], "fy": 1250.0000504168488, "fx": 1250.0000504168488}, {"id": 79, "img_name": "r_79", "width": 800, "height": 800, "position": [0.07294226437807082, 1.9539530277252197, 3.525159120559692], "rotation": [[-0.999303877353668, 0.03262231498956679, -0.018094748258590695], [0.037304628640413284, 0.8738756775856018, -0.4847160875797272], [-4.168775995229287e-18, -0.4850537478923798, -0.874484360218048]], "fy": 1250.0000504168488, "fx": 1250.0000504168488}, {"id": 80, "img_name": "r_80", "width": 800, "height": 800, "position": [2.5287051200866704, -1.0778245925903318, 2.948549509048462], "rotation": [[0.39210337400436396, 0.6728718876838685, -0.6272944808006288], [0.9199212789535521, -0.2868020832538604, 0.26737534999847407], [-0.0, -0.6819003224372864, -0.7314450144767762]], "fy": 1250.0000504168488, "fx": 1250.0000504168488}, {"id": 81, "img_name": "r_81", "width": 800, "height": 800, "position": [-1.7133750915527346, 3.422126293182373, 1.2662529945373535], "rotation": [[-0.8941853046417237, -0.14062994718551639, 0.42503598332405096], [-0.4476967453956605, 0.28088042140007025, -0.8489249348640442], [-1.4901159441934626e-08, -0.9493837356567383, -0.3141186833381652]], "fy": 1250.0000504168488, "fx": 1250.0000504168488}, {"id": 82, "img_name": "r_82", "width": 800, "height": 800, "position": [-0.4118720591068268, 1.2020422220230103, 3.8256313800811776], "rotation": [[-0.9460078477859499, -0.30761945247650146, 0.10217286646366118], [-0.32414349913597107, 0.8977826833724974, -0.2981899380683899], [-7.4505801663129846e-09, -0.31520867347717274, -0.9490222334861755]], "fy": 1250.0000504168488, "fx": 1250.0000504168488}, {"id": 83, "img_name": "r_83", "width": 800, "height": 800, "position": [-3.5302004814147945, 0.17131963372230533, 1.9386422634124756], "rotation": [[-0.048472676426172256, -0.48035264015197754, 0.8757348656654358], [-0.9988245368003845, 0.023311378434300423, -0.04249916598200799], [3.0383161371540184e-18, -0.8767656087875367, -0.4809179306030274]], "fy": 1250.0000504168488, "fx": 1250.0000504168488}, {"id": 84, "img_name": "r_84", "width": 800, "height": 800, "position": [0.692101001739502, -2.587653875350952, 3.0124814510345455], "rotation": [[0.9660431146621703, 0.19308900833129888, -0.17168912291526794], [0.25838056206703186, -0.7219285964965821, 0.6419178843498229], [-1.793539129385475e-17, -0.6644815802574155, -0.7473046779632567]], "fy": 1250.0000504168488, "fx": 1250.0000504168488}, {"id": 85, "img_name": "r_85", "width": 800, "height": 800, "position": [-3.9339594841003414, 0.5637863874435425, 0.6753571033477784], "rotation": [[-0.14186327159404752, -0.1658410429954529, 0.975895166397095], [-0.9898861646652221, 0.023767130449414253, -0.1398581713438034], [-1.8626449249334436e-09, -0.9858660101890565, -0.16753545403480535]], "fy": 1250.0000504168488, "fx": 1250.0000504168488}, {"id": 86, "img_name": "r_86", "width": 800, "height": 800, "position": [1.1644508838653567, -1.5312353372573857, 3.5425093173980713], "rotation": [[0.7959837317466736, 0.5319463610649109, -0.28886470198631287], [0.6053178310394287, -0.6995013952255248, 0.37985274195671087], [1.4901159426831891e-08, -0.4772116243839265, -0.8787884116172792]], "fy": 1250.0000504168488, "fx": 1250.0000504168488}, {"id": 87, "img_name": "r_87", "width": 800, "height": 800, "position": [-2.0406837463378897, -1.0129939317703245, 3.325575590133667], "rotation": [[0.4446315765380858, -0.7389402389526368, 0.5062311887741088], [-0.8957135677337645, -0.36680939793586725, 0.2512927949428558], [-4.1019414803837243e-17, -0.5651710033416747, -0.8249736428260804]], "fy": 1250.0000504168488, "fx": 1250.0000504168488}, {"id": 88, "img_name": "r_88", "width": 800, "height": 800, "position": [-0.004548523575067519, 0.0694514811038971, 4.03052806854248], "rotation": [[-0.9978623390197754, -0.06534235179424286, 0.0011283496860414746], [-0.06535211205482484, 0.9977133870124819, -0.017228789627552032], [1.164153358931641e-10, -0.017264446243643768, -0.9998508095741272]], "fy": 1250.0000504168488, "fx": 1250.0000504168488}, {"id": 89, "img_name": "r_89", "width": 800, "height": 800, "position": [-0.3596622645854951, -3.9271185398101816, 0.8356927633285524], "rotation": [[0.9958323836326598, -0.01890719123184681, 0.08922121673822403], [-0.09120257198810577, -0.20644587278366086, 0.9741981625556946], [1.8626451504387e-09, -0.9782753586769103, -0.2073098421096802]], "fy": 1250.0000504168488, "fx": 1250.0000504168488}, {"id": 90, "img_name": "r_90", "width": 800, "height": 800, "position": [-3.436625480651855, -0.2910483777523041, 2.0868387222290044], "rotation": [[0.08438806980848311, -0.515834391117096, 0.8525217175483704], [-0.9964329004287719, -0.04368609935045242, 0.07220020890235902], [-1.1831116602410329e-17, -0.8555737137794495, -0.5176808834075929]], "fy": 1250.0000504168488, "fx": 1250.0000504168488}, {"id": 91, "img_name": "r_91", "width": 800, "height": 800, "position": [0.21033930778503418, -1.1386629343032835, 3.861243963241577], "rotation": [[0.9833630323410035, 0.17399616539478302, -0.0521787591278553], [0.18165156245231626, -0.9419208168983458, 0.2824675142765044], [7.450580582340528e-09, -0.28724649548530573, -0.9578567147254944]], "fy": 1250.0000504168488, "fx": 1250.0000504168488}, {"id": 92, "img_name": "r_92", "width": 800, "height": 800, "position": [-1.3956377506256104, -2.2291290760040274, 3.0550253391265865], "rotation": [[0.8475822806358337, -0.40216803550720226, 0.3462150990962983], [-0.5306636095046997, -0.6423475742340088, 0.5529788732528684], [-1.3240385680866556e-17, -0.6524189114570618, -0.7578585147857663]], "fy": 1250.0000504168488, "fx": 1250.0000504168488}, {"id": 93, "img_name": "r_93", "width": 800, "height": 800, "position": [-1.8584816455841071, -1.0084656476974485, 3.4320609569549565], "rotation": [[0.4769368469715117, -0.7483181953430174, 0.46103242039680487], [-0.8789376616477965, -0.40605899691581726, 0.2501694858074188], [-1.490116297145107e-08, -0.5245338082313538, -0.8513893485069276]], "fy": 1250.0000504168488, "fx": 1250.0000504168488}, {"id": 94, "img_name": "r_94", "width": 800, "height": 800, "position": [-2.9617588520050058, 1.6074209213256836, 2.212280035018921], "rotation": [[-0.477002203464508, -0.48234069347381586, 0.7347218990325929], [-0.8789020776748657, 0.26177838444709767, -0.3987519741058349], [1.4901161219156283e-08, -0.8359542489051819, -0.5487990379333496]], "fy": 1250.0000504168488, "fx": 1250.0000504168488}, {"id": 95, "img_name": "r_95", "width": 800, "height": 800, "position": [3.563996076583862, -1.8133324384689329, 0.5096641182899475], "rotation": [[0.45347136259078974, 0.1126852259039879, -0.8841186165809632], [0.8912707567214965, -0.0573333315551281, 0.449832409620285], [-0.0, -0.9919750690460205, -0.1264321058988571]], "fy": 1250.0000504168488, "fx": 1250.0000504168488}, {"id": 96, "img_name": "r_96", "width": 800, "height": 800, "position": [-3.0080356597900395, 1.8056513071060178, 1.9852819442749021], "rotation": [[-0.5146697163581848, -0.42225345969200145, 0.746201753616333], [-0.8573886156082152, 0.25346857309341425, -0.4479269087314605], [-4.142252744931621e-17, -0.8703193664550782, -0.49248775839805603]], "fy": 1250.0000504168488, "fx": 1250.0000504168488}, {"id": 97, "img_name": "r_97", "width": 800, "height": 800, "position": [-3.4969570636749263, 0.29924672842025757, 1.9828621149063108], "rotation": [[-0.08526185154914856, -0.4900963902473449, 0.8674881458282471], [-0.9963586330413818, 0.04193924367427825, -0.07423397153615952], [-0.0, -0.8706587553024292, -0.491887480020523]], "fy": 1250.0000504168488, "fx": 1250.0000504168488}, {"id": 98, "img_name": "r_98", "width": 800, "height": 800, "position": [-0.31046348810195923, -3.731215476989746, 1.4938690662384029], "rotation": [[0.9965562224388125, -0.030728945508599285, 0.07701651006937027], [-0.08292051404714584, -0.3693069517612457, 0.9256006479263305], [-7.816038779542315e-18, -0.9287989139556885, -0.37058329582214344]], "fy": 1250.0000504168488, "fx": 1250.0000504168488}, {"id": 99, "img_name": "r_99", "width": 800, "height": 800, "position": [2.103101253509521, -1.032314419746399, 3.2804408073425293], "rotation": [[0.4406329095363617, 0.730517566204071, -0.5217151045799254], [0.8976874351501466, -0.3585770428180695, 0.2560856342315673], [-1.4901161137732119e-08, -0.5811769366264342, -0.8137770891189575]], "fy": 1250.0000504168488, "fx": 1250.0000504168488}, {"id": 100, "img_name": "r_0", "width": 800, "height": 800, "position": [-0.0, 2.7372601032257085, 2.9592916965484632], "rotation": [[-0.9999999403953552, -0.0, -0.0], [0.0, 0.7341099977493285, -0.6790305972099304], [-0.0, -0.6790306568145752, -0.7341098785400393]], "fy": 1250.0000504168488, "fx": 1250.0000504168488}, {"id": 101, "img_name": "r_1", "width": 800, "height": 