[{"id": 0, "img_name": "C0312_000001", "width": 3840, "height": 2160, "position": [2.6054060498655107, -0.3646689699599313, 1.9645173671275389], "rotation": [[-0.5058601661864642, 0.138612126140804, -0.8514059964273976], [-0.2961079450368964, 0.8991296952635444, 0.3223133195840846], [0.8102009486243706, 0.4151535494031236, -0.4137897452404529]], "fy": 4094.4895144211287, "fx": 4094.4895144211296}, {"id": 1, "img_name": "C0312_000009", "width": 3840, "height": 2160, "position": [1.9432600742948445, -0.5917588068777974, 2.699968742523778], "rotation": [[-0.7179518476711971, 0.08589213436582928, -0.6907732520006807], [-0.26251265939001045, 0.8856763415756287, 0.38296804257430467], [0.6446954692608736, 0.45628933718342846, -0.613325193259831]], "fy": 4094.4895144211287, "fx": 4094.4895144211296}, {"id": 2, "img_name": "C0312_000017", "width": 3840, "height": 2160, "position": [0.8175208166032639, -0.8206466755674047, 3.351206158118187], "rotation": [[-0.9121241495257595, 0.003069378580749974, -0.40990256740722886], [-0.19727059049409623, 0.8732726920824359, 0.4455099543098959], [0.3593241572424827, 0.48722210969764385, -0.7959276134446877]], "fy": 4094.4895144211287, "fx": 4094.4895144211296}, {"id": 3, "img_name": "C0312_000025", "width": 3840, "height": 2160, "position": [-0.3541839850699628, -0.9444631511834966, 3.5812731979158063], "rotation": [[-0.9906115718436846, -0.07891963067587371, -0.11162618699645828], [-0.12335223633233587, 0.8680015737341117, 0.48099635527404666], [0.058931651268194905, 0.4902498953483714, -0.8695873162539314]], "fy": 4094.4895144211287, "fx": 4094.4895144211296}, {"id": 4, "img_name": "C0312_000033", "width": 3840, "height": 2160, "position": [-1.598477519516101, -0.9734285734722186, 3.4283903293011058], "rotation": [[-0.9645491108003551, -0.1606720026935071, 0.20935501045998986], [-0.037980855444633914, 0.869558947084098, 0.49236642063171715], [-0.26115602132430077, 0.46696011081938565, -0.8448347693067617]], "fy": 4094.4895144211287, "fx": 4094.4895144211296}, {"id": 5, "img_name": "C0312_000041", "width": 3840, "height": 2160, "position": [-2.6425378870969727, -0.90473150703478, 2.947511123105338], "rotation": [[-0.8463380047166048, -0.22546125919050578, 0.4825755923962045], [0.03900063718247668, 0.8773338933771332, 0.47829299579973145], [-0.5312164644207453, 0.42361829532723533, -0.7337278840226601]], "fy": 4094.4895144211287, "fx": 4094.4895144211296}, {"id": 6, "img_name": "C0312_000049", "width": 3840, "height": 2160, "position": [-3.52982426251777, -0.7431265283593147, 2.1407412616837855], "rotation": [[-0.6377015805197768, -0.2755726700012901, 0.7193027163517026], [0.11164338040825525, 0.8908888470442238, 0.44028719924979753], [-0.7621498867110035, 0.3610772296345664, -0.5373553614004706]], "fy": 4094.4895144211287, "fx": 4094.4895144211296}, {"id": 7, "img_name": "C0312_000057", "width": 3840, "height": 2160, "position": [-4.079585722218978, -0.5266423720903751, 1.20172732492011], "rotation": [[-0.38820967436626, -0.30152648624371087, 0.8708473039643424], [0.16336040374151023, 0.9074791658777509, 0.38703351532810737], [-0.9069766409438851, 0.2925121221271741, -0.30303470294803536]], "fy": 4094.4895144211287, "fx": 4094.4895144211296}, {"id": 8, "img_name": "C0312_000065", "width": 3840, "height": 2160, "position": [-4.325412593592343, -0.2502072088422222, 0.10679942218941824], "rotation": [[-0.09274339746826814, -0.30545758617232405, 0.947678387046903], [0.19753387550055143, 0.9272178158102168, 0.3181941075410788], [-0.9758990881519336, 0.2167089871092295, -0.025655109633683542]], "fy": 4094.4895144211287, "fx": 4094.4895144211296}, {"id": 9, "img_name": "C0312_000073", "width": 3840, "height": 2160, "position": [-4.230394099199598, 0.038093820157156615, -0.9721882617978431], "rotation": [[0.20282765472763373, -0.2866282218346226, 0.9363253734282809], [0.2081092053511256, 0.9469741213011847, 0.24480721442386477], [-0.9568445543168497, 0.1452042562522581, 0.25172251158849046]], "fy": 4094.4895144211287, "fx": 4094.4895144211296}, {"id": 10, "img_name": "C0312_000081", "width": 3840, "height": 2160, "position": [-3.8645147440121885, 0.297019457510556, -1.8873675450736538], "rotation": [[0.4566837304550626, -0.25145015558995176, 0.8533538478213107], [0.19812657365491862, 0.9638807583424657, 0.17798804597195692], [-0.8672864758252661, 0.08778782917319669, 0.49000761820572525]], "fy": 4094.4895144211287, "fx": 4094.4895144211296}, {"id": 11, "img_name": "C0312_000089", "width": 3840, "height": 2160, "position": [-3.234678728680349, 0.5391218624313637, -2.696823270569541], "rotation": [[0.6842696228537589, -0.19998761926845887, 0.7012703012240775], [0.1687650966598156, 0.9789818630842211, 0.11451137018458184], [-0.7094317623203643, 0.03999329808206843, 0.7036384801299181]], "fy": 4094.4895144211287, "fx": 4094.4895144211296}, {"id": 12, "img_name": "C0312_000097", "width": 3840, "height": 2160, "position": [-2.475232665186203, 0.7239296009605879, -3.2604553512424905], "rotation": [[0.8460379910983412, -0.1429590585839528, 0.513597532302359], [0.1275401535393954, 0.9896761471042156, 0.06538067824749534], [-0.517641987143074, 0.01018977044613948, 0.8555366396156419]], "fy": 4094.4895144211287, "fx": 4094.4895144211296}, {"id": 13, "img_name": "C0312_000105", "width": 3840, "height": 2160, "position": [-1.5655524932082052, 0.8674552640126133, -3.6220425683627817], "rotation": [[0.9551876966311273, -0.07769467276147905, 0.2856221315462239], [0.07322514655914236, 0.9969682756680072, 0.02631226373675359], [-0.2868005267009004, -0.0042184281488535195, 0.9579810346494545]], "fy": 4094.4895144211287, "fx": 4094.4895144211296}, {"id": 14, "img_name": "C0312_000113", "width": 3840, "height": 2160, "position": [-0.6195621271617339, 0.949620681079461, -3.740533256873199], "rotation": [[0.9989041226216926, -0.011965662744280837, 0.04524794718522211], [0.011858057218368539, 0.999926190369049, 0.0026458066910147677], [-0.04527626628149033, -0.002106354464578629, 0.9989722833905237]], "fy": 4094.4895144211287, "fx": 4094.4895144211296}, {"id": 15, "img_name": "C0312_000121", "width": 3840, "height": 2160, "position": [0.25635439314243963, 0.970740771649456, -3.6424274780992345], "rotation": [[0.9826671422302002, 0.0458808347429618, -0.17961134870720324], [-0.047613994406668435, 0.9988514935036448, -0.005348033487183447], [0.17915969166576856, 0.01380735053612092, 0.9837231124424187]], "fy": 4094.4895144211287, "fx": 4094.4895144211296}, {"id": 16, "img_name": "C0312_000129", "width": 3840, "height": 2160, "position": [1.1296346950078406, 0.9364913251284743, -3.3304203884448986], "rotation": [[0.9081571931618846, 0.10093006293125818, -0.4062802418344017], [-0.1101485091226774, 0.9939148948597166, 0.0006983652697656237], [0.403878469897046, 0.04411693748086809, 0.9137482571151258]], "fy": 4094.4895144211287, "fx": 4094.4895144211296}, {"id": 17, "img_name": "C0312_000137", "width": 3840, "height": 2160, "position": [1.8476606277700285, 0.8537746696957915, -2.8668810825933826], "rotation": [[0.7905484352975256, 0.14396392218719486, -0.5952373984866149], [-0.16490416930331755, 0.9861170297693562, 0.01948893391762949], [0.5897794387692882, 0.08275018252150419, 0.803313525902335]], "fy": 4094.4895144211287, "fx": 4094.4895144211296}, {"id": 18, "img_name": "C0312_000145", "width": 3840, "height": 2160, "position": [2.468025705255353, 0.7206829410773925, -2.2241146450295006], "rotation": [[0.6231794640726264, 0.17824612896876846, -0.7614956815805348], [-0.21608981124181026, 0.9750203000584415, 0.05138684609338731], [0.7516332543439205, 0.1325282308853318, 0.6461298004137954]], "fy": 4094.4895144211287, "fx": 4094.4895144211296}, {"id": 19, "img_name": "C0312_000153", "width": 3840, "height": 2160, "position": [2.9101452351039923, 0.5496940160588343, -1.4726488488959146], "rotation": [[0.42387293411685584, 0.199237274883013, -0.8835362154548948], [-0.25729178231118627, 0.9618043747891611, 0.09345203792087207], [0.868408126676795, 0.1877148180981505, 0.458944955945784]], "fy": 4094.4895144211287, "fx": 4094.4895144211296}, {"id": 20, "img_name": "C0312_000161", "width": 3840, "height": 2160, "position": [3.150115903571506, 0.3639283807004815, -0.710317298183292], "rotation": [[0.21896264800046517, 0.20643604450220604, -0.953645383940439], [-0.285070162043474, 0.9482545485990351, 0.1398152844782988], [0.9331614873606451, 0.24124151921160542, 0.26648108359758815]], "fy": 4094.4895144211287, "fx": 4094.4895144211296}, {"id": 21, "img_name": "C0312_000169", "width": 3840, "height": 2160, "position": [3.2125795124006626, 0.15110105076288421, 0.12107113825657996], "rotation": [[-0.006692112574579823, 0.20101853610112339, -0.9795645786639342], [-0.3023835907282197, 0.9333195655819426, 0.1935942988836246], [0.9531628295771912, 0.29749980948850213, 0.05453882714825563]], "fy": 4094.4895144211287, "fx": 4094.4895144211296}, {"id": 22, "img_name": "C0312_000177", "width": 3840, "height": 2160, "position": [3.098503138265118, -0.05181576699129799, 0.8776433631444294], "rotation": [[-0.21408643487091195, 0.1845345517124534, -0.9592257281936022], [-0.3066602650888026, 0.919650052355168, 0.24536353237350086], [0.9274300406067983, 0.34668541998102625, -0.14029518649138115]], "fy": 4094.4895144211287, "fx": 4094.4895144211296}, {"id": 23, "img_name": "C0312_000185", "width": 3840, "height": 2160, "position": [2.8093551198709528, -0.26104147506301617, 1.622319406482779], "rotation": [[-0.4202825221666951, 0.15639549104153988, -0.8938137680429168], [-0.29913651080964954, 0.9060883537440091, 0.2992010078694585], [0.8566679341856038, 0.3931212861081768, -0.3340294971208727]], "fy": 4094.4895144211287, "fx": 4094.4895144211296}, {"id": 24, "img_name": "C0312_000193", "width": 3840, "height": 2160, "position": [2.4004325018588593, -0.44203989448317405, 2.235101426050367], "rotation": [[-0.5920377774651646, 0.12186769639878398, -0.7966426643285942], [-0.28183611815777826, 0.894775612370145, 0.3463307754291943], [0.755022961608362, 0.4295635786261284, -0.4953942463957882]], "fy": 4094.4895144211287, "fx": 4094.4895144211296}, {"id": 25, "img_name": "C0312_000201", "width": 3840, "height": 2160, "position": [1.8480215521285221, -0.6136134149109392, 2.7763831881222707], "rotation": [[-0.7457328114794292, 0.07875821064535887, -0.6615736679606641], [-0.2536450518148234, 0.8846503762269803, 0.3912261488337887], [0.6160736657030889, 0.4595550631832963, -0.6397361818200955]], "fy": 4094.4895144211287, "fx": 4094.4895144211296}, {"id": 26, "img_name": "C0312_000209", "width": 3840, "height": 2160, "position": [1.206821220955726, -0.7538200584527487, 3.1827881644742755], "rotation": [[-0.8639746133368922, 0.031086164719896864, -0.5025748878250633], [-0.21779522280760535, 0.8768282350620029, 0.4286461094192254], [0.45399681544208326, 0.4797977663152054, -0.7507869171791597]], "fy": 4094.4895144211287, "fx": 4094.4895144211296}, {"id": 27, "img_name": "C0312_000002", "width": 3840, "height": 2160, "position": [2.560209389122698, -0.3841081346833564, 2.030171312060863], "rotation": [[-0.5245426506956358, 0.134822010615089, -0.8406414414332076], [-0.2939856636331726, 0.8979668720323235, 0.32745675487100256], [0.7990165437457223, 0.418901566225515, -0.43138618502966825]], "fy": 4094.4895144211287, "fx": 4094.4895144211296}, {"id": 28, "img_name": "C0312_000003", "width": 3840, "height": 2160, "position": [2.5114684586529576, -0.40435646941785414, 2.0971795997530926], "rotation": [[-0.5436540871193626, 0.13090619129851597, -0.8290378776860131], [-0.2915493800746616, 0.8967984150110594, 0.33279357237142143], [0.7870445937407188, 0.4226300650845468, -0.4493825047219114]], "fy": 4094.4895144211287, "fx": 4094.4895144211296}, {"id": 29, "img_name": "C0312_000004", "width": 3840, "height": 2160, "position": [2.4607149200708442, -0.4239163755359631, 2.163471605469649], "rotation": [[-0.5626693716893921, 0.12669228062681226, -0.8169163018279422], [-0.2890773060726172, 0.8956467271635188, 0.33801072650890196], [0.7744917619164602, 0.4263402469282654, -0.4673291180449627]], "fy": 4094.4895144211287, "fx": 4094.4895144211296}, {"id": 30, "img_name": "C0312_000005", "width": 3840, "height": 2160, "position": [2.4086555515647725, -0.44424651393141323, 2.227830556811935], "rotation": [[-0.5813446667508141, 0.1226193415422146, -0.8043648895371666], [-0.2865714142282095, 0.8943790888188756, 0.34345723173455245], [0.7615216365853491, 0.43017501387606394, -0.48480331522082165]], "fy": 4094.4895144211287, "fx": 4094.4895144211296}, {"id": 31, "img_name": "C0312_000006", "width": 3840, "height": 2160, "position": [2.3003855276378067, -0.4823504864466369, 2.353914697273917], "rotation": [[-0.6177363719220933, 0.11373756146321422, -0.7781166634361006], [-0.2812734830982502, 0.8920685814265391, 0.35369319153387796], [0.734361629246999, 0.43735273309314504, -0.5190718489242591]], "fy": 4094.4895144211287, "fx": 4094.4895144211296}, {"id": 32, "img_name": "C0312_000007", "width": 3840, "height": 2160, "position": [2.1863499917773326, -0.52028132202829, 2.474796084944732], "rotation": [[-0.6526671651882402, 0.10473980282232528, -0.7503700055238652], [-0.275488460756187, 0.8897983764212453, 0.3638199517732671], [0.7057844426418961, 0.44417161438216207, -0.551887576868524]], "fy": 4094.4895144211287, "fx": 4094.4895144211296}, {"id": 33, "img_name": "C0312_000008", "width": 3840, "height": 2160, "position": [2.067413476029015, -0.5564681885330532, 2.5898968517227465], "rotation": [[-0.6860242651689523, 0.09545149496176807, -0.7212903158291828], [-0.2692275522425349, 0.8876866766849556, 0.3735356598097593], [0.6759343405338211, 0.4504457527223258, -0.5832764277266186]], "fy": 4094.4895144211287, "fx": 4094.4895144211296}, {"id": 34, "img_name": "C0312_000010", "width": 3840, "height": 2160, "position": [1.814989753971042, -0.6247411791197617, 2.8025793094688973], "rotation": [[-0.748058568367468, 0.07602506869963797, -0.6592636553164671], [-0.255653132742862, 0.8837307438445529, 0.39199674501545795], [0.6124131399723349, 0.4617793426661361, -0.64164630808262]], "fy": 4094.4895144211287, "fx": 4094.4895144211296}, {"id": 35, "img_name": "C0312_000011", "width": 3840, "height": 2160, "position": [1.6823106920379105, -0.6577017706171758, 2.9005304137243773], "rotation": [[-0.7767274460014664, 0.06612378999704895, -0.6263562237452944], [-0.24814019064277712, 0.8819149223386026, 0.40081481452693674], [0.578896295044117, 0.4667480199775064, -0.6685995553627535]], "fy": 4094.4895144211287, "fx": 4094.4895144211296}, {"id": 36, "img_name": "C0312_000012", "width": 3840, "height": 2160, "position": [1.545868462226526, -0.6882104973462366, 2.9919573603717207], "rotation": [[-0.8036420235696509, 0.05592123439847914, -0.5924798000744215], [-0.24035875149266878, 0.8802608082406325, 0.40910705207370096], [0.5444145190328429, 0.47118332421563763, -0.693973419121611]], "fy": 4094.4895144211287, "fx": 4094.4895144211296}, {"id": 37, "img_name": "C0312_000013", "width": 3840, "height": 2160, "position": [1.4057405941512857, -0.7184133021096778, 3.0769158259965987], "rotation": [[-0.828910772848986, 0.04567009322835778, -0.557513383910565], [-0.2322637476805925, 0.878585926685745, 0.41730123525232576], [0.5088815993610519, 0.47539563735299883, -0.717661832493183]], "fy": 4094.4895144211287, "fx": 4094.4895144211296}, {"id": 38, "img_name": "C0312_000014", "width": 3840, "height": 2160, "position": [1.2626727667509736, -0.7456047103421445, 3.1551365127372897], "rotation": [[-0.8523217579328869, 0.03517768609877094, -0.5218334517400438], [-0.22387645518573637, 0.8771713250723066, 0.4247938315046051], [0.4726806043912329, 0.47888724859994986, -0.7397567501285186]], "fy": 4094.4895144211287, "fx": 4094.4895144211296}, {"id": 39, "img_name": "C0312_000015", "width": 3840, "height": 2160, "position": [1.1164588686321228, -0.7721642270073278, 3.226917213692081], "rotation": [[-0.874056865288492, 0.024593852883879518, -0.4852007199524546], [-0.21523947838417476, 0.8757488204060607, 0.4321295760559577], [0.4355416893788269, 0.4821401725201078, -0.7601607006780324]], "fy": 4094.4895144211287, "fx": 4094.4895144211296}, {"id": 40, "img_name": "C0312_000016", "width": 3840, "height": 2160, "position": [0.9681525020194259, -0.7970517831632226, 3.2924425982549166], "rotation": [[-0.8939946471307395, 0.013845252009740332, -0.4478636845049745], [-0.20638092764579988, 0.8744649241853117, 0.4389965934647285], [0.3977191013839335, 0.48489112733309914, -0.7789095653719964]], "fy": 4094.4895144211287, "fx": 4094.4895144211296}, {"id": 41, "img_name": "C0312_000018", "width": 3840, "height": 2160, "position": [0.6647117464049606, -0.8426322463782087, 3.4036550219454433], "rotation": [[-0.9284816554911564, -0.007776854932836739, -0.37129682996728447], [-0.18789984729671363, 0.8722092499905396, 0.45160233792221666], [0.3203364837202792, 0.48907110399030307, -0.8112915582202446]], "fy": 4094.4895144211287, "fx": 4094.4895144211296}, {"id": 42, "img_name": "C0312_000019", "width": 3840, "height": 2160, "position": [0.5878348582998553, -0.8527704627108852, 3.4272459081690707], "rotation": [[-0.9359665408788946, -0.0132608652248101, -0.35183914479302275], [-0.1831873496200473, 0.87172647309878, 0.454461605680771], [0.3006809426857292, 0.48981333745851735, -0.8183360343730253]], "fy": 4094.4895144211287, "fx": 4094.4895144211296}, {"id": 43, "img_name": "C0312_000020", "width": 3840, "height": 2160, "position": [0.433202820778787, -0.8723596488679011, 3.4695574522500476], "rotation": [[-0.9495770318467671, -0.024202012877827674, -0.3125983415850834], [-0.17360296326630287, 0.8708185963626622, 0.4599314985670382], [0.26108518099318034, 0.49100838567342636, -0.8311108791636249]], "fy": 4094.4895144211287, "fx": 4094.4895144211296}, {"id": 44, "img_name": "C0312_000021", "width": 3840, "height": 2160, "position": [0.2776895969737683, -0.889883278090521, 3.504934654585058], "rotation": [[-0.9613604264020655, -0.03535446290825972, -0.2730131727600466], [-0.164031525779496, 0.8700144889160807, 0.46493918701970216], [0.2210877407241051, 0.4917569023700222, -0.8421967465342948]], "fy": 4094.4895144211287, "fx": 4094.4895144211296}, {"id": 45, "img_name": "C0312_000022", "width": 3840, "height": 2160, "position": [0.1205535442542266, -0.906405292974937, 3.5336412458087163], "rotation": [[-0.9713732207645203, -0.046253159074430616, -0.2330122555944151], [-0.154071381029983, 0.8692567424125817, 0.46973899701619476], [0.18082056168775557, 0.49219240246665946, -0.8514990096441813]], "fy": 4094.4895144211287, "fx": 4094.4895144211296}, {"id": 46, "img_name": "C0312_000023", "width": 3840, "height": 2160, "position": [-0.037345086698102256, -0.920195583714624, 3.55648793662736], "rotation": [[-0.9795877215069532, -0.05717359127355308, -0.19271501325454723], [-0.1439076209579336, 0.8688295804204288, 0.47373595685433206], [0.14035131813789045, 0.4917990856511901, -0.859322504563688]], "fy": 4094.4895144211287, "fx": 4094.4895144211296}, {"id": 47, "img_name": "C0312_000024", "width": 3840, "height": 2160, "position": [-0.19550663314152936, -0.9330889297626069, 3.5721007048585114], "rotation": [[-0.9859858704231085, -0.06816500012914045, -0.15226751486570614], [-0.13378643098619392, 0.8683373717853927, 0.4775891536088452], [0.09966470894935747, 0.4912674846946733, -0.8652879314261858]], "fy": 4094.4895144211287, "fx": 4094.4895144211296}, {"id": 48, "img_name": "C0312_000026", "width": 3840, "height": 2160, "position": [-0.5121170490613229, -0.9539877140803469, 3.5843741706698355], "rotation": [[-0.9934298654137185, -0.0896722070218927, -0.07110553981162909], [-0.11296810914347377, 0.8677941053382485, 0.48391279902141154], [0.018311439611034302, 0.4887660851859626, -0.8722226809429798]], "fy": 4094.4895144211287, "fx": 4094.4895144211296}, {"id": 49, "img_name": "C0312_000027", "width": 3840, "height": 2160, "position": [-0.6697900451231397, -0.9619147100776342, 3.5808788873216533], "rotation": [[-0.9944854868740279, -0.10031266683655903, -0.030593876332751634], [-0.10248705133355601, 0.8676883299815829, 0.4864291997019963], [-0.022249060786452057, 0.48688225566959104, -0.873184200732131]], "fy": 4094.4895144211287, "fx": 4094.4895144211296}, {"id": 50, "img_name": "C0312_000028", "width": 3840, "height": 2160, "position": [-0.8281100869264879, -0.9677328453628824, 3.570738948253783], "rotation": [[-0.9937945896907808, -0.11076847212383575, 0.010132081952008402], [-0.09173781468429862, 0.8677370208715065, 0.48848401812750436], [-0.0629006109531575, 0.484523279309048, -0.8725140141850585]], "fy": 4094.4895144211287, "fx": 4094.4895144211296}, {"id": 51, "img_name": "C0312_000029", "width": 3840, "height": 2160, "position": [-0.9845726111233327, -0.9723189030987098, 3.5546201769784593], "rotation": [[-0.9913683976257616, -0.12101874788061698, 0.05042978138300215], [-0.0810110468462273, 0.867874703000825, 0.49013335958707], [-0.10308205701191696, 0.4818173539347014, -0.8701874091076903]], "fy": 4094.4895144211287, "fx": 4094.4895144211296}, {"id": 52, "img_name": "C0312_000030", "width": 3840, "height": 2160, "position": [-1.140348385219264, -0.9755164454009093, 3.5319135906221093], "rotation": [[-0.9871952322735552, -0.13123041904852858, 0.09068710212984053], [-0.07024962768725618, 0.8680725680606072, 0.49144176296939235], [-0.14321509412824626, 0.47877823018283744, -0.8661759885362945]], "fy": 4094.4895144211287, "fx": 4094.4895144211296}, {"id": 53, "img_name": "C0312_000031", "width": 3840, "height": 2160, "position": [-1.2947710571295237, -0.9763992980729642, 3.503674456536758], "rotation": [[-0.9813209378199291, -0.14123540163216794, 0.13062074231152962], [-0.059488682803228665, 0.8684834977390883, 0.49213566297639516], [-0.18294893717797775, 0.47517257441973576, -0.8606629484907373]], "fy": 4094.4895144211287, "fx": 4094.4895144211296}, {"id": 54, "img_name": "C0312_000032", "width": 3840, "height": 2160, "position": [-1.4471254128444628, -0.9751282709682682, 3.4689383311625135], "rotation": [[-0.9737601016983832, -0.15113823500449633, 0.17014258214826544], [-0.048853267691516676, 0.8690210684210462, 0.492357330478794], [-0.22227150644249163, 0.47112590308756, -0.8536016406168134]], "fy": 4094.4895144211287, "fx": 4094.4895144211296}, {"id": 55, "img_name": "C0312_000034", "width": 3840, "height": 2160, "position": [-1.7462985031337581, -0.9690180359960558, 3.382157255315701], "rotation": [[-0.9537587288284911, -0.17012966067944976, 0.24779060866093436], [-0.02748654430510838, 0.8703062635732718, 0.4917433247816327], [-0.2993138437587282, 0.4621935808102773, -0.8347384720929962]], "fy": 4094.4895144211287, "fx": 4094.4895144211296}, {"id": 56, "img_name": "C0312_000035", "width": 3840, "height": 2160, "position": [-1.8923361942239705, -0.9636733304689451, 3.3305838727105437], "rotation": [[-0.9413838555471407, -0.1792744071711314, 0.28575710568354884], [-0.016913750141182, 0.8711146842492409, 0.49078827608400244], [-0.33691298813100284, 0.45718693531069404, -0.8230855026118815]], "fy": 4094.4895144211287, "fx": 4094.4895144211296}, {"id": 57, "img_name": "C0312_000036", "width": 3840, "height": 2160, "position": [-2.035470198933801, -0.9564535209757294, 3.273086875939118], "rotation": [[-0.9274642114163973, -0.18819937524166444, 0.32309616478752246], [-0.0064577310466099385, 0.8720303281988647, 0.4894092402183575], [-0.37385616786605025, 0.45182308690462847, -0.8099922616225931]], "fy": 4094.4895144211287, "fx": 4094.4895144211296}, {"id": 58, "img_name": "C0312_000037", "width": 3840, "height": 2160, "position": [-2.176205048846096, -0.9471719565189236, 3.209555199231539], "rotation": [[-0.9119576675030697, -0.19688910863354775, 0.3599554022151175], [0.003962161918659215, 0.8730644396929355, 0.4875887461955937], [-0.4102651751675863, 0.44608649726835253, -0.7954177034738172]], "fy": 4094.4895144211287, "fx": 4094.4895144211296}, {"id": 59, "img_name": "C0312_000038", "width": 3840, "height": 2160, "position": [-2.245174152431158, -0.942780536921126, 3.175991272933248], "rotation": [[-0.9036904616972368, -0.20116763908746083, 0.3779882675711123], [0.009102539964685828, 0.8735407420083308, 0.48666591807699694], [-0.42808958548839404, 0.44323600151105974, -0.7875792999824599]], "fy": 4094.4895144211287, "fx": 4094.4895144211296}, {"id": 60, "img_name": "C0312_000039", "width": 3840, "height": 2160, "position": [-2.381439656971444, -0.9310872636924974, 3.1046983703079394], "rotation": [[-0.8859533460289674, -0.20945606156750426, 0.41378113409471273], [0.019328993280034363, 0.874752015607724, 0.4841851930914502], [-0.4633714046840365, 0.43696346467737374, -0.7709409003667453]], "fy": 4094.4895144211287, "fx": 4094.4895144211296}, {"id": 61, "img_name": "C0312_000040", "width": 3840, "height": 2160, "position": [-2.5138811958829974, -0.9184555088600468, 3.028866352040169], "rotation": [[-0.8668228067365653, -0.21762036442411792, 0.44861965929867176], [0.029178638583296054, 0.8760481337663389, 0.48134008182878335], [-0.4977618193190068, 0.4303266716256716, -0.7530286361857713]], "fy": 4094.4895144211287, "fx": 4094.4895144211296}, {"id": 62, "img_name": "C0312_000042", "width": 3840, "height": 2160, "position": [-2.7684851651240057, -0.889176531220726, 2.861030943824882], "rotation": [[-0.8244449150090468, -0.23279672050976402, 0.5158451987133584], [0.04896643147541581, 0.8787200347914387, 0.47481932252668113], [-0.5638198920792781, 0.41672147457988284, -0.7130570397378312]], "fy": 4094.4895144211287, "fx": 4094.4895144211296}, {"id": 63, "img_name": "C0312_000043", "width": 3840, "height": 2160, "position": [-2.8900372204444706, -0.8726772596932703, 2.770663294427594], "rotation": [[-0.8012840235232772, -0.23999499887422626, 0.5480386064518707], [0.05848727276063883, 0.8802076245259993, 0.4709710995924485], [-0.5954184684500229, 0.40943490110353015, -0.6912596539557129]], "fy": 4094.4895144211287, "fx": 4094.4895144211296}, {"id": 64, "img_name": "C0312_000044", "width": 3840, "height": 2160, "position": [-3.0077191773987315, -0.8546097943660725, 2.675245008504648], "rotation": [[-0.7768559609609867, -0.24680317701247448, 0.5792952681801659], [0.06795834089282747, 0.8817501714251889, 0.4667957787884808], [-0.6260003832446713, 0.40200102861584724, -0.6682205423131834]], "fy": 4094.4895144211287, "fx": 4094.4895144211296}, {"id": 65, "img_name": "C0312_000045", "width": 3840, "height": 2160, "position": [-3.1213218430949663, -0.8348692703213462, 2.575861122152403], "rotation": [[-0.7512228642962481, -0.25323402676416745, 0.6095381332183785], [0.0772239640981711, 0.8834120783934973, 0.4621899599920422], [-0.6555155738252945, 0.3942786165103126, -0.6440836164933933]], "fy": 4094.4895144211287, "fx": 4094.4895144211296}, {"id": 66, "img_name": "C0312_000046", "width": 3840, "height": 2160, "position": [-3.230428215795363, -0.8141492760482224, 2.472451220849614], "rotation": [[-0.7244264653754486, -0.2594149092593457, 0.6386784802368082], [0.0861915751074435, 0.8851347661746184, 0.4572826894706399], [-0.6839424746600634, 0.3863163866094333, -0.6188556704053852]], "fy": 4094.4895144211287, "fx": 4094.4895144211296}, {"id": 67, "img_name": "C0312_000047", "width": 3840, "height": 2160, "position": [-3.3348543008967892, -0.791738887471593, 2.365153557466979], "rotation": [[-0.6965242013041536, -0.2652040045227616, 0.6667239856062634], [0.09491665047859549, 0.8869688232403877, 0.4519702822769279], [-0.711227717724453, 0.3780914473836362, -0.5926229753863849]], "fy": 4094.4895144211287, "fx": 4094.4895144211296}, {"id": 68, "img_name": "C0312_000048", "width": 3840, "height": 2160, "position": [-3.4350554515361105, -0.7673599050090524, 2.254806514275246], "rotation": [[-0.667588471277494, -0.2704468203634743, 0.6936743835350022], [0.1034644458830651, 0.8889546610334096, 0.4461554875433968], [-0.7373064094767445, 0.3696188955968871, -0.5654742527845531]], "fy": 4094.4895144211287, "fx": 4094.4895144211296}, {"id": 69, "img_name": "C0312_000050", "width": 3840, "height": 2160, "position": [-3.620013955901889, -0.7170316873425036, 2.023422371532869], "rotation": [[-0.6068127827533648, -0.28023429725863497, 0.74380574434934], [0.1195767771526918, 0.8929519325788396, 0.4339795392290874], [-0.7857987280804749, 0.35228622559457884, -0.5083451329593235]], "fy": 4094.4895144211287, "fx": 4094.4895144211296}, {"id": 70, "img_name": "C0312_000051", "width": 3840, "height": 2160, "position": [-3.7052383484026827, -0.6907574416954065, 1.903847912877859], "rotation": [[-0.5752034222343282, -0.28460675366739174, 0.7669028744351047], [0.1271063187069231, 0.8950382046395754, 0.42749338706036094], [-0.8080748769728531, 0.34337386039486767, -0.47865372160136255]], "fy": 4094.4895144211287, "fx": 4094.4895144211296}, {"id": 71, "img_name": "C0312_000052", "width": 3840, "height": 2160, "position": [-3.7855769899334732, -0.663098865561238, 1.7818575744836187], "rotation": [[-0.5427945597809717, -0.2885313882834854, 0.7887481878568], [0.1343210973392356, 0.8972246900531256, 0.4206491392700767], [-0.8290548285136301, 0.33427158648960476, -0.4482528279709542]], "fy": 4094.4895144211287, "fx": 4094.4895144211296}, {"id": 72, "img_name": "C0312_000053", "width": 3840, "height": 2160, "position": [-3.860136961928674, -0.6341125158263261, 1.6564033645470815], "rotation": [[-0.5095174816682941, -0.29208838453882363, 0.809367846835973], [0.14138964531664192, 0.8994160276396006, 0.4135937347473183], [-0.8487643395381508, 0.32516947095707066, -0.41696991628397495]], "fy": 4094.4895144211287, "fx": 4094.4895144211296}, {"id": 73, "img_name": "C0312_000054", "width": 3840, "height": 2160, "position": [-3.9293912718818134, -0.6036217163562396, 1.5293172046125136], "rotation": [[-0.47567339380958085, -0.2950959212058568, 0.8286454125314051], [0.1481585632858305, 0.9017094402423189, 0.4061639145750917], [-0.8670547056251722, 0.31597228148296574, -0.38519820195283294]], "fy": 4094.4895144211287, "fx": 4094.4895144211296}, {"id": 74, "img_name": "C0312_000055", "width": 3840, "height": 2160, "position": [-3.993510739171059, -0.5736394881380661, 1.3996251454509374], "rotation": [[-0.4410720610717885, -0.2980192248917862, 0.8465459104719503], [0.15436679217304475, 0.9040064849170878, 0.3986767722128482], [-0.8840963354839155, 0.3065237622481334, -0.3527277317722003]], "fy": 4094.4895144211287, "fx": 4094.4895144211296}, {"id": 75, "img_name": "C0312_000056", "width": 3840, "height": 2160, "position": [-4.052455595415901, -0.5425398178282365, 1.2681042516263483], "rotation": [[-0.4059557199097219, -0.3004389232116042, 0.8630969857970948], [0.16050511614082041, 0.9063001000586418, 0.39097088935919166], [-0.8996877575943782, 0.29724835079970974, -0.3196957253102575]], "fy": 4094.4895144211287, "fx": 4094.4895144211296}, {"id": 76, "img_name": "C0312_000058", "width": 3840, "height": 2160, "position": [-4.129435593546922, -0.49362701602030873, 1.0672094614672847], "rotation": [[-0.35221458776963366, -0.3033447348562425, 0.8853964400184035], [0.16903860217455163, 0.909841781459768, 0.37896422480887226], [-0.9205274765791295, 0.2831429048115311, -0.2691825780353321]], "fy": 4094.4895144211287, "fx": 4094.4895144211296}, {"id": 77, "img_name": "C0312_000059", "width": 3840, "height": 2160, "position": [-4.1743021592597795, -0.46044427462165977, 0.9315972536218926], "rotation": [[-0.31585983056809447, -0.3047971895738624, 0.8985161326661693], [0.17421196803207878, 0.9122660868010221, 0.3707030847823358], [-0.9326750546829716, 0.2736224773307645, -0.23504889336368026]], "fy": 4094.4895144211287, "fx": 4094.4895144211296}, {"id": 78, "img_name": "C0312_000060", "width": 3840, "height": 2160, "position": [-4.213176694271321, -0.42639026844055256, 0.7955493886924956], "rotation": [[-0.2792812291795798, -0.305829371241566, 0.9102034886298401], [0.17906004019024002, 0.9147063916867687, 0.3622840308576145], [-0.9433660461533543, 0.26416020270540325, -0.2006985059028283]], "fy": 4094.4895144211287, "fx": 4094.4895144211296}, {"id": 79, "img_name": "C0312_000061", "width": 3840, "height": 2160, "position": [-4.2469343807938955, -0.39171718799712596, 0.6588795547921359], "rotation": [[-0.24234587344226038, -0.3064214024464579, 0.9205294138419766], [0.18344959433831529, 0.9172245018556907, 0.3536176742368622], [-0.9526881567242319, 0.254568531673351, -0.16607269106947914]], "fy": 4094.4895144211287, "fx": 4094.4895144211296}, {"id": 80, "img_name": "C0312_000062", "width": 3840, "height": 2160, "position": [-4.274538475298702, -0.35666405353675884, 0.5213675676170328], "rotation": [[-0.20516142201962195, -0.3067179534437675, 0.9294261067724283], [0.1874848069338907, 0.9197240609700484, 0.3449015784854053], [-0.960603059584888, 0.2450137724864245, -0.13118693992971386]], "fy": 4094.4895144211287, "fx": 4094.4895144211296}, {"id": 81, "img_name": "C0312_000063", "width": 3840, "height": 2160, "position": [-4.2969215194117165, -0.32167962054666427, 0.3830019147823837], "rotation": [[-0.16775724620053523, -0.30671543706747906, 0.9369008202641933], [0.1912376648301083, 0.922191226667502, 0.3361420786034012], [-0.9671016812608381, 0.23556099448336784, -0.096048716703903]], "fy": 4094.4895144211287, "fx": 4094.4895144211296}, {"id": 82, "img_name": "C0312_000064", "width": 3840, "height": 2160, "position": [-4.314120982065431, -0.2856201400440806, 0.24510937580168185], "rotation": [[-0.13030860434776972, -0.306152619786798, 0.9430218666768106], [0.19452374162378688, 0.9247516166909993, 0.32710084281772395], [-0.9722037757474604, 0.22606419624757806, -0.060949139430495194]], "fy": 4094.4895144211287, "fx": 4094.4895144211296}, {"id": 83, "img_name": "C0312_000066", "width": 3840, "height": 2160, "position": [-4.331969322241377, -0.21425108294003425, -0.031049244084364342], "rotation": [[-0.055230102991218326, -0.3042818714625612, 0.9509795888571008], [0.200179109766695, 0.9297214310340592, 0.3091057823609818], [-0.9782013901731036, 0.2074381916986903, 0.009562263758365474]], "fy": 4094.4895144211287, "fx": 4094.4895144211296}, {"id": 84, "img_name": "C0312_000067", "width": 3840, "height": 2160, "position": [-4.332972160529155, -0.17811954723736004, -0.1681789782670898], "rotation": [[-0.017823500941489573, -0.30274238577736073, 0.9529057511989419], [0.20242490988178102, 0.9322277998053105, 0.2999591390998163], [-0.9791355772688178, 0.19823818281043076, 0.04466703709086496]], "fy": 4094.4895144211287, "fx": 4094.4895144211296}, {"id": 85, "img_name": "C0312_000068", "width": 3840, "height": 2160, "position": [-4.32834249868678, -0.14155229835717223, -0.30469707481061675], "rotation": [[0.019528345057702547, -0.30082928018754534, 0.9534780479492698], [0.20429192620987535, 0.9347400855747371, 0.290733178886057], [-0.978715205064663, 0.18911032917737866, 0.07971092004021388]], "fy": 4094.4895144211287, "fx": 4094.4895144211296}, {"id": 86, "img_name": "C0312_000069", "width": 3840, "height": 2160, "position": [-4.318969313075873, -0.10542106846109393, -0.4408573651608461], "rotation": [[0.05676919329685693, -0.29863368470329965, 0.9526778999499012], [0.20579074008702902, 0.9372260334668481, 0.2815271452034977], [-0.9769480180576939, 0.1800702211708772, 0.1146616128467345]], "fy": 4094.4895144211287, "fx": 4094.4895144211296}, {"id": 87, "img_name": "C0312_000070", "width": 3840, "height": 2160, "position": [-4.3044313548579165, -0.0693935791008466, -0.575502465825328], "rotation": [[0.0937173095324939, -0.29610133844411574, 0.9505477701123675], [0.20687504368590834, 0.9397025866694949, 0.2723265776721291], [-0.9738684624701347, 0.17112289729391508, 0.1493223755094726]], "fy": 4094.4895144211287, "fx": 4094.4895144211296}, {"id": 88, "img_name": "C0312_000071", "width": 3840, "height": 2160, "position": [-4.2845776697614415, -0.03364687192731648, -0.7093212931460086], "rotation": [[0.13042070736936037, -0.29331386632872447, 0.94707835732244], [0.20766570230529732, 0.9421300943497622, 0.2631840447416136], [-0.9694665518600027, 0.16235104292798117, 0.18378450338609498]], "fy": 4094.4895144211287, "fx": 4094.4895144211296}, {"id": 89, "img_name": "C0312_000072", "width": 3840, "height": 2160, "position": [-4.259864386704938, 0.0024635736665872664, -0.841573108463406], "rotation": [[0.16683043120476587, -0.2901115106468735, 0.9423390677533331], [0.20807433204715123, 0.9445682055424034, 0.25396058241690883], [-0.9637804104499965, 0.15370821861108352, 0.21794747982998924]], "fy": 4094.4895144211287, "fx": 4094.4895144211296}, {"id": 90, "img_name": "C0312_000074", "width": 3840, "height": 2160, "position": [-4.195993103167434, 0.07409254739939833, -1.100888050569239], "rotation": [[0.2383807209282702, -0.282782785507456, 0.9290901614538614], [0.207873923590558, 0.9493544198168766, 0.23561540158747746], [-0.9486638307539635, 0.13696744793857252, 0.28509095815968877]], "fy": 4094.4895144211287, "fx": 4094.4895144211296}, {"id": 91, "img_name": "C0312_000075", "width": 3840, "height": 2160, "position": [-4.157034705593157, 0.10937901811238718, -1.228108191601493], "rotation": [[0.27352510182830264, -0.27870922810057863, 0.9206004479910903], [0.20726157968483017, 0.9516939488977916, 0.2265419723094958], [-0.9392692139404792, 0.12884018706485642, 0.3180778991705135]], "fy": 4094.4895144211287, "fx": 4094.4895144211296}, {"id": 92, "img_name": "C0312_000076", "width": 3840, "height": 2160, "position": [-4.1135338088726225, 0.14420306146600997, -1.3537301935840471], "rotation": [[0.3082163978770468, -0.27439754542696715, 0.9108834388347133], [0.20638936643543543, 0.953980106850547, 0.2175439844164817], [-0.9286582156542185, 0.12094603258095893, 0.3506650477319463]], "fy": 4094.4895144211287, "fx": 4094.4895144211296}, {"id": 93, "img_name": "C0312_000077", "width": 3840, "height": 2160, "position": [-4.090095222838465, 0.161831596148554, -1.415015810797188], "rotation": [[0.3252905015927121, -0.27203601034931174, 0.9056392762280081], [0.20575180676801075, 0.9551418345414409, 0.21300298101320048], [-0.9229584408765438, 0.11704907082945942, 0.3666704670855008]], "fy": 4094.4895144211287, "fx": 4094.4895144211296}, {"id": 94, "img_name": "C0312_000078", "width": 3840, "height": 2160, "position": [-4.040065439329368, 0.19620701229131157, -1.5365894422425477], "rotation": [[0.35903337990093187, -0.2672775492466227, 0.8942358434918789], [0.20430820132042202, 0.9573879186295537, 0.20412381569867005], [-0.9106883061674431, 0.10941245327150786, 0.398341215641795]], "fy": 4094.4895144211287, "fx": 4094.4895144211296}, {"id": 95, "img_name": "C0312_000079", "width": 3840, "height": 2160, "position": [-3.985565500392429, 0.23007212919927258, -1.6564819307526393], "rotation": [[0.3922976334125996, -0.2623059453006056, 0.881645142831757], [0.2025866729141649, 0.9595816167284773, 0.19535035396520492], [-0.8972520308009576, 0.10197407463035592, 0.4295812860528725]], "fy": 4094.4895144211287, "fx": 4094.4895144211296}, {"id": 96, "img_name": "C0312_000080", "width": 3840, "height": 2160, "position": [-3.9267446530260584, 0.2639283320324619, -1.7731220965319896], "rotation": [[0.42484265914525365, -0.25698937712535713, 0.8680237180026309], [0.20051637848570728, 0.9617555304855309, 0.1865997897626676], [-0.8827807751244737, 0.0947774214948694, 0.46012535622960127]], "fy": 4094.4895144211287, "fx": 4094.4895144211296}, {"id": 97, "img_name": "C0312_000082", "width": 3840, "height": 2160, "position": [-3.7978288120386465, 0.32960276889482093, -1.999253493907475], "rotation": [[0.4879499723716887, -0.24571850169599865, 0.8375722311459123], [0.1954473652165732, 0.9659523146120297, 0.1695182979078121], [-0.8507086175021193, 0.08098483697542265, 0.5193614389687556]], "fy": 4094.4895144211287, "fx": 4094.4895144211296}, {"id": 98, "img_name": "C0312_000083", "width": 3840, "height": 2160, "position": [-3.7278646797334107, 0.3615830764710097, -2.1079686558905526], "rotation": [[0.5183782525120358, -0.239714426591913, 0.8208659945486098], [0.19244557482807517, 0.9679856288013936, 0.16114751987871906], [-0.8332158712192534, 0.07443665842634793, 0.5479146793348938]], "fy