[{"id": 0, "img_name": "C0291_000001", "width": 3840, "height": 2160, "position": [-2.312422445858938, -0.5897471344124473, -0.09162806965374311], "rotation": [[0.9482503290940679, 0.16508907034353493, -0.27123221089335864], [-0.18224768906471892, 0.9824726061872945, -0.03915811438405669], [0.26001364041827024, 0.08656313848661401, 0.9617170737029606]], "fy": 1991.1636596132773, "fx": 1991.1636596132773}, {"id": 1, "img_name": "C0291_000009", "width": 3840, "height": 2160, "position": [-2.3532059222368615, -0.5848175246967947, -0.10466326092414198], "rotation": [[0.9487176082588693, 0.16833396987751295, -0.2675790992675755], [-0.18529733915650695, 0.9818974847577, -0.039271179356117826], [0.25612457102177616, 0.08683895446041777, 0.9627352700026797]], "fy": 1991.1636596132773, "fx": 1991.1636596132773}, {"id": 2, "img_name": "C0291_000017", "width": 3840, "height": 2160, "position": [-2.4657993231151467, -0.5649277008373689, -0.13303184839648244], "rotation": [[0.9412291852588716, 0.18134921118025796, -0.28495628510566184], [-0.20177459108206694, 0.9784531783778353, -0.04377661608640642], [0.2708775280649647, 0.09870076659585854, 0.9575403508274751]], "fy": 1991.1636596132773, "fx": 1991.1636596132773}, {"id": 3, "img_name": "C0291_000025", "width": 3840, "height": 2160, "position": [-2.6602417439118313, -0.5288455849850127, -0.1879606991548434], "rotation": [[0.9251723685335425, 0.20334334119810907, -0.3204802241830601], [-0.2292324197267133, 0.972339739976378, -0.04480990748601775], [0.30250386154274295, 0.11492134550665034, 0.9461947463913917]], "fy": 1991.1636596132773, "fx": 1991.1636596132773}, {"id": 4, "img_name": "C0291_000033", "width": 3840, "height": 2160, "position": [-2.9032933004814137, -0.48008965456558106, -0.27173817852667603], "rotation": [[0.9027806094176121, 0.2332192163523223, -0.36138064196021047], [-0.2639386919837701, 0.9638159503345647, -0.0373521184750834], [0.3395931950635372, 0.12910310222720775, 0.9316699259189648]], "fy": 1991.1636596132773, "fx": 1991.1636596132773}, {"id": 5, "img_name": "C0291_000041", "width": 3840, "height": 2160, "position": [-3.139075669950469, -0.41729318941428356, -0.3597162083592382], "rotation": [[0.8792715423514377, 0.2577770479520899, -0.4005403205172105], [-0.29655392244521117, 0.9543055346430236, -0.036833648095900035], [0.3727429756457974, 0.151168581718553, 0.9155384940066242]], "fy": 1991.1636596132773, "fx": 1991.1636596132773}, {"id": 6, "img_name": "C0291_000049", "width": 3840, "height": 2160, "position": [-3.3559884969498275, -0.3593028130267094, -0.4610239565827185], "rotation": [[0.848834377845181, 0.28893582522834343, -0.44271468000033676], [-0.330241897003957, 0.9437385321631521, -0.017258979511170704], [0.41282016478293826, 0.16085295089041832, 0.8964964248330454]], "fy": 1991.1636596132773, "fx": 1991.1636596132773}, {"id": 7, "img_name": "C0291_000057", "width": 3840, "height": 2160, "position": [-3.5600098648757688, -0.2976721405359237, -0.578167113856667], "rotation": [[0.8138269573683748, 0.32243134630510173, -0.48344980130351967], [-0.362376688125452, 0.9319602225093683, 0.011544676847697501], [0.45427835009359846, 0.1657955686385145, 0.8752959556950264]], "fy": 1991.1636596132773, "fx": 1991.1636596132773}, {"id": 8, "img_name": "C0291_000065", "width": 3840, "height": 2160, "position": [-3.7790696666860537, -0.23106061370601608, -0.7094387098529362], "rotation": [[0.7894917336510413, 0.35400668036059585, -0.5013801678933304], [-0.3869743221889402, 0.9211756186856176, 0.04106523475617616], [0.47639655379009993, 0.16160058724905804, 0.8642520313760771]], "fy": 1991.1636596132773, "fx": 1991.1636596132773}, {"id": 9, "img_name": "C0291_000073", "width": 3840, "height": 2160, "position": [-3.9805751277903174, -0.1411342814121802, -0.8210876776866494], "rotation": [[0.7605505569759697, 0.3688957668386343, -0.5343021275384163], [-0.41135149182543695, 0.9104587771241008, 0.04306698655204912], [0.5023472906829793, 0.1870313566389949, 0.8441957540625561]], "fy": 1991.1636596132773, "fx": 1991.1636596132773}, {"id": 10, "img_name": "C0291_000081", "width": 3840, "height": 2160, "position": [-4.194879621827446, -0.042893158295622964, -0.8814529436659468], "rotation": [[0.7334423240707606, 0.38570752465641206, -0.5597249884408457], [-0.43885743401066546, 0.8975074129429366, 0.04341193759845033], [0.5191016373266952, 0.2137993197741767, 0.8275405373689215]], "fy": 1991.1636596132773, "fx": 1991.1636596132773}, {"id": 11, "img_name": "C0291_000089", "width": 3840, "height": 2160, "position": [-4.3015148567328305, 0.07900257025813139, -1.2098841891376846], "rotation": [[0.7019871754469278, 0.41056113483364287, -0.5819394814515987], [-0.4775181323886797, 0.8775640984442574, 0.04310088585801118], [0.5283847449993913, 0.24763038522327835, 0.812089129077652]], "fy": 1991.1636596132773, "fx": 1991.1636596132773}, {"id": 12, "img_name": "C0291_000097", "width": 3840, "height": 2160, "position": [-4.47006761974299, 0.23671181829389618, -1.4609711894181228], "rotation": [[0.6767568055414392, 0.43449220948191836, -0.5943204068958656], [-0.5161399392383214, 0.8556686482475507, 0.03782495907825141], [0.5249759892379923, 0.28115420022779347, 0.8033383635914951]], "fy": 1991.1636596132773, "fx": 1991.1636596132773}, {"id": 13, "img_name": "C0291_000105", "width": 3840, "height": 2160, "position": [-4.6766703203739, 0.4182942736331779, -1.721669108654423], "rotation": [[0.6536239123789135, 0.46446780962250345, -0.5975327898876814], [-0.5599865134793024, 0.827921628963565, 0.030998080837563568], [0.5091079314720773, 0.3143492168254773, 0.8012450836001628]], "fy": 1991.1636596132773, "fx": 1991.1636596132773}, {"id": 14, "img_name": "C0291_000182", "width": 3840, "height": 2160, "position": [7.181566849749445, 3.720047996262778, 0.5401983996224444], "rotation": [[0.6680356660749736, -0.6774189480837848, -0.3079479138244397], [0.7243504501732783, 0.686762154099839, 0.0606149241517115], [0.17042527449159292, -0.26355514123842755, 0.949470333049568]], "fy": 1991.1636596132773, "fx": 1991.1636596132773}, {"id": 15, "img_name": "C0291_000190", "width": 3840, "height": 2160, "position": [6.83518907259697, 3.3295695137357137, 0.5151340137827218], "rotation": [[0.6864110706410874, -0.6639427046324688, -0.2966815246466794], [0.7084149634497344, 0.7026519374246752, 0.06654693376754206], [0.1642804969004762, -0.25585218349404903, 0.9526550154906339]], "fy": 1991.1636596132773, "fx": 1991.1636596132773}, {"id": 16, "img_name": "C0291_000198", "width": 3840, "height": 2160, "position": [6.484150679986514, 2.9349506111223924, 0.49702127202280916], "rotation": [[0.7011626570927223, -0.6530946396682649, -0.28607397633348763], [0.695783443971373, 0.7143828261480949, 0.07444848420213775], [0.15574442973669644, -0.25124603348359553, 0.9553109981910348]], "fy": 1991.1636596132773, "fx": 1991.1636596132773}, {"id": 17, "img_name": "C0291_000206", "width": 3840, "height": 2160, "position": [6.136060855930056, 2.585312800463844, 0.4856015736394802], "rotation": [[0.7273725084241184, -0.628276275534903, -0.27604013401822], [0.6680360160469966, 0.740306150804177, 0.07533050076536155], [0.15702584262745703, -0.2391980867011567, 0.9581895219974195]], "fy": 1991.1636596132773, "fx": 1991.1636596132773}, {"id": 18, "img_name": "C0291_000214", "width": 3840, "height": 2160, "position": [5.787338244566719, 2.272344467317625, 0.46228978134281434], "rotation": [[0.75161531887073, -0.6037850947112497, -0.26555220172948685], [0.6404602785061179, 0.7643307826575045, 0.07489383377844121], [0.15774994166311743, -0.2263669898344145, 0.9611830948464444]], "fy": 1991.1636596132773, "fx": 1991.1636596132773}, {"id": 19, "img_name": "C0291_000222", "width": 3840, "height": 2160, "position": [5.41936230206839, 1.9730138246868554, 0.4429332100001364], "rotation": [[0.7761463942322298, -0.577954658563693, -0.25212137427206177], [0.6113210906674637, 0.7877031654312082, 0.07622497802425102], [0.1545422234389384, -0.21328885534453, 0.9646888438042441]], "fy": 1991.1636596132773, "fx": 1991.1636596132773}, {"id": 20, "img_name": "C0291_000230", "width": 3840, "height": 2160, "position": [5.057552541179108, 1.694057602193443, 0.41803563580917735], "rotation": [[0.7992827584659001, -0.5516454095038575, -0.23839969419540522], [0.581900681700399, 0.8095391809886627, 0.07770399655626406], [0.15012884018652936, -0.20083240928078855, 0.9680535495140346]], "fy": 1991.1636596132773, "fx": 1991.1636596132773}, {"id": 21, "img_name": "C0291_000238", "width": 3840, "height": 2160, "position": [4.704602304074461, 1.4329175692794183, 0.39429358575608403], "rotation": [[0.8212194370347835, -0.5244220399734454, -0.2249003339845522], [0.5518457375810094, 0.8301707114111962, 0.07926456855808799], [0.1451375835197238, -0.18920389505799862, 0.9711523917207522]], "fy": 1991.1636596132773, "fx": 1991.1636596132773}, {"id": 22, "img_name": "C0291_000246", "width": 3840, "height": 2160, "position": [4.361754492576369, 1.2019965032632989, 0.36431883859014763], "rotation": [[0.8421497845147287, -0.49589169571902353, -0.2118375947718143], [0.5205353320755935, 0.8501565313740344, 0.07922651212202958], [0.14080734534372685, -0.17698954285206214, 0.9740882882050633]], "fy": 1991.1636596132773, "fx": 1991.1636596132773}, {"id": 23, "img_name": "C0291_000254", "width": 3840, "height": 2160, "position": [4.010448010796209, 0.990389970151893, 0.30884109889846245], "rotation": [[0.8618767153642465, -0.4676585255373012, -0.19612248979965208], [0.4890577752378058, 0.8687984143664929, 0.07753584766877569], [0.13413060796248197, -0.1627415702472641, 0.9775091617581237]], "fy": 1991.1636596132773, "fx": 1991.1636596132773}, {"id": 24, "img_name": "C0291_000262", "width": 3840, "height": 2160, "position": [3.652938425237299, 0.8007281663665787, 0.24207071648756745], "rotation": [[0.8802704893572066, -0.4392590839981664, -0.17937481063938673], [0.45722817034419205, 0.8863174587485868, 0.07337412732802855], [0.12675277437013552, -0.14660429544368442, 0.9810407304220016]], "fy": 1991.1636596132773, "fx": 1991.1636596132773}, {"id": 25, "img_name": "C0291_000270", "width": 3840, "height": 2160, "position": [3.3282254976303323, 0.6206015514434815, 0.1689476025058031], "rotation": [[0.8954480199066368, -0.4125742227940996, -0.16719854763462427], [0.4282302119659426, 0.9009293945191944, 0.07032148783182635], [0.12162125309701022, -0.13456870652987044, 0.9834121892766994]], "fy": 1991.1636596132773, "fx": 1991.1636596132773}, {"id": 26, "img_name": "C0291_000278", "width": 3840, "height": 2160, "position": [2.9969081837296034, 0.45615676508735614, 0.10027375968820872], "rotation": [[0.9095452196023307, -0.38521218538662605, -0.1560098257425072], [0.39869010288472007, 0.9147226145951912, 0.06579316233400351], [0.1173613878595478, -0.12204142975972046, 0.9855618671914433]], "fy": 1991.1636596132773, "fx": 1991.1636596132773}, {"id": 27, "img_name": "C0291_000286", "width": 3840, "height": 2160, "position": [2.649988532010535, 0.30579506141549506, 0.0507355155177406], "rotation": [[0.9228220390029317, -0.3566073185424662, -0.14570759998168906], [0.3680349064256424, 0.927873246872324, 0.06001287687555182], [0.11379715278837386, -0.10900668832949448, 0.9875058227254642]], "fy": 1991.1636596132773, "fx": 1991.1636596132773}, {"id": 28, "img_name": "C0291_000294", "width": 3840, "height": 2160, "position": [2.2980255126784686, 0.1617314594538041, 0.021052217456490087], "rotation": [[0.9343581458938355, -0.32859630444664173, -0.13783803504781894], [0.3383931637355152, 0.9394366798049065, 0.05430277501382703], [0.11164641480541436, -0.0973816889417278, 0.988965057380671]], "fy": 1991.1636596132773, "fx": 1991.1636596132773}, {"id": 29, "img_name": "C0291_000302", "width": 3840, "height": 2160, "position": [1.9462311549621756, 0.02307126077042042, 0.0030944853914072245], "rotation": [[0.9438072001093287, -0.3031542049428258, -0.13162635392379754], [0.31168438875020255, 0.9488986918579233, 0.04943798539316325], [0.10991274189648007, -0.08768580623912396, 0.9900658506144896]], "fy": 1991.1636596132773, "fx": 1991.1636596132773}, {"id": 30, "img_name": "C0291_000310", "width": 3840, "height": 2160, "position": [1.5982229195204043, -0.09272346185053598, -0.004099850455795008], "rotation": [[0.9536560360931631, -0.273008849996138, -0.12651613591499603], [0.28022216624011925, 0.9589764505472449, 0.04289178060540636], [0.10961615925934708, -0.07635663114355898, 0.9910368118842184]], "fy": 1991.1636596132773, "fx": 1991.1636596132773}, {"id": 31, "img_name": "C0291_000318", "width": 3840, "height": 2160, "position": [1.265902928586335, -0.20486706952047418, 0.012004557490992761], "rotation": [[0.9610093180941056, -0.2476092858049049, -0.12308831024710307], [0.25382504290862046, 0.9665255501474423, 0.03743271970644313], [0.10969930778605275, -0.0672160880695172, 0.9916894974617266]], "fy": 1991.1636596132773, "fx": 1991.1636596132773}, {"id": 32, "img_name": "C0291_000326", "width": 3840, "height": 2160, "position": [0.9407298602820497, -0.30262344428247256, 0.020898036041863938], "rotation": [[0.9682695779614547, -0.2191787717347551, -0.12006119446011769], [0.22437294384943424, 0.9739961905649124, 0.031435693620112], [0.11004910932254157, -0.057376709437567446, 0.9922686666177827]], "fy": 1991.1636596132773, "fx": 1991.1636596132773}, {"id": 33, "img_name": "C0291_000334", "width": 3840, "height": 2160, "position": [0.6377762951627034, -0.3847144374151493, 0.05118414878966867], "rotation": [[0.9752218764690325, -0.18714445402220703, -0.117979849910692], [0.19135476879769334, 0.9811940615536862, 0.02532915375930768], [0.11102091746423602, -0.04727755176097172, 0.9926928976198469]], "fy": 1991.1636596132773, "fx": 1991.1636596132773}, {"id": 34, "img_name": "C0291_000342", "width": 3840, "height": 2160, "position": [0.3566995323280773, -0.44297136370191614, 0.08717601008288554], "rotation": [[0.9813465352609804, -0.15261728681616335, -0.1169056948832782], [0.1556013331662441, 0.9876773300047483, 0.016784424672255525], [0.11290351123041611, -0.03466201897703113, 0.993001179048786]], "fy": 1991.1636596132773, "fx": 1991.1636596132773}, {"id": 35, "img_name": "C0291_000350", "width": 3840, "height": 2160, "position": [0.07326446593748738, -0.49346464674351875, 0.10702785053835448], "rotation": [[0.9859194534712873, -0.12036372871827238, -0.11608360812755883], [0.12228511424231261, 0.9924490822391255, 0.009548298144801804], [0.11405780158157994, -0.023609150170042285, 0.9931935490762237]], "fy": 1991.1636596132773, "fx": 1991.1636596132773}, {"id": 36, "img_name": "C0291_000358", "width": 3840, "height": 2160, "position": [-0.21649938123337265, -0.5315758452446055, 0.11034460924751775], "rotation": [[0.9893550310539495, -0.08977380651176504, -0.1145307216105208], [0.09066189914125099, 0.9958784438850443, 0.002558329377555063], [0.11382900584798268, -0.012914668772004952, 0.9934164125673429]], "fy": 1991.1636596132773, "fx": 1991.1636596132773}, {"id": 37, "img_name": "C0291_000366", "width": 3840, "height": 2160, "position": [-0.4995693115449612, -0.5800211588364101, 0.0944000340348447], "rotation": [[0.9918216698113234, -0.05897945009168884, -0.11318657057955371], [0.05919358269024641, 0.9982454388307863, -0.0014709254991034793], [0.11307473219500133, -0.00524102284033736, 0.9935726629787153]], "fy": 1991.1636596132773, "fx": 1991.1636596132773}, {"id": 38, "img_name": "C0291_000374", "width": 3840, "height": 2160, "position": [-0.7567042439797135, -0.6241020366715754, 0.12155641716451655], "rotation": [[0.9922503058915513, -0.03022010202794091, -0.12052417139953227], [0.03001173594160707, 0.999543263358162, -0.0035440627939487004], [0.12057622553345348, -0.00010054221522929019, 0.9927040665411665]], "fy": 1991.1636596132773, "fx": 1991.1636596132773}, {"id": 39, "img_name": "C0291_000382", "width": 3840, "height": 2160, "position": [-1.0073909716789768, -0.6557672566732707, 0.1445956507592187], "rotation": [[0.9915266121388226, -0.0019587048066654128, -0.12988895602009062], [0.001089860570734923, 0.99997655787092, -0.006759875188420273], [0.1298991517464416, 0.006561035292315418, 0.9915055033591332]], "fy": 1991.1636596132773, "fx": 1991.1636596132773}, {"id": 40, "img_name": "C0291_000390", "width": 3840, "height": 2160, "position": [-1.2111250386879135, -0.6690341093711235, 0.13009231864674162], "rotation": [[0.9894414221847977, 0.024737015652339857, -0.1428066949464941], [-0.026778607041845245, 0.9995645811390068, -0.012391704374322824], [0.14243798043297143, 0.016085029966340387, 0.9896730235492722]], "fy": 1991.1636596132773, "fx": 1991.1636596132773}, {"id": 41, "img_name": "C0291_000398", "width": 3840, "height": 2160, "position": [-1.389169403497561, -0.666560523135502, 0.09013900231289446], "rotation": [[0.9860793056454682, 0.050654477329998886, -0.15837211529867154], [-0.05448910058570316, 0.9983148037926787, -0.019962225470788096], [0.15709405111305844, 0.028313891551852897, 0.987177685449827]], "fy": 1991.1636596132773, "fx": 1991.1636596132773}, {"id": 42, "img_name": "C0291_000406", "width": 3840, "height": 2160, "position": [-1.5510047192632512, -0.6440856236878675, 0.022196772724774414], "rotation": [[0.981551919570629, 0.076624618454538, -0.17516990904236399], [-0.08321799798028295, 0.9960614892930757, -0.030598600612016958], [0.17213539438293102, 0.04461140430379406, 0.9840626141697876]], "fy": 1991.1636596132773, "fx": 1991.1636596132773}, {"id": 43, "img_name": "C0291_000414", "width": 3840, "height": 2160, "position": [-1.7079469868954344, -0.5840314522907228, -0.10009171393854399], "rotation": [[0.9764442278471264, 0.10203267481138081, -0.19012102244324308], [-0.1128683887192177, 0.9924959823650337, -0.047036707125336905], [0.18389506989573348, 0.0673873746342901, 0.9806332367444728]], "fy": 1991.1636596132773, "fx": 1991.1636596132773}, {"id": 44, "img_name": "C0291_000422", "width": 3840, "height": 2160, "position": [-1.9321284901234728, -0.6319129483229534, -0.006677703068819008], "rotation": [[0.9686496264840931, 0.12151755086857108, -0.21668268491767181], [-0.13233101528634467, 0.9905494894126428, -0.03605844447058281], [0.21025318904956475, 0.06360183845815409, 0.9755759338151136]], "fy": 1991.1636596132773, "fx": 1991.1636596132773}, {"id": 45, "img_name": "C0291_000430", "width": 3840, "height": 2160, "position": [-2.1050416694971408, -0.6157668778060762, -0.042304483775795744], "rotation": [[0.9605777264991935, 0.14055820651549342, -0.23986208940720166], [-0.1538514578960393, 0.9873810336174089, -0.03752896689065699], [0.23156027348598415, 0.07295262184297889, 0.970081313452296]], "fy": 1991.1636596132773, "fx": 1991.1636596132773}, {"id": 46, "img_name": "C0291_000438", "width": 3840, "height": 2160, "position": [-2.2700885284074848, -0.5959486690417097, -0.07993771098882525], "rotation": [[0.950652704698585, 0.16016039400150395, -0.26572181551868856], [-0.1765546558994634, 0.9835242439575511, -0.0388396064340242], [0.2551232810417094, 0.08383740060981644, 0.9632670459065347]], "fy": 1991.1636596132773, "fx": 1991.1636596132773}, {"id": 47, "img_name": "C0291_000446", "width": 3840, "height": 2160, "position": [-2.4657993241579232, -0.5649277006918211, -0.1330318487119088], "rotation": [[0.9412801972655186, 0.17542588551580052, -0.288474173760466], [-0.19478660415075952, 0.9800459597419093, -0.03959918732720119], [0.27577122598125003, 0.09346483555089949, 0.9566684668349018]], "fy": 1991.1636596132773, "fx": 1991.1636596132773}, {"id": 48, "img_name": "C0291_000454", "width": 3840, "height": 2160, "position": [-2.599072009895022, -0.5420886647792186, -0.16783019455525805], "rotation": [[0.9297457584593322, 0.19570662461629326, -0.3118841799581671], [-0.21951247774140187, 0.9746714798439664, -0.0427759102136127], [0.2956130862169528, 0.10823319019630616, 0.9491567203561374]], "fy": 1991.1636596132773, "fx": 1991.1636596132773}, {"id": 49, "img_name": "C0291_000002", "width": 3840, "height": 2160, "position": [-2.316182211469975, -0.5891090548631752, -0.09256317667584311], "rotation": [[0.9485155839260943, 0.16506885062555224, -0.2703154853176186], [-0.18220279551652138, 0.9824718159840674, -0.03938619178002739], [0.25907591234096866, 0.08661065379113313, 0.9619658342657327]], "fy": 1991.1636596132773, "fx": 1991.1636596132773}, {"id": 50, "img_name": "C0291_000003", "width": 3840, "height": 2160, "position": [-2.3205158298577526, -0.5883167687362671, -0.09397861080023823], "rotation": [[0.9488513113074449, 0.16513664099117534, -0.2690930672319414], [-0.18218629922310364, 0.9824708136026032, -0.039487375127106684], [0.2578552722081366, 0.08649271773502541, 0.9623043532964387]], "fy": 1991.1636596132773, "fx": 1991.1636596132773}, {"id": 51, "img_name": "C0291_000004", "width": 3840, "height": 2160, "position": [-2.3259749557153393, -0.5877847047332249, -0.09564886753761052], "rotation": [[0.949517827222644, 0.16481664564775514, -0.2669295208548717], [-0.1817415202343123, 0.9825399550370556, -0.039815280718609736], [0.25570669840524346, 0.0863174957537749, 0.9628932310061625]], "fy": 1991.1636596132773, "fx": 1991.1636596132773}, {"id": 52, "img_name": "C0291_000005", "width": 3840, "height": 2160, "position": [-2.331198235145042, -0.5871912702908217, -0.09775542640885866], "rotation": [[0.9499514839410845, 0.16499794586067693, -0.2652694027208725], [-0.1817803857888863, 0.9825319997481463, -0.03983416640714848], [0.25406312109508333, 0.08606129985461447, 0.9633511214332806]], "fy": 1991.1636596132773, "fx": 1991.1636596132773}, {"id": 53, "img_name": "C0291_000006", "width": 3840, "height": 2160, "position": [-2.332829109468688, -0.5853197377524999, -0.09803943783395302], "rotation": [[0.9492828305963161, 0.16533672785236223, -0.26744321632473655], [-0.18281663891759098, 0.9822641888800028, -0.041655009047954834], [0.2558127910600271, 0.08843545480735626, 0.9626728344890049]], "fy": 1991.1636596132773, "fx": 1991.1636596132773}, {"id": 54, "img_name": "C0291_000007", "width": 3840, "height": 2160, "position": [-2.335702849748426, -0.5873186324278274, -0.09979065573535113], "rotation": [[0.9485399934736518, 0.16741999643330718, -0.26877951107790166], [-0.18429772265659683, 0.9821101607758398, -0.03865205718258906], [0.25749996156232063, 0.08619847385612707, 0.9624258895625564]], "fy": 1991.1636596132773, "fx": 1991.1636596132773}, {"id": 55, "img_name": "C0291_000008", "width": 3840, "height": 2160, "position": [-2.3439029682565984, -0.5859883245062771, -0.10224496442490316], "rotation": [[0.948736351149551, 0.16787746657063282, -0.2677993506811801], [-0.18480394753920137, 0.9819966791430654, -0.03911551004294008], [0.2564114603159612, 0.08660068342580961, 0.9626803647363017]], "fy": 1991.1636596132773, "fx": 1991.1636596132773}, {"id": 56, "img_name": "C0291_000010", "width": 3840, "height": 2160, "position": [-2.3638591280169563, -0.5828975091668968, -0.10729295250867472], "rotation": [[0.9484945813077472, 0.1691896751810179, -0.26782995172680574], [-0.18641380098991073, 0.9816546618862245, -0.0400502134518186], [0.25614043810053766, 0.08791460975960674, 0.9626334179533145]], "fy": 1991.1636596132773, "fx": 1991.1636596132773}, {"id": 57, "img_name": "C0291_000011", "width": 3840, "height": 2160, "position": [-2.37519541155912, -0.5809558596065342, -0.11032525096733133], "rotation": [[0.9480409095799087, 0.170436984388068, -0.26864412912922697], [-0.18793832812420233, 0.9813398501745197, -0.04063598505426928], [0.2567053146796517, 0.08901310472145427, 0.9623819660628874]], "fy": 1991.1636596132773, "fx": 1991.1636596132773}, {"id": 58, "img_name": "C0291_000012", "width": 3840, "height": 2160, "position": [-2.3874825409976053, -0.5779390588684182, -0.11291620241106957], "rotation": [[0.9474375371686794, 0.17114829291286804, -0.2703153251237495], [-0.18924567415212887, 0.9810240474878466, -0.04216506925489414], [0.25796935472736593, 0.09110477530609959, 0.9618480815274166]], "fy": 1991.1636596132773, "fx": 1991.1636596132773}, {"id": 59, "img_name": "C0291_000013", "width": 3840, "height": 2160, "position": [-2.400958417315104, -0.5760546595944808, -0.11646842051090922], "rotation": [[0.9465510182715237, 0.17295795676462156, -0.2722622173584669], [-0.1913429487300366, 0.9806122059271034, -0.04227975352428724], [0.25967103377241824, 0.09211539924783033, 0.9612937675034497]], "fy": 1991.1636596132773, "fx": 1991.1636596132773}, {"id": 60, "img_name": "C0291_000014", "width": 3840, "height": 2160, "position": [-2.4164095905450496, -0.5728563424403361, -0.11988284729261069], "rotation": [[0.945780664617225, 0.17393492713031883, -0.2743092699133062], [-0.19289472214359762, 0.9802542334503931, -0.04351165328651911], [0.26132462686349456, 0.09406529076525863, 0.960656629846431]], "fy": 1991.1636596132773, "fx": 1991.1636596132773}, {"id": 61, "img_name": "C0291_000015", "width": 3840, "height": 2160, "position": [-2.438077930244051, -0.5702255780657834, -0.12504209516078052], "rotation": [[0.945985013831555, 0.17515212229961724, -0.2728261124966825], [-0.19404283825776508, 0.9800214696667668, -0.04364969545210512], [0.2597301109363012, 0.0942319109756914, 0.961072638475826]], "fy": 1991.1636596132773, "fx": 1991.1636596132773}, {"id": 62, "img_name": "C0291_000016", "width": 3840, "height": 2160, "position": [-2.4657993237714884, -0.5649277007907728, -0.13303184865430995], "rotation": [[0.9468763176105348, 0.1781733593904164, -0.26773026192764826], [-0.19670069676195667, 0.9794836315370168, -0.043825237528373785], [0.25442891942873624, 0.09415980859470313, 0.9624966781260778]], "fy": 1991.1636596132773, "fx": 1991.1636596132773}, {"id": 63, "img_name": "C0291_000018", "width": 3840, "height": 2160, "position": [-2.4860375568963495, -0.5614858978417667, -0.13835270229911256], "rotation": [[0.9399214095544747, 0.18304144693368193, -0.2881728171871069], [-0.20393772293454615, 0.9779958230084871, -0.04397243843846106], [0.2737830327566008, 0.10009994446739752, 0.9565682683908254]], "fy": 1991.1636596132773, "fx": 1991.1636596132773}, {"id": 64, "img_name": "C0291_000019", "width": 3840, "height": 2160, "position": [-2.5069528624441877, -0.5576124805461586, -0.1440619164346389], "rotation": [[0.9384288568371889, 0.18513007211316965, -0.29168156790345734], [-0.20666651776519845, 0.9773963637970724, -0.044556688286582505], [0.2768397209398491, 0.10209409598812941, 0.9554771396921607]], "fy": 1991.1636596132773, "fx": 1991.1636596132773}, {"id": 65, "img_name": "C0291_000020", "width": 3840, "height": 2160, "position": [-2.5295811175582945, -0.553161602768764, -0.15007541831117535], "rotation": [[0.9369051865970043, 0.18759844410252546, -0.2949838895566061], [-0.2098809279800929, 0.9766684184716921, -0.04548402390091547], [0.279568716772545, 0.10452571037938756, 0.9544190423874813]], "fy": 1991.1636596132773, "fx": 1991.1636596132773}, {"id": 66, "img_name": "C0291_000021", "width": 3840, "height": 2160, "position": [-2.552587505533143, -0.5506510613960655, -0.1573080552765655], "rotation": [[0.9348668410393454, 0.191301994793092, -0.29904437181344623], [-0.21361977640971153, 0.9759484053100214, -0.04348909402932077], [0.2835323273487166, 0.10453830379822521, 0.9532476920439987]], "fy": 1991.1636596132773, "fx": 1991.1636596132773}, {"id": 67, "img_name": "C0291_000022", "width": 3840, "height": 2160, "position": [-2.57592667813603, -0.5465573789862468, -0.16365160934115572], "rotation": [[0.9324226038422019, 0.1945495238930741, -0.30453008159639383], [-0.2175167243116622, 0.9751066093633083, -0.04305316504877029], [0.28857332255226303, 0.10638413006163329, 0.9515292188798918]], "fy": 1991.1636596132773, "fx": 1991.1636596132773}, {"id": 68, "img_name": "C0291_000023", "width": 3840, "height": 2160, "position": [-2.601967378563633, -0.54234983234876, -0.17164096802901613], "rotation": [[0.9304979008162063, 0.1977365053788003, -0.30834060877090635], [-0.22111661098664506, 0.9743230329272546, -0.04245081687337199], [0.29202928093328956, 0.10767962642958767, 0.9503283627933928]], "fy": 1991.1636596132773, "fx": 1991.1636596132773}, {"id": 69, "img_name": "C0291_000024", "width": 3840, "height": 2160, "position": [-2.630246768055654, -0.5373710381526765, -0.17962258705305292], "rotation": [[0.9277815597947116, 0.20149889789153952, -0.31403753191837885], [-0.22557373426694646, 0.9733244933320844, -0.041903712111294726], [0.29721686983372414, 0.10971611015860969, 0.9484853754581075]], "fy": 1991.1636596132773, "fx": 1991.1636596132773}, {"id": 70, "img_name": "C0291_000026", "width": 3840, "height": 2160, "position": [-2.690114434526421, -0.5249964048600188, -0.19779743711456807], "rotation": [[0.9220507971538836, 0.20835351039882125, -0.3262072074194191], [-0.2342232892544503, 0.9712892237022702, -0.04167366903294025], [0.30815869002628127, 0.11483056485243473, 0.9443792475149785]], "fy": 1991.1636596132773, "fx": 1991.1636596132773}, {"id": 71, "img_name": "C0291_000027", "width": 3840, "height": 2160, "position": [-2.7200151474841223, -0.5191193629418636, -0.20712142129467276], "rotation": [[0.9189217830075993, 0.2119167260854092, -0.33267710759740665], [-0.23888900341955352, 0.9701435863611662, -0.04187440611527477], [0.31387067521408774, 0.11795220662427665, 0.9421106496548675]], "fy": 1991.1636596132773, "fx": 1991.1636596132773}, {"id": 72, "img_name": "C0291_000028", "width": 3840, "height": 2160, "position": [-2.751793088878285, -0.5118462993925915, -0.2176022519335821], "rotation": [[0.9166326027593877, 0.21504264168119122, -0.33695894975104207], [-0.24288608314630178, 0.9691348854419506, -0.042236529607262596], [0.31747601826342453, 0.12055801955155121, 0.9405714974149545]], "fy": 1991.1636596132773, "fx": 1991.1636596132773}, {"id": 73, "img_name": "C0291_000029", "width": 3840, "height": 2160, "position": [-2.7826731396696354, -0.5039443169355072, -0.22742196386632985], "rotation": [[0.9141211329836741, 0.21792997888404922, -0.3418904481500497], [-0.24717913214756035, 0.9679759276285633, -0.04387573546279612], [0.32137988559246033, 0.12461592127501292, 0.9387149947142407]], "fy": 1991.1636596132773, "fx": 1991.1636596132773}, {"id": 74, "img_name": "C0291_000030", "width": 3840, "height": 2160, "position": [-2.8125003404652698, -0.4958614025588002, -0.23734088008589424], "rotation": [[0.9112510404870106, 0.22064143721279386, -0.3477627027097836], [-0.2514063315069532, 0.966818198580456, -0.04535887313258287], [0.32621526280901786, 0.12876306566059434, 0.936484743726308]], "fy": 1991.1636596132773, "fx": 1991.1636596132773}, {"id": 75, "img_name": "C0291_000031", "width": 3840, "height": 2160, "position": [-2.843074367492838, -0.49392837660890515, -0.2500723763226618], "rotation": [[0.9083191017706128, 0.22650865680143775, -0.3516393575136824], [-0.25578853433549037, 0.9659658398843252, -0.038499634791410525], [0.3309511067531405, 0.12491526956532897, 0.9353435413623662]], "fy": 1991.1636596132773, "fx": 1991.1636596132773}, {"id": 76, "img_name": "C0291_000032", "width": 3840, "height": 2160, "position": [-2.873576843797833, -0.4862565461922414, -0.26079548759767623], "rotation": [[0.9057832670924002, 0.2293845588744162, -0.35628555570694564], [-0.25962320929129495, 0.9649304174434078, -0.038795343661054395], [0.33489171720528726, 0.12764017252605198, 0.9335713813655674]], "fy": 1991.1636596132773, "fx": 1991.1636596132773}, {"id": 77, "img_name": "C0291_000034", "width": 3840, "height": 2160, "position": [-2.934360275443244, -0.47116240775400176, -0.2820940306871662], "rotation": [[0.9004468626323563, 0.23565764908723405, -0.3655966630075066], [-0.2679950268350881, 0.9626070066200533, -0.039577978695748674], [0.3425990559928715, 0.1336159542594325, 0.929931537049978]], "fy": 1991.1636596132773, "fx": 1991.1636596132773}, {"id": 78, "img_name": "C0291_000035", "width": 3840, "height": 2160, "position": [-2.9642921195383125, -0.4657239370618336, -0.29393946913669217], "rotation": [[0.8975051056204791, 0.240303486230391, -0.36978212489341994], [-0.27232184735993437, 0.9615285342146395, -0.036106638468840074], [0.3468795134274222, 0.1331056437442348, 0.9284166579547073]], "fy": 1991.1636596132773, "fx": 1991.1636596132773}, {"id": 79, "img_name": "C0291_000036", "width": 3840, "height": 2160, "position": [-2.994098019724985, -0.46046891736716783, -0.30644868805039144], "rotation": [[0.8947370482802385, 0.24416082031175965, -0.37393997948795826], [-0.27569506752488426, 0.9606995116574252, -0.032383298838048226], [0.3513372228745704, 0.1320679451111187, 0.9268873791874128]], "fy": 1991.1636596132773, "fx": 1991.1636596132773}, {"id": 80, "img_name": "C0291_000037", "width": 3840, "height": 2160, "position": [-3.024302905793157, -0.4484059598783323, -0.31612540040055276], "rotation": [[0.8924780878995348, 0.24441674197388397, -0.3791349612764064], [-0.27889185312979264, 0.9595743862283939, -0.03789896505489079], [0.3545450562016349, 0.13956164780222938, 0.9245649515235292]], "fy": 1991.1636596132773, "fx": 1991.1636596132773}, {"id": 81, "img_name": "C0291_000038", "width": 3840, "height": 2160, "position": [-3.053217118905994, -0.4502302322923486, -0.3315629928566894], "rotation": [[0.8888051118067983, 0.2528538408050391, -0.3822177500015464], [-0.28309537314878597, 0.9587908126507019, -0.024024722232659838], [0.36039212384270325, 0.1295573724909037, 0.9237599278521444]], "fy": 1991.1636596132773, "fx": 1991.1636596132773}, {"id": 82, "img_name": "C0291_000039", "width": 3840, "height": 2160, "position": [-3.0813397323798664, -0.4254746656005116, -0.3332819889297281], "rotation": [[0.8858504379671671, 0.24716371151424998, -0.3926564672380668], [-0.2882251590569557, 0.9563456612589336, -0.04826213710358488], [0.36358665987625416, 0.15592650801487626, 0.9184180229385287]], "fy": 1991.1636596132773, "fx": 1991.1636596132773}, {"id": 83, "img_name": "C0291_000040", "width": 3840, "height": 2160, "position": [-3.1103499022788577, -0.4184449342480664, -0.3446244302290985], "rotation": [[0.8828095214649724, 0.2507337417143884, -0.3972152307964646], [-0.2923837360335054, 0.9551501531268205, -0.046903474124000845], [0.3676399049530337, 0.15754610673613534, 0.9165261177611964]], "fy": 1991.1636596132773, "fx": 1991.1636596132773}, {"id": 84, "img_name": "C0291_000042", "width": 3840, "height": 2160, "position": [-3.1663340040704435, -0.41274304343416196, -0.3717880427450898], "rotation": [[0.8752122222013086, 0.26270904785399823, -0.4061865609360959], [-0.3008068019500343, 0.9531589091030084, -0.03167588827729737], [0.37883879686489347, 0.14990680495964356, 0.9132409954753188]], "fy": 1991.1636596132773, "fx": 1991.1636596132773}, {"id": 85, "img_name": "C0291_000043", "width": 3840, "height": 2160, "position": [-3.1941331185285424, -0.4034486353948967, -0.3832797906670991], "rotation": [[0.8717903224296036, 0.2654477919312642, -0.4117269768631926], [-0.3050914086158245, 0.9517725932305842, -0.032375348089879734], [0.38327648780860496, 0.15383887848637331, 0.9107319766864206]], "fy": 1991.1636596132773, "fx": 1991.1636596132773}, {"id": 86, "img_name": "C0291_000044", "width": 3840, "height": 2160, "position": [-3.2210235031766437, -0.3966713080868255, -0.3953134237264541], "rotation": [[0.8676862944276488, 0.2697166243359326, -0.4175804557438541], [-0.3098310940077634, 0.9503188109901051, -0.0299808382855733], [0.3887482316980593, 0.15539337191522246, 0.9081452044229762]], "fy": 1991.1636596132773, "fx": 1991.1636596132773}, {"id": 87, "img_name": "C0291_000045", "width": 3840, "height": 2160, "position": [-3.248429864678816, -0.3898411804982039, -0.40801139965228006], "rotation": [[0.863955816780524, 0.27367134066284854, -0.42271070952945666], [-0.3138623545514493, 0.9490836409414352, -0.027030813764464943], [0.3937902602230253, 0.15602640737114956, 0.9058614635562846]], "fy": 1991.1636596132773, "fx": 1991.1636596132773}, {"id": 88, "img_name": "C0291_000046", "width": 3840, "height": 2160, "position": [-3.274899445216256, -0.38319592206902187, -0.4209843711216186], "rotation": [[0.859862929068803, 0.27808545194119016, -0.4281404262994587], [-0.3181285045093663, 0.9477605010926725, -0.023329963291881712], [0.39928686158181115, 0.15626424410987447, 0.903411029477124]], "fy": 1991.1636596132773, "fx": 1991.1636596132773}, {"id": 89, "img_name": "C0291_000047", "width": 3840, "height": 2160, "position": [-3.302599213844565, -0.3783413597444042, -0.43564595816548124], "rotation": [[0.8563779576616535, 0.28288046526333177, -0.4319669385539319], [-0.32138686449729287, 0.9467930418690428, -0.017129483266114444], [0.4041376955442962, 0.15349781184357753, 0.9017267572825926]], "fy": 1991.1636596132773, "fx": 1991.1636596132773}, {"id": 90, "img_name": "C0291_000048", "width": 3840, "height": 2160, "position": [-3.329253271582548, -0.36941750323427086, -0.44819978254046566], "rotation": [[0.8524642727771876, 0.2861329960626181, -0.43753008148319417], [-0.3258103110464681, 0.9452894102437537, -0.016600364358044635], [0.4088426406996518, 0.15670302947054296, 0.8990505301152374]], "fy": 1991.1636596132773, "fx": 1991.1636596132773}, {"id": 91, "img_name": "C0291_000050", "width": 3840, "height": 2160, "position": [-3.382011624307001, -0.35355994419934206, -0.47516207971674956], "rotation": [[0.8445466294590385, 0.29354080384050657, -0.4478557660118342], [-0.3338501232634675, 0.9425525980059034, -0.01177689217446797], [0.41867061739074196, 0.15946283727875496, 0.8940282532787566]], "fy": 1991.1636596132773, "fx": 1991.1636596132773}, {"id": 92, "img_name": "C0291_000051", "width": 3840, "height": 2160, "position": [-3.4083637142990306, -0.34557725813239165, -0.4887656893265132], "rotation": [[0.8406010122088536, 0.2972148123020137, -0.4528281060421598], [-0.3377821514983494, 0.9411784475496073, -0.009292362307669689], [0.42343022613247266, 0.16076842107948197, 0.8915494144359096]], "fy": 1991.1636596132773, "fx": 1991.1636596132773}, {"id": 93, "img_name": "C0291_000052", "width": 3840, "height": 2160, "position": [-3.4325334696175, -0.3376256658573022, -0.5024071018308864], "rotation": [[0.8353156710804447, 0.301802600226432, -0.4595246676120777], [-0.3428792500279013, 0.9393581165518545, -0.006336305584187764], [0.4297459127760612, 0.16285428875137642, 0.8881424047344848]], "fy": 1991.1636596132773, "fx": 1991.1636596132773}, {"id": 94, "img_name": "C0291_000053", "width": 3840, "height": 2160, "position": [-3.459020344649103, -0.3273209065551448, -0.5159388923840653], "rotation": [[0.8317155444460773, 0.3047682183263392, -0.46407497909815615], [-0.3472173371076561, 0.9377626169082651, -0.006433905596971438], [0.43323131689506655, 0.16648605775725264, 0.8857725546853523]], "fy": 1991.1636596132773, "fx": 1991.1636596132773}, {"id": 95, "img_name": "C0291_000054", "width": 3840, "height": 2160, "position": [-3.484538175923755, -0.3245430834322498, -0.5329408961148265], "rotation": [[0.8270280997339381, 0.3110143727324727, -0.46828899432326837], [-0.3501068114214052, 0.9367020755475015, 0.0038002975330015966], [0.4398292200920809, 0.16080821377911417, 0.8835671879004802]], "fy": 1991.1636596132773, "fx": 1991.1636596132773}, {"id": 96, "img_name": "C0291_000055", "width": 3840, "height": 2160, "position": [-3.5091254058017576, -0.30884650601940794, -0.5446418669190319], "rotation": [[0.8228618606697299, 0.3119067410985111, -0.4749868873058037], [-0.3556885360026112, 0.9346012814957205, -0.002471837955017965], [0.44315237064859436, 0.17098137174517875, 0.8799894015865577]], "fy": 1991.1636596132773, "fx": 1991.1636596132773}, {"id": 97, "img_name": "C0291_000056", "width": 3840, "height": 2160, "position": [-3.5344777083428647, -0.30232783089142257, -0.5604841867275498], "rotation": [[0.8182956694279523, 0.31690172600155736, -0.47954717541936726], [-0.35942384999637994, 0.9331683967032508, 0.0033525286074320045], [0.4485606909318284, 0.16961733240302343, 0.8775096962992733]], "fy": 1991.1636596132773, "fx": 1991.1636596132773}, {"id": 98, "img_name": "C0291_000058", "width": 3840, "height": 2160, "position": [-3.5835547092022293, -0.29044272293745804, -0.5943928186306013], "rotation": [[0.808