[{"id": 0, "img_name": "car_gear_000001", "width": 960, "height": 720, "position": [-3.850473025036807, -3.0939401411034493, -0.3060622506534217], "rotation": [[0.3716523781591825, -0.7893161891946687, 0.48872739158331385], [0.7906741400198024, 0.5450033640242804, 0.2789367984081049], [-0.4865274032493647, 0.2827565855597772, 0.8266436954395809]], "fy": 789.7345940116779, "fx": 789.734594011678}, {"id": 1, "img_name": "car_gear_000009", "width": 960, "height": 720, "position": [-3.7979858226115613, -2.9656260012018993, -0.37548382952435866], "rotation": [[0.391029450114021, -0.7844418518294367, 0.4814010285011139], [0.7834801031526308, 0.5581708569037098, 0.2731377353412026], [-0.48296469550834564, 0.27036322901197607, 0.8328558262332977]], "fy": 789.7345940116779, "fx": 789.734594011678}, {"id": 2, "img_name": "car_gear_000017", "width": 960, "height": 720, "position": [-3.5530933716626514, -2.7352866007628753, -0.41474696905129593], "rotation": [[0.43392078841784887, -0.7711994460988204, 0.4657941215984861], [0.7655643382144317, 0.5881880754869927, 0.26066459657806845], [-0.4749989404547466, 0.24348758118594144, 0.8456298270372725]], "fy": 789.7345940116779, "fx": 789.734594011678}, {"id": 3, "img_name": "car_gear_000025", "width": 960, "height": 720, "position": [-3.358257095441457, -2.3746636438083835, -0.5245479024665824], "rotation": [[0.49460043428944633, -0.7473502317977537, 0.443664334190314], [0.736116890587954, 0.6316093218296385, 0.24331376444629305], [-0.46206312749646355, 0.2062457165852122, 0.8625313736893511]], "fy": 789.7345940116779, "fx": 789.734594011678}, {"id": 4, "img_name": "car_gear_000033", "width": 960, "height": 720, "position": [-3.002210307113466, -1.9681995959620215, -0.5782327757732801], "rotation": [[0.566853183323711, -0.7105044971922251, 0.41696621928568556], [0.6938551111535222, 0.6846173616658551, 0.22330282763954623], [-0.44411997622479044, 0.16273422373707064, 0.8810647076933592]], "fy": 789.7345940116779, "fx": 789.734594011678}, {"id": 5, "img_name": "car_gear_000041", "width": 960, "height": 720, "position": [-2.819517237381136, -1.632127398662771, -0.7399059735856292], "rotation": [[0.6390098164851375, -0.6619931756404972, 0.3917033186495117], [0.6427601958667845, 0.7392749930407315, 0.20082782494943152], [-0.4225231177638972, 0.123440350250784, 0.8979068408721694]], "fy": 789.7345940116779, "fx": 789.734594011678}, {"id": 6, "img_name": "car_gear_000049", "width": 960, "height": 720, "position": [-2.4274682380994386, -1.3319305059832127, -0.928599534681869], "rotation": [[0.7175544900450701, -0.5971000875343204, 0.3585903502364031], [0.5785474910331277, 0.7976356885834887, 0.17047025816023362], [-0.38781226699968147, 0.0851398482759437, 0.9177978273019157]], "fy": 789.7345940116779, "fx": 789.734594011678}, {"id": 7, "img_name": "car_gear_000057", "width": 960, "height": 720, "position": [-1.7466866953542741, -1.1008338574574614, -1.1274134642839868], "rotation": [[0.7881529851153991, -0.5226902639976833, 0.32497655296300604], [0.505933032334365, 0.8508819182534386, 0.14153348714104066], [-0.350494848530816, 0.052866332494139925, 0.9350713940881623]], "fy": 789.7345940116779, "fx": 789.734594011678}, {"id": 8, "img_name": "car_gear_000065", "width": 960, "height": 720, "position": [-1.0142349375160498, -0.7480442568483705, -1.134200465809231], "rotation": [[0.8484729960235179, -0.4456173409376952, 0.2855149041197208], [0.4315697459877087, 0.8948340187125823, 0.11410360775538488], [-0.3063349953351397, 0.026405764717349192, 0.9515574634370285]], "fy": 789.7345940116779, "fx": 789.734594011678}, {"id": 9, "img_name": "car_gear_000073", "width": 960, "height": 720, "position": [-0.4364806570404761, -0.6215732451545328, -1.1527806627167485], "rotation": [[0.8938771469055131, -0.369963591170152, 0.2532006861138892], [0.3580392079254076, 0.9290189068776559, 0.09344408088258983], [-0.26979913237111486, 0.0071282446878492495, 0.9628902410448784]], "fy": 789.7345940116779, "fx": 789.734594011678}, {"id": 10, "img_name": "car_gear_000081", "width": 960, "height": 720, "position": [-0.11157463699432853, -0.48777475744139076, -1.3843475445997109], "rotation": [[0.9289099441988429, -0.2976297118061645, 0.22032446577418974], [0.2879380796882174, 0.9546569955525057, 0.07564180793797025], [-0.23284754203977417, -0.006824624007406971, 0.9724893041433376]], "fy": 789.7345940116779, "fx": 789.734594011678}, {"id": 11, "img_name": "car_gear_000089", "width": 960, "height": 720, "position": [0.3529505052832966, -0.09117411453158177, -1.5630484265811102], "rotation": [[0.9596133052726347, -0.21809303101755717, 0.1777012497572934], [0.2111579878397301, 0.9757720461272802, 0.05728191833429807], [-0.18588869926707627, -0.017445452649777492, 0.9824159239683764]], "fy": 789.7345940116779, "fx": 789.734594011678}, {"id": 12, "img_name": "car_gear_000097", "width": 960, "height": 720, "position": [0.7591261135149656, 0.08606891126808294, -1.6963969432833212], "rotation": [[0.9828946901184612, -0.13464179111411403, 0.12565673966213536], [0.1307282021183968, 0.9906537672524786, 0.038926219947016116], [-0.1297234185019266, -0.02183349523221506, 0.99130980686066]], "fy": 789.7345940116779, "fx": 789.734594011678}, {"id": 13, "img_name": "car_gear_000105", "width": 960, "height": 720, "position": [1.6340023263266252, 0.40850829688744844, -1.7866461302922336], "rotation": [[0.9963940544923996, -0.05288832466921405, 0.06634540892843283], [0.05157777820934763, 0.9984415019841307, 0.021314312343122897], [-0.06736928801155996, -0.017815505307362436, 0.9975690386151019]], "fy": 789.7345940116779, "fx": 789.734594011678}, {"id": 14, "img_name": "car_gear_000113", "width": 960, "height": 720, "position": [2.4582386342813676, 0.713420398157035, -1.653980500830857], "rotation": [[0.9998378223489305, 0.016824808682962007, 0.006422990995670482], [-0.01686048314885938, 0.9998424981218309, 0.005541033972457304], [-0.006328752526032813, -0.005648430072030931, 0.9999640204173278]], "fy": 789.7345940116779, "fx": 789.734594011678}, {"id": 15, "img_name": "car_gear_000121", "width": 960, "height": 720, "position": [3.071316010301226, 1.07070688199478, -1.5868360211672898], "rotation": [[0.9971718343522615, 0.060797727950228246, -0.04418109381439293], [-0.0611083752814326, 0.9981147827535036, -0.005713748278491608], [0.04375041994095314, 0.008397423713044657, 0.9990071991882611]], "fy": 789.7345940116779, "fx": 789.734594011678}, {"id": 16, "img_name": "car_gear_000129", "width": 960, "height": 720, "position": [3.586292692271734, 1.445290366064869, -0.9943009445525252], "rotation": [[0.993160805184921, 0.07617814246360749, -0.08847884298087245], [-0.07776029778684679, 0.9968656180042511, -0.014569685278125811], [0.08709162492766151, 0.02135018154014262, 0.9959714948810848]], "fy": 789.7345940116779, "fx": 789.734594011678}, {"id": 17, "img_name": "car_gear_000137", "width": 960, "height": 720, "position": [3.714158974209132, 2.029477958349208, -0.08363244316961585], "rotation": [[0.9910044850452434, 0.05489045815937657, -0.12205387426569254], [-0.05741856235523302, 0.9982004544677644, -0.017290500206969726], [0.12088514928340029, 0.024143121244005146, 0.9923728585462861]], "fy": 789.7345940116779, "fx": 789.734594011678}, {"id": 18, "img_name": "car_gear_000145", "width": 960, "height": 720, "position": [3.61319130561931, 2.44330459835016, 0.9280933408510892], "rotation": [[0.9909090252928275, -0.00050715573101273, -0.13453269634658716], [-0.0011648109088998368, 0.9999230702905915, -0.012348956076656033], [0.13452860962919755, 0.012393397181611384, 0.9908322042089337]], "fy": 789.7345940116779, "fx": 789.734594011678}, {"id": 19, "img_name": "car_gear_000153", "width": 960, "height": 720, "position": [2.833130062784465, 2.521355669316917, 1.9485653302546633], "rotation": [[0.9891007711444332, -0.10306699503650772, -0.10515160034746046], [0.10480017339660878, 0.9944315986882521, 0.01107786921605005], [0.10342431134664755, -0.02197703493357705, 0.9943945000642351]], "fy": 789.7345940116779, "fx": 789.734594011678}, {"id": 20, "img_name": "car_gear_000161", "width": 960, "height": 720, "position": [2.0646259273411025, 2.077549392234632, 2.7425397844318886], "rotation": [[0.9729957621851076, -0.22609908751502353, -0.04645911530254709], [0.22828404391937518, 0.9723707140126021, 0.04880153504183284], [0.034141500576840664, -0.058089561502013366, 0.9977273980315792]], "fy": 789.7345940116779, "fx": 789.734594011678}, {"id": 21, "img_name": "car_gear_000169", "width": 960, "height": 720, "position": [1.5049299015394375, 1.611065329454309, 3.410567954724131], "rotation": [[0.9330226997198676, -0.35797964847322905, 0.03632097309314544], [0.35366794353373116, 0.9309750405104057, 0.09057847240525847], [-0.06623916910764495, -0.07166620699905905, 0.9952267717712868]], "fy": 789.7345940116779, "fx": 789.734594011678}, {"id": 22, "img_name": "car_gear_000177", "width": 960, "height": 720, "position": [0.646969192750957, 1.1935516870781304, 3.8084977385779695], "rotation": [[0.8736534963863422, -0.47011111993126414, 0.12539977340048283], [0.4547045769712396, 0.8805991368025788, 0.13337506492579043], [-0.1731280333548726, -0.05950374088681632, 0.9831001927001889]], "fy": 789.7345940116779, "fx": 789.734594011678}, {"id": 23, "img_name": "car_gear_000185", "width": 960, "height": 720, "position": [0.01555692242729178, 0.7335982132833041, 3.9293166993296356], "rotation": [[0.8062695047299625, -0.5542828514967584, 0.20663979839112168], [0.5269111372012832, 0.8317039149702893, 0.17502357360179932], [-0.26887569476572526, -0.032235358842681076, 0.9626353112183929]], "fy": 789.7345940116779, "fx": 789.734594011678}, {"id": 24, "img_name": "car_gear_000193", "width": 960, "height": 720, "position": [-0.6107724255980741, 0.4063957332333069, 4.031566489598001], "rotation": [[0.7463064939987737, -0.6079671240277131, 0.27092912932486507], [0.5690800924886726, 0.793942867614485, 0.2140153529473338], [-0.3452165484856456, -0.005540673745965047, 0.9385067051364622]], "fy": 789.7345940116779, "fx": 789.734594011678}, {"id": 25, "img_name": "car_gear_000201", "width": 960, "height": 720, "position": [-1.1731915831747983, 0.14327124218914913, 4.198572389529601], "rotation": [[0.7082910049780781, -0.6368223549973148, 0.304599967896942], [0.5903431437754646, 0.7709391015668972, 0.23905621571614977], [-0.38706436785687875, 0.010497135366338452, 0.921992942101324]], "fy": 789.7345940116779, "fx": 789.734594011678}, {"id": 26, "img_name": "car_gear_000002", "width": 960, "height": 720, "position": [-3.8515466319918903, -3.085444914038853, -0.3092958425260805], "rotation": [[0.37273051925841677, -0.7888440784739883, 0.48866857876261627], [0.7900813920816127, 0.5459739276313952, 0.27871825242192017], [-0.4866655462427275, 0.28220115202329016, 0.8267521732036724]], "fy": 789.7345940116779, "fx": 789.734594011678}, {"id": 27, "img_name": "car_gear_000003", "width": 960, "height": 720, "position": [-3.8439382864735383, -3.0744959877742915, -0.31886864411374954], "rotation": [[0.3738622965098274, -0.7886725469149062, 0.4880805230606451], [0.7897267961957243, 0.5466510279367923, 0.2783958351450058], [-0.48637287200134305, 0.2813685614961333, 0.827208052416538]], "fy": 789.7345940116779, "fx": 789.734594011678}, {"id": 28, "img_name": "car_gear_000004", "width": 960, "height": 720, "position": [-3.838175324014328, -3.0636971026004067, -0.32278472079098824], "rotation": [[0.37509893254491566, -0.788248869503691, 0.4878160621892411], [0.7892950100156879, 0.5475495924649237, 0.27785397415878516], [-0.48612156706733295, 0.28080805458114777, 0.8275461669987674]], "fy": 789.7345940116779, "fx": 789.734594011678}, {"id": 29, "img_name": "car_gear_000005", "width": 960, "height": 720, "position": [-3.818874228654302, -3.0381691961840764, -0.3392681027618701], "rotation": [[0.3779308093069527, -0.7875045776577728, 0.48683143237125165], [0.7883505394371381, 0.5494463577868786, 0.2767889573012382], [-0.48546032829240005, 0.2791867476847465, 0.8284823652748735]], "fy": 789.7345940116779, "fx": 789.734594011678}, {"id": 30, "img_name": "car_gear_000006", "width": 960, "height": 720, "position": [-3.801801676373097, -3.023841989692948, -0.35955525568642266], "rotation": [[0.38071315129044253, -0.7870751572705036, 0.485355738857709], [0.7872939606412759, 0.5512031896599998, 0.2763028469748644], [-0.48500073811518424, 0.27692551438293705, 0.8295098212266521]], "fy": 789.7345940116779, "fx": 789.734594011678}, {"id": 31, "img_name": "car_gear_000007", "width": 960, "height": 720, "position": [-3.7932363603822616, -3.0040779503336976, -0.37803791873302606], "rotation": [[0.3839247900275514, -0.7864865582950107, 0.48377747903717977], [0.7861792133025634, 0.5532129584474037, 0.27545901179092613], [-0.48427678054317536, 0.27458025461991936, 0.8307115525858523]], "fy": 789.7345940116779, "fx": 789.734594011678}, {"id": 32, "img_name": "car_gear_000008", "width": 960, "height": 720, "position": [-3.793174494755344, -2.9780852228630894, -0.3840720135617143], "rotation": [[0.3875703048921387, -0.7855980822001178, 0.48231204837668284], [0.78498053748376, 0.5555682204699245, 0.2741341061881735], [-0.48331647451491033, 0.2723593318529374, 0.8320009494075711]], "fy": 789.7345940116779, "fx": 789.734594011678}, {"id": 33, "img_name": "car_gear_000010", "width": 960, "height": 720, "position": [-3.7946664930590805, -2.956820198923548, -0.37512434590553545], "rotation": [[0.39505127326053685, -0.7829929502523257, 0.48047531814900457], [0.7817883151221889, 0.5612067328007544, 0.27176098578992447], [-0.4824329195169393, 0.26827046597465976, 0.8338401736856419]], "fy": 789.7345940116779, "fx": 789.734594011678}, {"id": 34, "img_name": "car_gear_000011", "width": 960, "height": 720, "position": [-3.767599713021846, -2.9465865444671735, -0.3970766569466098], "rotation": [[0.39942217348655906, -0.7820621696182405, 0.47837296137980384], [0.7801890373875087, 0.5639864775254247, 0.27059992444347786], [-0.4814218454408, 0.26513773028460846, 0.8354250359618755]], "fy": 789.7345940116779, "fx": 789.734594011678}, {"id": 35, "img_name": "car_gear_000012", "width": 960, "height": 720, "position": [-3.7375661076173485, -2.9111298603603215, -0.41565100692278645], "rotation": [[0.40620849550086346, -0.780101583588213, 0.4758531049242901], [0.7774640887298699, 0.5686824713380573, 0.26860721793777687], [-0.48015023577871724, 0.26084816671006555, 0.8375046179010834]], "fy": 789.7345940116779, "fx": 789.734594011678}, {"id": 36, "img_name": "car_gear_000013", "width": 960, "height": 720, "position": [-3.708459551107052, -2.872657434783625, -0.40985334461253337], "rotation": [[0.4113311524351586, -0.7784201823189822, 0.4742032294226249], [0.7754782096481692, 0.5722656752101901, 0.26673121927718785], [-0.47899919561230414, 0.2580194115463165, 0.8390385890220174]], "fy": 789.7345940116779, "fx": 789.734594011678}, {"id": 37, "img_name": "car_gear_000014", "width": 960, "height": 720, "position": [-3.677288325753745, -2.8511693544257395, -0.3967126100146958], "rotation": [[0.4162981431855353, -0.7768242154191082, 0.47248279790777803], [0.7730482952937316, 0.5759598489628234, 0.26583187454889096], [-0.4786357583003289, 0.25458670570398717, 0.8402936511452771]], "fy": 789.7345940116779, "fx": 789.734594011678}, {"id": 38, "img_name": "car_gear_000015", "width": 960, "height": 720, "position": [-3.635802183449715, -2.8140495489629105, -0.4037348573984549], "rotation": [[0.42187882192483483, -0.7752255609059732, 0.47015272979036593], [0.7708716507227135, 0.5796691983174871, 0.2640843021347547], [-0.47725795721323727, 0.2510158366318369, 0.8421495663103241]], "fy": 789.7345940116779, "fx": 789.734594011678}, {"id": 39, "img_name": "car_gear_000016", "width": 960, "height": 720, "position": [-3.5996283709927086, -2.7734974241464307, -0.40759260708080575], "rotation": [[0.42765546013574535, -0.7731491825871408, 0.4683493876166811], [0.768248523701922, 0.5838999175860528, 0.2624025382362344], [-0.4763454767769938, 0.24759084738301015, 0.8436787060524057]], "fy": 789.7345940116779, "fx": 789.734594011678}, {"id": 40, "img_name": "car_gear_000018", "width": 960, "height": 720, "position": [-3.516459694354682, -2.6911098024260713, -0.42317513014337854], "rotation": [[0.4399976385241384, -0.7689305697501913, 0.46384033567255445], [0.7627207439555628, 0.5926343574316042, 0.25892389833984536], [-0.4739822199545618, 0.23985474207377255, 0.8472370139882165]], "fy": 789.7345940116779, "fx": 789.734594011678}, {"id": 41, "img_name": "car_gear_000019", "width": 960, "height": 720, "position": [-3.4702736061978925, -2.638105517750688, -0.43880011754062925], "rotation": [[0.44669686002787473, -0.766710349505209, 0.4611042780140271], [0.7598434316086397, 0.597195225178512, 0.2568965209285498], [-0.4723344944871628, 0.23561218768473438, 0.8493450549287785]], "fy": 789.7345940116779, "fx": 789.734594011678}, {"id": 42, "img_name": "car_gear_000020", "width": 960, "height": 720, "position": [-3.4379408923317167, -2.593142072874179, -0.4404181530824516], "rotation": [[0.4533881689369333, -0.7641955975774004, 0.45874203743643815], [0.7566134941644027, 0.6020375307540693, 0.2551212104311911], [-0.47114242933145795, 0.231421477410509, 0.8511573950079911]], "fy": 789.7345940116779, "fx": 789.734594011678}, {"id": 43, "img_name": "car_gear_000021", "width": 960, "height": 720, "position": [-3.418898677509078, -2.5449050581945984, -0.4395645690026457], "rotation": [[0.46037817664193603, -0.7614349576260878, 0.4563647004061601], [0.7533763400350019, 0.6070412992459989, 0.25283384125784025], [-0.46954874586917106, 0.22741518488150186, 0.8531156480442738]], "fy": 789.7345940116779, "fx": 789.734594011678}, {"id": 44, "img_name": "car_gear_000022", "width": 960, "height": 720, "position": [-3.424991801796345, -2.4895319919690326, -0.45112528961431686], "rotation": [[0.4712310949918526, -0.756871423578245, 0.45286521536039875], [0.7479395494187204, 0.6150358765971871, 0.24963433440464708], [-0.46746944876440966, 0.22108034437500435, 0.8559181011071844]], "fy": 789.7345940116779, "fx": 789.734594011678}, {"id": 45, "img_name": "car_gear_000023", "width": 960, "height": 720, "position": [-3.414112765675688, -2.447838666134753, -0.4740915329935363], "rotation": [[0.4789168680235491, -0.7539339287697143, 0.4496912991957677], [0.7441883804963071, 0.6203950747466778, 0.2475754542848463], [-0.46564180209341, 0.21608697850617262, 0.8581865355872665]], "fy": 789.7345940116779, "fx": 789.734594011678}, {"id": 46, "img_name": "car_gear_000024", "width": 960, "height": 720, "position": [-3.399768907117012, -2.40914381729132, -0.5080653486667807], "rotation": [[0.4866352997023861, -0.7506717239462379, 0.4468534971902444], [0.7402085889471561, 0.6259701610637358, 0.2454640550196723], [-0.46397988095652254, 0.21131332264063163, 0.860272834478776]], "fy": 789.7345940116779, "fx": 789.734594011678}, {"id": 47, "img_name": "car_gear_000026", "width": 960, "height": 720, "position": [-3.322312126102469, -2.344746193762095, -0.5398956700263173], "rotation": [[0.5024851659930293, -0.7437832577364022, 0.4407892052534663], [0.7319098617026423, 0.6373315102613234, 0.24107364096980746], [-0.4602353879259793, 0.20148203775782458, 0.8646319310328403]], "fy": 789.7345940116779, "fx": 789.734594011678}, {"id": 48, "img_name": "car_gear_000027", "width": 960, "height": 720, "position": [-3.2840768530238194, -2.309686890960796, -0.5505374814553226], "rotation": [[0.5107248409135354, -0.7399294934053372, 0.4377950224280363], [0.7272859457889486, 0.6433887613789425, 0.23896873182310863], [-0.4584924098954292, 0.19635489940460188, 0.8667349442292555]], "fy": 789.7345940116779, "fx": 789.734594011678}, {"id": 49, "img_name": "car_gear_000028", "width": 960, "height": 720, "position": [-3.24538553459156, -2.255560458503689, -0.5697649739650334], "rotation": [[0.519260154942593, -0.7358299741550043, 0.43465289671649504], [0.7227791125842405, 0.6495038910697685, 0.236082718336536], [-0.4560254882141261, 0.19156968606821964, 0.8691040268453437]], "fy": 789.7345940116779, "fx": 789.734594011678}, {"id": 50, "img_name": "car_gear_000029", "width": 960, "height": 720, "position": [-3.2025522980549486, -2.2054881532634227, -0.5709119889499691], "rotation": [[0.5278593184652496, -0.7316074393081654, 0.4314105870958099], [0.7178791711028942, 0.6557665007806973, 0.2337087763659314], [-0.4538876905204894, 0.18633531925748512, 0.8713582002776973]], "fy": 789.7345940116779, "fx": 789.734594011678}, {"id": 51, "img_name": "car_gear_000030", "width": 960, "height": 720, "position": [-3.1582590624465023, -2.1566835761050775, -0.5573359408688212], "rotation": [[0.5362386988657074, -0.7274628916457402, 0.42807218914247525], [0.712973582224035, 0.6618397886057485, 0.23159612533228016], [-0.4517927941982257, 0.1810133572328741, 0.8735659308912197]], "fy": 789.7345940116779, "fx": 789.734594011678}, {"id": 52, "img_name": "car_gear_000031", "width": 960, "height": 720, "position": [-3.1187765687086912, -2.0976094477781455, -0.5430061761230657], "rotation": [[0.5449907603640304, -0.7227216827100483, 0.4250393398952522], [0.7077096067558517, 0.6683558694702473, 0.22901428831002543], [-0.44959112938681695, 0.1759937529727279, 0.8757248513610087]], "fy": 789.7345940116779, "fx": 789.734594011678}, {"id": 53, "img_name": "car_gear_000032", "width": 960, "height": 720, "position": [-3.0504762512234507, -2.0171132245133783, -0.551377019784869], "rotation": [[0.5580793040806915, -0.715569283892389, 0.42012865923017506], [0.6995783213209527, 0.6780279535482873, 0.22553994445525463], [-0.44624843158779703, 0.16804372691908226, 0.8789901268777573]], "fy": 789.7345940116779, "fx": 789.734594011678}, {"id": 54, "img_name": "car_gear_000034", "width": 960, "height": 720, "position": [-2.9551199927953333, -1.9230845835479697, -0.6063033099334864], "rotation": [[0.5756555478143698, -0.7052589682559282, 0.4138000458737549], [0.6880125590203111, 0.6912353921107034, 0.22098043199316342], [-0.44188166843721977, 0.15749101684904354, 0.8831405158359529]], "fy": 789.7345940116779, "fx": 789.734594011678}, {"id": 55, "img_name": "car_gear_000035", "width": 960, "height": 720, "position": [-2.924067279979801, -1.8593361135264324, -0.631945841628548], "rotation": [[0.5847780500770865, -0.6993411683578193, 0.41104326096891636], [0.6820778987338573, 0.6981838652660549, 0.21750639149449646], [-0.4390949466878962, 0.15317056023293607, 0.8852877539371491]], "fy": 789.7345940116779, "fx": 789.734594011678}, {"id": 56, "img_name": "car_gear_000036", "width": 960, "height": 720, "position": [-2.8903933600399543, -1.827997445937612, -0.6593626458988863], "rotation": [[0.5936089708333581, -0.6940154322345049, 0.4073953479932179], [0.6760748738059442, 0.7046664788382038, 0.21533211235216174], [-0.43652165439350016, 0.14760668488290365, 0.8875027390512329]], "fy": 789.7345940116779, "fx": 789.734594011678}, {"id": 57, "img_name": "car_gear_000037", "width": 960, "height": 720, "position": [-2.87412035182261, -1.781502285001431, -0.6761741391233103], "rotation": [[0.6027300718781419, -0.6878899865201441, 0.4043807944241243], [0.6697030902469301, 0.7116230830499501, 0.21234490477568774], [-0.4338366413380525, 0.14282840794393714, 0.8895986817193012]], "fy": 789.7345940116779, "fx": 789.734594011678}, {"id": 58, "img_name": "car_gear_000038", "width": 960, "height": 720, "position": [-2.8699832632857043, -1.7561252080012733, -0.6888943393183028], "rotation": [[0.6115411551036868, -0.6817101996637872, 0.4016075438644151], [0.6629692390596551, 0.718541647139647, 0.21016586161055012], [-0.4318439575530849, 0.13772837398373106, 0.891370681212192]], "fy": 789.7345940116779, "fx": 789.734594011678}, {"id": 59, "img_name": "car_gear_000039", "width": 960, "height": 720, "position": [-2.857507985780092, -1.719070538054102, -0.7126128391395516], "rotation": [[0.620706484649723, -0.6754536735325188, 0.39810274405636625], [0.6564574450844199, 0.7253563565000597, 0.20717571980855828], [-0.42870395695283625, 0.13274219749719268, 0.8936399869615264]], "fy": 789.7345940116779, "fx": 789.734594011678}, {"id": 60, "img_name": "car_gear_000040", "width": 960, "height": 720, "position": [-2.8470852215404134, -1.676954479062036, -0.7245145731866777], "rotation": [[0.629728322580184, -0.6687432834211426, 0.39525265415864974], [0.6496395782018628, 0.7323448439258563, 0.2040574625171027], [-0.42592330081137075, 0.12827100394992816, 0.8956203946827161]], "fy": 789.7345940116779, "fx": 789.734594011678}, {"id": 61, "img_name": "car_gear_000042", "width": 960, "height": 720, "position": [-2.7806936759919036, -1.5380298834254236, -0.7753943198003902], "rotation": [[0.653392711808966, -0.6509752151443363, 0.3864055297517242], [0.6320846594538855, 0.7500288286482882, 0.19474531953179774], [-0.4165896631434717, 0.11699583524323194, 0.901534817462835]], "fy": 789.7345940116779, "fx": 789.734594011678}, {"id": 62, "img_name": "car_gear_000043", "width": 960, "height": 720, "position": [-2.748585215999025, -1.5157288549913355, -0.7964089871573896], "rotation": [[0.662263545577101, -0.6441305070718858, 0.38275695429209705], [0.6247654146828886, 0.7567202229861208, 0.19246475194163162], [-0.413612346063032, 0.11167091825157925, 0.9035786812453489]], "fy": 789.7345940116779, "fx": 789.734594011678}, {"id": 63, "img_name": "car_gear_000044", "width": 960, "height": 720, "position": [-2.711464717624956, -1.4756997094454263, -0.8042257139607187], "rotation": [[0.6714991024062378, -0.6366967318834785, 0.37908604178539057], [0.6173934614751685, 0.763629606999905, 0.18893156708416942], [-0.4097734364198422, 0.10717786582157905, 0.9058689948787324]], "fy": 789.7345940116779, "fx": 789.734594011678}, {"id": 64, "img_name": "car_gear_000045", "width": 960, "height": 720, "position": [-2.6722996442118965, -1.448946593209031, -0.8297629654014586], "rotation": [[0.6806413640937722, -0.6292942171019703, 0.37512147606686974], [0.6098456049070967, 0.7704121112233846, 0.18588576345655017], [-0.40597496432670127, 0.10224464388096473, 0.9081466627905365]], "fy": 789.7345940116779, "fx": 789.734594011678}, {"id": 65, "img_name": "car_gear_000046", "width": 960, "height": 720, "position": [-2.6141686597481906, -1.411080082495702, -0.8500497728793227], "rotation": [[0.6898539913889116, -0.6215889577647536, 0.371118091919156], [0.6024077291541906, 0.7771809009013932, 0.18191969417682713], [-0.4015051661187924, 0.09806637986092055, 0.9105913390324414]], "fy": 789.7345940116779, "fx": 789.734594011678}, {"id": 66, "img_name": "car_gear_000047", "width": 960, "height": 720, "position": [-2.5568922259843445, -1.4065232592586385, -0.8749564166265673], "rotation": [[0.6988833438853898, -0.6138645080123931, 0.3670591743061035], [0.5944686645721278, 0.7839125697892393, 0.17913148737243803], [-0.39770476296042384, 0.09301316427868422, 0.9127866523944461]], "fy": 789.7345940116779, "fx": 789.734594011678}, {"id": 67, "img_name": "car_gear_000048", "width": 960, "height": 720, "position": [-2.5003444170469353, -1.3603239977716688, -0.9043109549040657], "rotation": [[0.7083324315421594, -0.6054250350202636, 0.36294034412873494], [0.5866940160069724, 0.7908495646475481, 0.1742041838716685], [-0.39249878726842263, 0.08954045492120366, 0.9153836402980563]], "fy": 789.7345940116779, "fx": 789.734594011678}, {"id": 68, "img_name": "car_gear_000050", "width": 960, "height": 720, "position": [-2.346212322341205, -1.291835449594037, -0.9549541294650611], "rotation": [[0.7265191329261801, -0.5886668591228704, 0.3544591351095444], [0.5705622566047234, 0.8042585071453074, 0.16621361262702597], [-0.3829212201358359, 0.08148363427594531, 0.9201802847892725]], "fy": 789.7345940116779, "fx": 789.734594011678}, {"id": 69, "img_name": "car_gear_000051", "width": 960, "height": 720, "position": [-2.2637308866594696, -1.2613899110582516, -0.9805171020030404], "rotation": [[0.7351868018050909, -0.579941666114876, 0.3509530315519495], [0.5621416473394256, 0.8109293950782458, 0.16245086803260592], [-0.37881015664593626, 0.07785358117602584, 0.9221939520079002]], "fy": 789.7345940116779, "fx": 789.734594011678}, {"id": 70, "img_name": "car_gear_000052", "width": 960, "height": 720, "position": [-2.1144124459435867, -1.2396198303100368, -1.023677577085116], "rotation": [[0.7481807039910692, -0.5668324777381198, 0.3448573275380586], [0.5491455148055271, 0.820728828767233, 0.15761787081209602], [-0.3723772787703361, 0.07145020511957807, 0.9253269856888264]], "fy": 789.7345940116779, "fx": 789.734594011678}, {"id": 71, "img_name": "car_gear_000053", "width": 960, "height": 720, "position": [-2.016219523888855, -1.2204194954307779, -1.063410971576456], "rotation": [[0.756615014863015, -0.5579717391094846, 0.3408830556642212], [0.5404858453599388, 0.8271036727263565, 0.15419003057307], [-0.36797930682226093, 0.06757997423578355, 0.9273748847326518]], "fy": 789.7345940116779, "fx": 789.734594011678}, {"id": 72, "img_name": "car_gear_000054", "width": 960, "height": 720, "position": [-1.9361982612527, -1.1976160231068687, -1.102722422463669], "rotation": [[0.7647013886757001, -0.5492890973123405, 0.3369173099311605], [0.5319756661766438, 0.833193999706944, 0.15096241071293587], [-0.36363948734065094, 0.06379064528705841, 0.9293530420784607]], "fy": 789.7345940116779, "fx": 789.734594011678}, {"id": 73, "img_name": "car_gear_000055", "width": 960, "height": 720, "position": [-1.8662287291799176, -1.171467223093457, -1.126760058918558], "rotation": [[0.7727518213311915, -0.5404751472731397, 0.3327780608895428], [0.5233217804436544, 0.8392216775535337, 0.1477879901667128], [-0.3591502982632894, 0.05994656874509881, 0.9313524961866368]], "fy": 789.7345940116779, "fx": 789.734594011678}, {"id": 74, "img_name": "car_gear_000056", "width": 960, "height": 720, "position": [-1.8022067150097636, -1.130177478959041, -1.1369828495481211], "rotation": [[0.780507588401355, -0.5316276881034588, 0.3289071383987776], [0.5147905362254456, 0.8450801701969366, 0.1443267464908524], [-0.35468099506545225, 0.0566701612992946, 0.9332683882772913]], "fy": 789.7345940116779, "fx": 789.734594011678}, {"id": 75, "img_name": "car_gear_000058", "width": 960, "height": 720, "position": [-1.6990253669733413, -1.0735956204373558, -1.1222222452986912], "rotation": [[0.7961971908982536, -0.513830622329666, 0.3194497218061677], [0.49728763502330187, 0.8565026723641495, 0.13823234167878867], [-0.34463755056386586, 0.04879819452990176, 0.9374666367140543]], "fy": 789.7345940116779, "fx": 789.734594011678}, {"id": 76, "img_name": "car_gear_000059", "width": 960, "height": 720, "position": [-1.6353653824971037, -1.0168377939552282, -1.1087341121092575], "rotation": [[0.8043876238591541, -0.504717272991396, 0.31340233714245447], [0.4888115199919772, 0.8620783451190741, 0.13373191391695352], [-0.33767417506430214, 0.04562237631784606, 0.9401567689878938]], "fy": 789.7345940116779, "fx": 789.734594011678}, {"id": 77, "img_name": "car_gear_000060", "width": 960, "height": 720, "position": [-1.565438945415152, -0.9688683309155174, -1.1023049890135461], "rotation": [[0.8119584940334589, -0.4960209160335794, 0.3077119673072963], [0.480519390117863, 0.8672826329378659, 0.1300843969318372], [-0.331397826920568, 0.042238435832444604, 0.9425451685997621]], "fy": 789.7345940116779, "fx": 789.734594011678}, {"id": 78, "img_name": "car_gear_000061", "width": 960, "height": 720, "position": [-1.5061286336963127, -0.9348012870085752, -1.0965193413841487], "rotation": [[0.819029335335582, -0.48713731222911605, 0.30313064327769224], [0.4718409995408019, 0.8724606842240266, 0.12719444027032087], [-0.3264307262070957, 0.038853487842610286, 0.9444222506222376]], "fy": 789.7345940116779, "fx": 789.734594011678}, {"id": 79, "img_name": "car_gear_000062", "width": 960, "height": 720, "position": [-1.364529979996029, -0.8829148077855732, -1.0943623856801792], "rotation": [[0.8293318992478919, -0.4738275882576765, 0.2961351338423025], [0.45860026018626376, 0.8799908718434276, 0.12370071474868398], [-0.31920902594847766, 0.03321870072952623, 0.9471019563251182]], "fy": 789.7345940116779, "fx": 789.734594011678}, {"id": 80, "img_name": "car_gear_000063", "width": 960, "height": 720, "position": [-1.2623677308352435, -0.84425706229086, -1.1163274770902378], "rotation": [[0.8359622568005417, -0.4643932131822089, 0.2924141733145788], [0.4495552239297708, 0.8850945580709351, 0.12044801331142775], [-0.31474943342665235, 0.030766326129711447, 0.9486760391904506]], "fy": 789.7345940116779, "fx": 789.734594011678}, {"id": 81, "img_name": "car_gear_000064", "width": 960, "height": 720, "position": [-1.1393422691156394, -0.7954909697177845, -1.126588715947708], "rotation": [[0.8422639244851337, -0.4551633800120767, 0.2888213617565062], [0.4408097063160076, 0.88994293767521, 0.11699730979647516], [-0.3102874221242234, 0.028772646350292756, 0.9502072671230761]], "fy": 789.7345940116779, "fx": 789.734594011678}, {"id": 82, "img_name": "car_gear_000066", "width": 960, "height": 720, "position": [-0.9108107928965087, -0.7016286521801481, -1.151153169576754], "rotation": [[0.8543134574510728, -0.4365601158050464, 0.2820705261211787], [0.4228162590459005, 0.8993508262797548, 0.11133059937120654], [-0.3022828600903864, 0.024152775372750093, 0.9529122288738714]], "fy": 789.7345940116779, "fx": 789.734594011678}, {"id": 83, "img_name": "car_gear_000067", "width": 960, "height": 720, "position": [-0.8197868300650079, -0.6740937474528724, -1.148302280377487], "rotation": [[0.8601464523797607, -0.4275823024432495, 0.27806735712025166], [0.41399017107729036, 0.903725124470856, 0.10905520460542739], [-0.29792653240338973, 0.021313705390315654, 0.9543508302781671]], "fy": 789.7345940116779, "fx": 789.734594011678}, {"id": 84, "img_name": "car_gear_000068", "width": 960, "height": 720, "position": [-0.7355548826500974, -0.6367767671711635, -1.1215754793889385], "rotation": [[0.8658923901747988, -0.41842378079312637, 0.27413848380728995], [0.4052314445471948, 0.908046923560508, 0.10601066438095261], [-0.29328798984542115, 0.01929570623436444, 0.9558293941563782]], "fy": 789.7345940116779, "fx": 789.734594011678}, {"id": 85, "img_name": "car_gear_000069", "width": 960, "height": 720, "position": [-0.6654414067935732, -0.6198792374867078, -1.1014995016245563], "rotation": [[0.8711524768755635, -0.4098097381177078, 0.2704613476588963], [0.3968015230187822, 0.9120148108627731, 0.10381491269039855], [-0.28920911701318397, 0.016880856341901326, 0.9571170896633381]], "fy": 789.7345940116779, "fx": 789.734594011678}, {"id": 86, "img_name": "car_gear_000070", "width": 960, "height": 720, "position": [-0.6031951703575064, -0.6125694930936042, -1.0965781177534089], "rotation": [[0.8764695692293751, -0.40086538471293004, 0.266660903684489], [0.38809053564721135, 0.9160210285880125, 0.10144560771970511], [-0.2849330278432711, 0.014574584848780688, 0.9584366182072508]], "fy": 789.7345940116779, "fx": 789.734594011678}, {"id": 87, "img_name": "car_gear_000071", "width": 960, "height": 720, "position": [-0.5475371029602037, -0.6097055218626961, -1.095479156983775], "rotation": [[0.8816457397183401, -0.3918960374167376, 0.26290356690916106], [0.37933289390960473, 0.9199276441090836, 0.09919518739372342], [-0.28072645980503025, 0.012272956488570798, 0.9597093462629007]], "fy": 789.7345940116779, "fx": 789.734594011678}, {"id": 88, "img_name": "car_gear_000072", "width": 960, "height": 720, "position": [-0.4692608395615663, -0.6146003449783608, -1.118564242077218], "rotation": [[0.8891410325268555, -0.3786247983901339, 0.2570437439836025], [0.36644940092709183, 0.9255053137579341, 0.09568046177775165], [-0.2741223464755342, 0.009120101417131477, 0.9616515808300261]], "fy": 789.7345940116779, "fx": 789.734594011678}, {"id": 89, "img_name": "car_gear_000074", "width": 960, "height": 720, "position": [-0.40326928408120283, -0.6268637314754001, -1.1807800515061575], "rotation": [[0.8986202855174727, -0.36109627965967006, 0.24918077628990842], [0.3493307332283442, 0.9325162994328476, 0.0915499323550558], [-0.26542347537217476, 0.004777876935756152, 0.9641200913855821]], "fy": 789.7345940116779, "fx": 789.734594011678}, {"id": 90, "img_name": "car_gear_000075", "width": 960, "height": 720, "position": [-0.3691523485926259, -0.6156488033502571, -1.2158267660071207], "rotation": [[0.9032184007602558, -0.35202837645575225, 0.2455046694016498], [0.3406052027103, 0.9359837678836429, 0.08900832626790683], [-0.26112184208671946, 0.003226209581828273, 0.9653004584879118]], "fy": 789.7345940116779, "fx": 789.734594011678}, {"id": 91, "img_name": "car_gear_000076", "width": 960, "height": 720, "position": [-0.31869254516894263, -0.6037415612686005, -1.25084773834828], "rotation": [[0.9078050055222323, -0.3429837498908448, 0.24135496526815942], [0.33181125505832065, 0.9393405012915454, 0.086837282603556], [-0.25649827088189503, 0.0012529741267285795, 0.9665438774781181]], "fy": 789.7345940116779, "fx": 789.734594011678}, {"id": 92, "img_name": "car_gear_000077", "width": 960, "height": 720, "position": [-0.26965324725199313, -0.5860445198584328, -1.2793968812495466], "rotation": [[0.9121689407025585, -0.33409520878339, 0.23733565911079454], [0.3231651137492635, 0.9425391295388135, 0.0847602415265633], [-0.25201613613615653, -0.0006170544536819206, 0.9677228355116992]], "fy": 789.7345940116779, "fx": 789.734594011678}, {"id": 93, "img_name": "car_gear_000078", "width": 960, "height": 720, "position": [-0.2314162037282922, -0.5579465547927025, -1.2947156109732247], "rotation": [[0.9164573478202509, -0.3249351013815656, 0.23350184049900619], [0.31432110381265443, 0.9457339391829398, 0.08239878625024741], [-0.2476048733855338, -0.0021204168625754646, 0.9688587773809261]], "fy": 789.7345940116779, "fx": 789.734594011678}, {"id": 94, "img_name": "car_gear_000079", "width": 960, "height": 720, "position": [-0.19155038748565995, -0.5479835647476394, -1.3287819827233982], "rotation": [[0.9207061110450322, -0.3162774302455843, 0.22862380497573356], [0.30578211683984224, 0.9486555645210192, 0.08093155703587841], [-0.24248206965727948, -0.00460510809386374, 0.9701449576605377]], "fy": 789.7345940116779, "fx": 789.734594011678}, {"id": 95, "img_name": "car_gear_000080", "width": 960, "height": 720, "position": [-0.15806175868475306, -0.5179287860555959, -1.352004775884689], "rotation": [[0.9248565552931103, -0.306782077421589, 0.2247779106234782], [0.2967848415738074, 0.9517650383099943, 0.0778592940038979], [-0.2378215926768892, -0.005298001856318102, 0.971294405025046]], "fy": 789.7345940116779, "fx": 789.734594011678}, {"id": 96, "img_name": "car_gear_000082", "width": 960, "height": 720, "position": [-0.02769965882106378, -0.4154739756396762, -1.4314818558871127], "rotation": [[0.9349095203273977, -0.2840209201548407, 0.2127822965276784], [0.27469558929831095, 0.9587697101565068, 0.07282153600729509], [-0.2246920604321589, -0.009631188961166007, 0.9743822238618403]], "fy": 789.7345940116779, "fx": 789.734594011678}, {"id": 97, "img_name": "car_gear_000083", "width": 960, "height": 720, "position": [0.011624368924310211, -0.3433119250920224, -1.45653722043199], "rotation": [[0.9386536253553982, -0.27457962854616613, 0.20865138196191563], [0.265642699799907, 0.9615065952306835, 0.07027818559777381], [-0.2199166379567136, -0.010540157273405027, 0.9754617252534656]], "fy": 789.7345940116779, "fx": 789.734594011678}, {"id": 98, "img_name": "car_gear_000084", "width": 960, "height": 720, "position": [0.0678058340999271, -0.2911529533890833, -1.4688919481894624], "rotation": [[0.9423584979855097, -0.26521596382677604, 0.20401214131989312], [0.2565334417227072, 0.9641129972171639, 0.06838656209255664], [-0.21482796501479084, -0.012108721169922971, 0.9765768399461626]], "fy": 789.7345940116779, "fx": 789.734594011678}, {"id": 99, "img_name": "car_gear_000085", "width": 960, "height": 720, "position": [0.12313185201379684, -0.2396122637050678, -1.4770104306146004], "rotation": [[0.9459007201618997, -0.25588684