[{"id": 0, "img_name": "DSC02872", "width": 6192, "height": 4128, "position": [-1.390179205719168, 2.4901636807099155, 2.6256531557991623], "rotation": [[-0.8518911991417587, 0.06472044694545563, -0.5197043857540528], [-0.5237165407247698, -0.1023582242649067, 0.8457208634630079], [0.0015394142059537198, 0.9926399436213089, 0.12109323899948721]], "fy": 4659.640919296982, "fx": 4661.749323301691}, {"id": 1, "img_name": "DSC02882", "width": 6192, "height": 4128, "position": [3.8525860332171113, 3.993062060867444, 2.597308607267801], "rotation": [[-0.021524594792988877, -0.5957124730030193, 0.8029092983193212], [0.9279880654871118, 0.28690620306873965, 0.2377456223659373], [-0.3719876908346368, 0.750207624694195, 0.5466385256439656]], "fy": 4659.640919296982, "fx": 4661.749323301691}, {"id": 2, "img_name": "DSC02891", "width": 6192, "height": 4128, "position": [3.208437978573299, -0.29258597883077825, -4.142548012087514], "rotation": [[0.1562993004724348, 0.8792899789951774, -0.4499107261562987], [-0.9490387432515168, 0.2599057024787692, 0.17825400311521405], [0.2736713219893689, 0.3991217341334319, 0.8751033361054642]], "fy": 4659.640919296982, "fx": 4661.749323301691}, {"id": 3, "img_name": "DSC02899", "width": 6192, "height": 4128, "position": [-2.3321034180206612, -1.626098940066348, -1.6944204643244456], "rotation": [[-0.5167776674433001, -0.8202717420873356, 0.2451430430684695], [0.7295192053515275, -0.2720644975554337, 0.6275210260964851], [-0.44804304643096304, 0.5031254101145329, 0.7390008459006964]], "fy": 4659.640919296982, "fx": 4661.749323301691}, {"id": 4, "img_name": "DSC02907", "width": 6192, "height": 4128, "position": [1.6630927748038786, 1.702055551480464, -3.049579881794539], "rotation": [[0.7488882482376141, 0.5789414057198619, -0.3224798294385369], [-0.6234429328633282, 0.7804768565967952, -0.046634598524671424], [0.22468934357100523, 0.235971873450833, 0.9454268738647822]], "fy": 4659.640919296982, "fx": 4661.749323301691}, {"id": 5, "img_name": "DSC02915", "width": 6192, "height": 4128, "position": [0.16662004420669854, -3.1843139022299334, -1.6153976495562972], "rotation": [[-0.9712683594611288, -0.19353327880336307, -0.13850142203351998], [0.04379529824010974, -0.7173820868149388, 0.6953020303214303], [-0.23392252085198495, 0.6692591512356505, 0.7052463702321266]], "fy": 4659.640919296982, "fx": 4661.749323301691}, {"id": 6, "img_name": "DSC02923", "width": 6192, "height": 4128, "position": [-2.12778218136926, 1.5601782158255182, -1.2533084158934333], "rotation": [[0.5835011172304503, -0.6698594441005626, 0.45914569729019716], [0.7552232922822413, 0.6554582384483063, -0.003503775765568388], [-0.2986037926503753, 0.34880198221846226, 0.8883540691724686]], "fy": 4659.640919296982, "fx": 4661.749323301691}, {"id": 7, "img_name": "DSC02931", "width": 6192, "height": 4128, "position": [2.5885197482428577, -0.3980320920838669, 0.27234635597091933], "rotation": [[-0.29263360848679887, 0.5789151898895194, -0.7610668657215186], [-0.9202400497733034, 0.04578907713931078, 0.38866645238296255], [0.2598534625076646, 0.8141010768509714, 0.5193415202858964]], "fy": 4659.640919296982, "fx": 4661.749323301691}, {"id": 8, "img_name": "DSC02939", "width": 6192, "height": 4128, "position": [-2.8000316202424225, -0.08766380452014899, 1.8194506603951663], "rotation": [[-0.35030955985661455, -0.4009403267726277, 0.8464809901235365], [0.8354607678384318, 0.2748004682338694, 0.4759096637611635], [-0.4234247485396694, 0.8739173628129289, 0.23870468218745322]], "fy": 4659.640919296982, "fx": 4661.749323301691}, {"id": 9, "img_name": "DSC02947", "width": 6192, "height": 4128, "position": [0.5883109645929999, 3.633684144409541, 0.7988563440390583], "rotation": [[0.9560202316523492, -0.0028910633955033065, -0.2932864784197044], [-0.23153125552341905, 0.6064119469785517, -0.7606956213081757], [0.1800516436668596, 0.795145390676526, 0.5790727184894284]], "fy": 4659.640919296982, "fx": 4661.749323301691}, {"id": 10, "img_name": "DSC02955", "width": 6192, "height": 4128, "position": [2.222221219320891, -0.4742177321287467, 2.613465088751018], "rotation": [[-0.6117256369894731, 0.09800690260925538, -0.784975408589825], [-0.7678232079478488, 0.16522936839073427, 0.6189885113294697], [0.1903661377096706, 0.9813734777657989, -0.025823066265719303]], "fy": 4659.640919296982, "fx": 4661.749323301691}, {"id": 11, "img_name": "DSC02963", "width": 6192, "height": 4128, "position": [1.0279910942131474, -1.4595646047215303, 2.830048995413448], "rotation": [[-0.8897233241051878, -0.019183734691167603, -0.45609690951212695], [-0.4557646486361011, 0.094022611880683, 0.8851205191999254], [0.025903505492997792, 0.9953852182840738, -0.09239737888458123]], "fy": 4659.640919296982, "fx": 4661.749323301691}, {"id": 12, "img_name": "DSC02971", "width": 6192, "height": 4128, "position": [-0.867755397974561, -1.6577191702396712, 2.6686778360390577], "rotation": [[-0.9615039607174742, -0.21262891361396966, 0.17406630524013475], [0.15891141831606267, 0.08653159859680054, 0.983493489339436], [-0.22418138783892402, 0.9732940087864637, -0.049411312540638366]], "fy": 4659.640919296982, "fx": 4661.749323301691}, {"id": 13, "img_name": "DSC02979", "width": 6192, "height": 4128, "position": [-2.929738007864308, 0.3922998540331671, 1.6137793123473088], "rotation": [[-0.18133445623414213, -0.4028235779272184, 0.8971348728302683], [0.8919025784743638, 0.3169365294859264, 0.3225849140741041], [-0.4142796223482981, 0.8586526662995523, 0.3018078745884886]], "fy": 4659.640919296982, "fx": 4661.749323301691}, {"id": 14, "img_name": "DSC02874", "width": 6192, "height": 4128, "position": [-1.780415310378814, 3.9375757026892586, 1.5932905485744557], "rotation": [[-0.9812930811042121, -0.18704094716664452, -0.04560233612444101], [-0.012573003041389384, -0.17410310585987487, 0.9846471592019478], [-0.1921088456358093, 0.9668008029645762, 0.168494506781459]], "fy": 4659.640919296982, "fx": 4661.749323301691}, {"id": 15, "img_name": "DSC02875", "width": 6192, "height": 4128, "position": [-1.6945049900706424, 4.011497935388778, 2.1155842421170896], "rotation": [[-0.9414602970060885, -0.2747155864896993, 0.1954068977821104], [0.2135776971014285, -0.0375587017255899, 0.976203826680442], [-0.2608391773910853, 0.9607916998310865, 0.09403314880207529]], "fy": 4659.640919296982, "fx": 4661.749323301691}, {"id": 16, "img_name": "DSC02876", "width": 6192, "height": 4128, "position": [-1.365545493463329, 4.1643059879133695, 2.8363337003106976], "rotation": [[-0.906262186655594, -0.3085101262584624, 0.2889815755964528], [0.27871454773306453, 0.07788337340211136, 0.9572107296878052], [-0.31781606303044874, 0.9480272581226209, 0.015403504027686749]], "fy": 4659.640919296982, "fx": 4661.749323301691}, {"id": 17, "img_name": "DSC02877", "width": 6192, "height": 4128, "position": [-1.1647236765875781, 4.121648447330981, 2.8917889039820985], "rotation": [[-0.8604723921605916, -0.3281146318469863, 0.3897794898366847], [0.39559800660375233, 0.05184400754102294, 0.916959331733542], [-0.32107550436083904, 0.9432141788851582, 0.08519115710817578]], "fy": 4659.640919296982, "fx": 4661.749323301691}, {"id": 18, "img_name": "DSC02878", "width": 6192, "height": 4128, "position": [4.485187668390039, 9.328453504265674, 1.6282032176374646], "rotation": [[-0.7357817774065123, -0.48868149834471614, 0.4688449308802182], [0.5611650023988949, -0.05240371150604993, 0.826043395411548], [-0.3791029096685512, 0.8708870444529266, 0.3127886501855279]], "fy": 4659.640919296982, "fx": 4661.749323301691}, {"id": 19, "img_name": "DSC02879", "width": 6192, "height": 4128, "position": [4.370252334840656, 8.311839263879905, 1.5890440242545354], "rotation": [[-0.5394044100051015, -0.5764017837698188, 0.6138435192571633], [0.7322257411085903, 0.03889213628009707, 0.6799506348210477], [-0.4157984445918767, 0.8162403968210229, 0.4010776334731653]], "fy": 4659.640919296982, "fx": 4661.749323301691}, {"id": 20, "img_name": "DSC02880", "width": 6192, "height": 4128, "position": [4.083599553858493, 7.731265298333154, 1.7158839139024584], "rotation": [[-0.3376804868351909, -0.6362284763883858, 0.6936751506600629], [0.8326196906509377, 0.1418081991825502, 0.5353829334083584], [-0.4389946919395322, 0.7583559589514115, 0.4818504954566302]], "fy": 4659.640919296982, "fx": 4661.749323301691}, {"id": 21, "img_name": "DSC02884", "width": 6192, "height": 4128, "position": [-3.5812148343583714, -1.3937839145566546, -4.772374861930111], "rotation": [[0.11941154464179424, -0.9374446227837037, 0.3270144679065139], [0.9010331151597856, 0.24065632053987648, 0.3608654330490257], [-0.4169894583700089, 0.25155936595191175, 0.8734057917200682]], "fy": 4659.640919296982, "fx": 4661.749323301691}, {"id": 22, "img_name": "DSC02885", "width": 6192, "height": 4128, "position": [-3.217998458231769, -0.18435610373920355, -5.144151118089569], "rotation": [[0.409507155398697, -0.8580747042505099, 0.309857534364855], [0.8181560911712382, 0.4956850800774909, 0.29140506493191193], [-0.4036390716428081, 0.1341793699268676, 0.9050256330786222]], "fy": 4659.640919296982, "fx": 4661.749323301691}, {"id": 23, "img_name": "DSC02886", "width": 6192, "height": 4128, "position": [-2.521763386593954, 0.7341055576118378, -5.429046828839109], "rotation": [[0.7002819901685142, -0.6616114843938148, 0.2680958372743563], [0.6377338780517585, 0.7485630021458693, 0.18151840844230718], [-0.3207812884672202, 0.04385972567830837, 0.9461372466152751]], "fy": 4659.640919296982, "fx": 4661.749323301691}, {"id": 24, "img_name": "DSC02887", "width": 6192, "height": 4128, "position": [-1.281142660544284, 1.353420160249175, -5.469398629115452], "rotation": [[0.9101781114629117, -0.37989296364240294, 0.16509737002387237], [0.372901454922574, 0.9250190198537785, 0.07269331348468386], [-0.1803338856966018, -0.004598813297678392, 0.9835947034148862]], "fy": 4659.640919296982, "fx": 4661.749323301691}, {"id": 25, "img_name": "DSC02888", "width": 6192, "height": 4128, "position": [0.027370267161391754, 1.6047325044804912, -5.363468628322793], "rotation": [[0.9999999860398634, -0.00014491284063437369, 8.318979110967463e-05], [0.0001448966821205912, 0.9999999706437294, 0.00019420991739304633], [-8.321793217834142e-05, -0.0001941978607571313, 0.9999999776809831]], "fy": 4659.640919296982, "fx": 4661.749323301691}, {"id": 26, "img_name": "DSC02889", "width": 6192, "height": 4128, "position": [1.3283507825151197, 1.5525660779624897, -5.161492637693926], "rotation": [[0.89668418981504, 0.4052124692033763, -0.17821424897535096], [-0.41292285690576713, 0.9107403584904454, -0.006834739312828197], [0.1595373874066041, 0.07971733951153794, 0.9839679709221624]], "fy": 4659.640919296982, "fx": 4661.749323301691}, {"id": 27, "img_name": "DSC02890", "width": 6192, "height": 4128, "position": [2.384311894189296, 0.9871268035651767, -4.776974366081192], "rotation": [[0.6029820055744143, 0.7328479062678815, -0.3151930317000035], [-0.7611802755315935, 0.6467875153650754, 0.047649744065630766], [0.2387829330063286, 0.2111867804732453, 0.9478306044110628]], "fy": 4659.640919296982, "fx": 4661.749323301691}, {"id": 28, "img_name": "DSC02892", "width": 6192, "height": 4128, "position": [3.362426167201291, -1.6303671730938576, -3.5703430791360913], "rotation": [[-0.26791611247089564, 0.8284284932610448, -0.49186094399913205], [-0.93903011915104, -0.11033741124275745, 0.32565025872464776], [0.2155072899130462, 0.5491191921918971, 0.8074804770152976]], "fy": 4659.640919296982, "fx": 4661.749323301691}, {"id": 29, "img_name": "DSC02893", "width": 6192, "height": 4128, "position": [2.9368943247074166, -2.7443554349286154, -3.2410583727695914], "rotation": [[-0.5603464542053094, 0.6781700061377155, -0.475496891719291], [-0.820251568682889, -0.37473859684451694, 0.4321554675209628], [0.11488783805432233, 0.6321838552273958, 0.7662534553638441]], "fy": 4659.640919296982, "fx": 4661.749323301691}, {"id": 30, "img_name": "DSC02894", "width": 6192, "height": 4128, "position": [2.1556290513418195, -3.4186418999830095, -3.0455304998021835], "rotation": [[-0.8281882867778012, 0.4049858255203719, -0.3874153362628189], [-0.560354277875636, -0.6111265574956832, 0.5590415136552467], [-0.010355911863500676, 0.6800814744213062, 0.733063396466102]], "fy": 4659.640919296982, "fx": 4661.749323301691}, {"id": 31, "img_name": "DSC02895", "width": 6192, "height": 4128, "position": [1.0385017896998476, -4.239035911233285, -2.8502140739545165], "rotation": [[-0.9634340441599644, 0.08110499974626456, -0.2553758437474732], [-0.23485946104550337, -0.714399084191036, 0.6591471626764576], [-0.12898013843608286, 0.6950222496605178, 0.7073246753548482]], "fy": 4659.640919296982, "fx": 4661.749323301691}, {"id": 32, "img_name": "DSC02896", "width": 6192, "height": 4128, "position": [0.20036890658735065, -4.405349416605476, -2.979889695785625], "rotation": [[-0.9611766655318473, -0.2236480116897072, -0.1616198765756239], [0.04744792185083908, -0.710955842381248, 0.7016341531710146], [-0.2718236787866649, 0.6667258484948747, 0.6939657993011421]], "fy": 4659.640919296982, "fx": 4661.749323301691}, {"id": 33, "img_name": "DSC02897", "width": 6192, "height": 4128, "position": [-1.0109562211527783, -4.176627766175586, -3.2375254182719178], "rotation": [[-0.8484011323559658, -0.5293513110791173, 0.0016456232660323523], [0.37850130769984675, -0.6044518645952996, 0.7009812432988279], [-0.3700706401305297, 0.5953361511331932, 0.7131778098534025]], "fy": 4659.640919296982, "fx": 4661.749323301691}, {"id": 34, "img_name": "DSC02898", "width": 6192, "height": 4128, "position": [-1.893726264452825, -3.4749963591049227, -3.6009672893127855], "rotation": [[-0.5788643140408967, -0.8063364392258351, 0.12139873436969399], [0.6569082356164784, -0.37293441509341246, 0.65527970517801], [-0.4831021381749492, 0.4590658654436589, 0.7455674719804081]], "fy": 4659.640919296982, "fx": 4661.749323301691}, {"id": 35, "img_name": "DSC02900", "width": 6192, "height": 4128, "position": [-2.5996037933077787, -0.8002036299124704, -2.159778084484247], "rotation": [[-0.12798202038839757, -0.9287900757935554, 0.34780683944497787], [0.871396010763336, 0.06215520342222062, 0.48662688285100547], [-0.4735922242637093, 0.3653569840511377, 0.8013892183714534]], "fy": 4659.640919296982, "fx": 4661.749323301691}, {"id": 36, "img_name": "DSC02901", "width": 6192, "height": 4128, "position": [-2.3336212639094556, -0.3360171223704298, -2.342346069660337], "rotation": [[0.21935478203370715, -0.906409788501715, 0.36097752687282475], [0.8618136643140818, 0.3534467912969051, 0.3638029325382862], [-0.45734088774182396, 0.2312934521991449, 0.858686585064261]], "fy": 4659.640919296982, "fx": 4661.749323301691}, {"id": 37, "img_name": "DSC02902", "width": 6192, "height": 4128, "position": [-2.0254961065427644, 0.5961159655622212, -2.8103574113795706], "rotation": [[0.5111278329907984, -0.7982606929930829, 0.3186349076362058], [0.779822001235195, 0.5865860032142673, 0.21861954904044456], [-0.3614221696737297, 0.13673597498578946, 0.9223216838029016]], "fy": 4659.640919296982, "fx": 4661.749323301691}, {"id": 38, "img_name": "DSC02903", "width": 6192, "height": 4128, "position": [-1.4179104743222812, 1.2579420351076738, -2.842479350160438], "rotation": [[0.7967266394522782, -0.5646804712898087, 0.21531982568031038], [0.5597310499694863, 0.8238367011077455, 0.08941052291516653], [-0.2278767510895662, 0.04928544665341533, 0.9724418394233341]], "fy": 4659.640919296982, "fx": 4661.749323301691}, {"id": 39, "img_name": "DSC02904", "width": 6192, "height": 4128, "position": [-0.9622553268200782, 1.8511763024128114, -3.0900746603335576], "rotation": [[0.962666984456579, -0.24619278079241105, 0.11252284978161885], [0.2528219958932455, 0.9662809275369019, -0.0488078627987363], [-0.09671254018912277, 0.07543396956361464, 0.992449696864301]], "fy": 4659.640919296982, "fx": 4661.749323301691}, {"id": 40, "img_name": "DSC02905", "width": 6192, "height": 4128, "position": [-0.2502407508754509, 2.0328056359166036, -3.165892558029053], "rotation": [[0.9995948597459149, 0.017956195558845298, -0.022083736336895497], [-0.019741120556834982, 0.9963156653165409, -0.08345887133204617], [0.02050376864641038, 0.08386101648508106, 0.9962664931560147]], "fy": 4659.640919296982, "fx": 4661.749323301691}, {"id": 41, "img_name": "DSC02906", "width": 6192, "height": 4128, "position": [0.7950912414622094, 2.00473420418798, -3.171755531257621], "rotation": [[0.9328193378296684, 0.3068525251652863, -0.18891694146027824], [-0.3269887707220862, 0.9411106468784305, -0.08595984035421075], [0.15141475090848255, 0.14195871981583158, 0.9782235404423534]], "fy": 4659.640919296982, "fx": 4661.749323301691}, {"id": 42, "img_name": "DSC02908", "width": 6192, "height": 4128, "position": [2.166537295254139, 1.0698225226802383, -2.749930550996338], "rotation": [[0.4384413838983819, 0.7881275205078928, -0.43200019016587565], [-0.85292444830948, 0.5164034003314302, 0.07646838302269811], [0.2833532042544096, 0.3349366201898766, 0.898625852117855]], "fy": 4659.640919296982, "fx": 4661.749323301691}, {"id": 43, "img_name": "DSC02909", "width": 6192, "height": 4128, "position": [2.505831842211613, 0.5501984934302628, -2.4620846492329487], "rotation": [[0.1609047100037248, 0.866974738139941, -0.4716614015645098], [-0.9441216899464087, 0.27448635670489924, 0.1824595148398898], [0.2876524098132229, 0.415947164204844, 0.8626958025391073]], "fy": 4659.640919296982, "fx": 4661.749323301691}, {"id": 44, "img_name": "DSC02910", "width": 6192, "height": 4128, "position": [2.5644930162232007, -0.2256009552355969, -2.187192452289249], "rotation": [[-0.13912505920284976, 0.855306929452652, -0.4990934525037163], [-0.9582839001536377, 0.010787910455658375, 0.28561440386355397], [0.24967215425060146, 0.5180093410531093, 0.8181259915035014]], "fy": 4659.640919296982, "fx": 4661.749323301691}, {"id": 45, "img_name": "DSC02911", "width": 6192, "height": 4128, "position": [2.4120977514142066, -1.107538974345698, -1.8823929633531509], "rotation": [[-0.42144908430392997, 0.7732491688472108, -0.4737788431499203], [-0.8853813797661081, -0.2378388747370991, 0.3994151750087288], [0.19616442517144134, 0.5878081256165896, 0.7848573919867672]], "fy": 4659.640919296982, "fx": 4661.749323301691}, {"id": 46, "img_name": "DSC02912", "width": 6192, "height": 4128, "position": [2.0772766343230264, -1.7021781908150724, -1.7434255178787739], "rotation": [[-0.6482287802850694, 0.6256494619473395, -0.4340071418480754], [-0.7537641690906721, -0.4464941090704966, 0.4821644822676092], [0.1078843167711583, 0.6396919268916464, 0.7610224785539995]], "fy": 4659.640919296982, "fx": 4661.749323301691}, {"id": 47, "img_name": "DSC02913", "width": 6192, "height": 4128, "position": [1.3665809107575713, -2.388539533187697, -1.6320104362198435], "rotation": [[-0.850699383101712, 0.39104911914034707, -0.35127075883131087], [-0.5253516987530541, -0.6098949756166873, 0.5933242885090754], [0.017780669493769455, 0.6892812960882362, 0.7242755985502166]], "fy": 4659.640919296982, "fx": 4661.749323301691}, {"id": 48, "img_name": "DSC02914", "width": 6192, "height": 4128, "position": [0.9313249106316402, -2.9083294902304546, -1.5737686525573753], "rotation": [[-0.963807301458576, 0.09399259167090664, -0.24948121846368143], [-0.24056262145657836, -0.7099706050676701, 0.6618695982576814], [-0.1149134927372583, 0.6979306073320124, 0.7068859572350352]], "fy": 4659.640919296982, "fx": 4661.749323301691}, {"id": 49, "img_name": "DSC02916", "width": 6192, "height": 4128, "position": [-0.6833728165715838, -3.2661735488534167, -1.8100781048134824], "rotation": [[-0.8881525624540715, -0.45876153595396874, -0.026886408005182223], [0.3049412336834357, -0.6321083750883569, 0.7123551404621015], [-0.3437962620592172, 0.6244812689523292, 0.7013039818237157]], "fy": 4659.640919296982, "fx": 4661.749323301691}, {"id": 50, "img_name": "DSC02917", "width": 6192, "height": 4128, "position": [-1.2802323907705588, -2.589984096361005, -2.1774357229287795], "rotation": [[-0.6245777457842907, -0.7682094470347117, 0.14055918667108158], [0.6528859674244134, -0.41486025689991335, 0.6337435449653315], [-0.4285353579476276, 0.48759123528993004, 0.7606656520818714]], "fy": 4659.640919296982, "fx": 4661.749323301691}, {"id": 51, "img_name": "DSC02918", "width": 6192, "height": 4128, "position": [-1.7594746680273539, -1.8236950300700294, -2.5962518369062053], "rotation": [[-0.3007354835617615, -0.9278437253567484, 0.22059961523761562], [0.8387914371744756, -0.14724919908078163, 0.5241627593532817], [-0.45385801067035414, 0.3426714092044725, 0.8225504309549475]], "fy": 4659.640919296982, "fx": 4661.749323301691}, {"id": 52, "img_name": "DSC02919", "width": 6192, "height": 4128, "position": [-1.7847385060479932, -0.8130992367522201, -2.685056832146631], "rotation": [[0.027480065629136276, -0.9719047206069924, 0.23376496755258794], [0.8926738600100738, 0.12910163109515105, 0.43181726285928684], [-0.4498646748164754, 0.1968095091971312, 0.8711416598015796]], "fy": 4659.640919296982, "fx": 4661.749323301691}, {"id": 53, "img_name": "DSC02920", "width": 6192, "height": 4128, "position": [-2.950622949001766, -0.015558923355982033, -0.824469809621237], "rotation": [[-0.07731856083892273, -0.8515029118578648, 0.5186180012758675], [0.9052290227728005, 0.15804162851057044, 0.39444043908748483], [-0.4178304159340233, 0.4999656335742535, 0.7585855975202117]], "fy": 4659.640919296982, "fx": 4661.749323301691}, {"id": 54, "img_name": "DSC02921", "width": 6192, "height": 4128, "position": [-2.660725784171909, 0.583885539408092, -1.1579360831432564], "rotation": [[0.23754194140967744, -0.8432270363159635, 0.48222607903048725], [0.8898512241426954, 0.3879753787664856, 0.2400831196955521], [-0.3895364231533017, 0.3720796563866378, 0.8425070351873232]], "fy": 4659.640919296982, "fx": 4661.749323301691}, {"id": 55, "img_name": "DSC02922", "width": 6192, "height": 4128, "position": [-2.381556537306263, 1.2212697977478928, -1.666825194587768], "rotation": [[0.431719365403966, -0.8097481200595894, 0.39739951131720985], [0.8420896671575003, 0.5197133014569776, 0.14416336828493795], [-0.32326982847424335, 0.27240790434319095, 0.9062508215993983]], "fy": 4659.640919296982, "fx": 4661.749323301691}, {"id": 56, "img_name": "DSC02924", "width": 6192, "height": 4128, "position": [-1.140867250173691, 2.2769061737273852, -1.7208289897860163], "rotation": [[0.8865860230330838, -0.4019753350517501, 0.2288690756140142], [0.44928955225221745, 0.8660298182454736, -0.21938835918688576], [-0.11001873476541214, 0.2973351373782541, 0.9484132506881547]], "fy": 4659.640919296982, "fx": 4661.749323301691}, {"id": 57, "img_name": "DSC02925", "width": 6192, "height": 4128, "position": [-0.4414431057202607, 2.7021682098128283, -1.927591367069622], "rotation": [[0.9914066664211844, -0.1269103339265357, 0.03172678550199477], [0.1303927794166549, 0.939202829855269, -0.3176409411078084], [0.010514031179046411, 0.3190482902861412, 0.9476801378175319]], "fy": 4659.640919296982, "fx": 4661.749323301691}, {"id": 58, "img_name": "DSC02926", "width": 6192, "height": 4128, "position": [0.38688682695071586, 2.895417996466911, -2.121834620573305], "rotation": [[0.9798537740416083, 0.10676339346481376, -0.16878435742773804], [-0.15680490323289376, 0.9346604700707275, -0.31909564084971387], [0.12368833339705039, 0.3391332828005004, 0.9325716126273713]], "fy": 4659.640919296982, "fx": 4661.749323301691}, {"id": 59, "img_name": "DSC02927", "width": 6192, "height": 4128, "position": [1.6784325962446196, 2.7458568790886217, -1.4002672185269833], "rotation": [[0.843002524706067, 0.32577978090476867, -0.4280353696750278], [-0.4741061951850312, 0.825901173652193, -0.3051402416055667], [0.254106393123766, 0.46016821458415774, 0.8506909869394753]], "fy": 4659.640919296982, "fx": 4661.749323301691}, {"id": 60, "img_name": "DSC02928", "width": 6192, "height": 4128, "position": [2.219572246375606, 2.0523881966605684, -1.173307628055157], "rotation": [[0.6462570408671443, 0.4936609827446608, -0.5819369993781269], [-0.6955009355951045, 0.6948496343177066, -0.18292740165126614], [0.31405459034374356, 0.5229558488095577, 0.7923931438874889]], "fy": 4659.640919296982, "fx": 4661.749323301691}, {"id": 61, "img_name": "DSC02929", "width": 6192, "height": 4128, "position": [2.7111621137678434, 1.5004087928202448, -0.8790336103809281], "rotation": [[0.3850986175826548, 0.614189211467502, -0.6888183122223566], [-0.8621145482757613, 0.5057632628618356, -0.031016569614153947], [0.32932895467481743, 0.6057847261662161, 0.7242701879523374]], "fy": 4659.640919296982, "fx": 4661.749323301691}, {"id": 62, "img_name": "DSC02930", "width": 6192, "height": 4128, "position": [2.895726382238968, 0.3754877490077287, -0.25870086709960854], "rotation": [[0.016655122899590393, 0.6417022056563857, -0.7667730343047604], [-0.9498586191122502, 0.2496349948060705, 0.18828428789026033], [0.3122358252657257, 0.7251900775823557, 0.6136840724645933]], "fy": 4659.640919296982, "fx": 4661.749323301691}, {"id": 63, "img_name": "DSC02932", "width": 6192, "height": 4128, "position": [2.2900992413174985, -1.4485554863764578, 0.7667911836446962], "rotation": [[-0.6066825007400677, 0.42672181153613126, -0.6707047329899347], [-0.7767119751159436, -0.1385323607039615, 0.6144324964951617], [0.16927743797466718, 0.8937098413898716, 0.4154851000885868]], "fy": 4659.640919296982, "fx": 4661.749323301691}, {"id": 64, "img_name": "DSC02933", "width": 6192, "height": 4128, "position": [1.5880104162206328, -2.3401985510546948, 1.0880511691913566], "rotation": [[-0.8505875762723366, 0.24363307872419115, -0.4659868002878666], [-0.5208812205763765, -0.26905295624794584, 0.8101192879972092], [0.07199673007863816, 0.9318011749754413, 0.35575699736248434]], "fy": 4659.640919296982, "fx": 4661.749323301691}, {"id": 65, "img_name": "DSC02934", "width": 6192, "height": 4128, "position": [0.4596011967456283, -2.8587367206086873, 1.0505568905892009], "rotation": [[-0.9760437610095654, -0.0017250849410178832, -0.2175674623565028], [-0.20427036371173235, -0.33704085428840136, 0.9190631540050013], [-0.07491458538481378, 0.9414884421077563, 0.32861423930519323]], "fy": 4659.640919296982, "fx": 4661.749323301691}, {"id": 66, "img_name": "DSC02935", "width": 6192, "height": 4128, "position": [-0.8535803602780669, -3.1464787571369293, 0.8130883459508873], "rotation": [[-0.977039340011325, -0.21304264795297642, 0.002637844464467232], [0.0816619360808432, -0.3630187991256555, 0.928196466098043], [-0.196787845828351, 0.9070998741233245, 0.3720811230090637]], "fy": 4659.640919296982, "fx": 4661.749323301691}, {"id": 67, "img_name": "DSC02936", "width": 6192, "height": 4128, "position": [-1.9139110152669325, -2.4050582855156635, 0.32050936486579223], "rotation": [[-0.8393340872121159, -0.4510620449921293, 0.30341608660603714], [0.45386416405309576, -0.27424568075957473, 0.8478187466511351], [-0.2992083064224463, 0.8493128623494614, 0.4349046461186359]], "fy": 4659.640919296982, "fx": 4661.749323301691}, {"id": 68, "img_name": "DSC02937", "width": 6192, "height": 4128, "position": [-2.789874931830546, -1.808928496466548, -0.039603845200469556], "rotation": [[-0.5687021689430043, -0.6540338275861097, 0.4988161940159775], [0.7264425258235844, -0.11491073091203036, 0.6775520501011816], [-0.38582262727135813, 0.747686616366995, 0.540467967590218]], "fy": 4659.640919296982, "fx": 4661.749323301691}, {"id": 69, "img_name": "DSC02938", "width": 6192, "height": 4128, "position": [-3.12765443277449, -0.533711392504566, -0.4680701368732151], "rotation": [[-0.2765121772012588, -0.7665844248815588, 0.5795596046899998], [0.869809642020445, 0.05678957767673397, 0.49010828447962707], [-0.40862232257634246, 0.6396274410907551, 0.6510795144189442]], "fy": 4659.640919296982, "fx": 4661.749323301691}, {"id": 70, "img_name": "DSC02940", "width": 6192, "height": 4128, "position": [-2.9658373650060814, 0.950527141362132, 1.3873570151812995], "rotation": [[0.022458351998429184, -0.4018800643407134, 0.9154168647731032], [0.9147226301141358, 0.37777843230095615, 0.14340838903393904], [-0.40345772068779673, 0.8341318061156375, 0.3760930704542054]], "fy": 4659.640919296982, "fx": 4661.749323301691}, {"id": 71, "img_name": "DSC02941", "width": 6192, "height": 4128, "position": [-2.872482640349753, 1.4101535992231786, 1.2250425129306182], "rotation": [[0.2144706671584163, -0.38857948820604116, 0.8961073118071043], [0.9015864008292721, 0.4316523505179626, -0.028604372603448083], [-0.3756917549911665, 0.8140529648848708, 0.44291474980385137]], "fy": 4659.640919296982, "fx": 4661.749323301691}, {"id": 72, "img_name": "DSC02942", "width": 6192, "height": 4128, "position": [-2.6900241953226294, 2.0063397286259916, 0.997262609541691], "rotation": [[0.4029449452025984, -0.363206497215734, 0.8400692897112427], [0.8534508266246819, 0.48061651527846316, -0.20156748690012913], [-0.3305405537438968, 0.7981784296896678, 0.5036408806965678]], "fy": 4659.640919296982, "fx": 4661.749323301691}, {"id": 73, "img_name": "DSC02943", "width": 6192, "height": 4128, "position": [-2.2918509706167565, 2.638298356264012, 0.7968009085722044], "rotation": [[0.6266024741112151, -0.3129829735005863, 0.7137303396496713], [0.7360873786928694, 0.5385282569205097, -0.4100764409560952], [-0.25601701186984466, 0.7823228072841089, 0.5678259547047377]], "fy": 4659.640919296982, "fx": 4661.749323301691}, {"id": 74, "img_name": "DSC02944", "width": 6192, "height": 4128, "position": [-1.6546647136751378, 3.1884117847686593, 0.6633925338860382], "rotation": [[0.8277755468984528, -0.23714545783675942, 0.5084778026466455], [0.5383360034634515, 0.591019143412485, -0.6007418076802803], [-0.15805692434046043, 0.7710112865239821, 0.6168951326770764]], "fy": 4659.640919296982, "fx": 4661.749323301691}, {"id": 75, "img_name": "DSC02945", "width": 6192, "height": 4128, "position": [-0.8881992142069153, 3.5385473328687205, 0.6428565253502037], "rotation": [[0.9688865995800481, -0.14928509300292125, 0.19741509101717897], [0.2472306932883786, 0.621291979146574, -0.743554477455607], [-0.011650813291765299, 0.769227039082248, 0.6388693300624144]], "fy": 4659.640919296982, "fx": 4661.749323301691}, {"id": 76, "img_name": "DSC02946", "width": 6192, "height": 4128, "position": [-0.057616240201812656, 3.6768275158570867, 0.7016158040859779], "rotation": [[0.9946597688018154, -0.06692019774947586, -0.07857245993533785], [-0.020158798772233092, 0.620666809389625, -0.7838152426140765], [0.10122038904874767, 0.7812134144107319, 0.616003274330215]], "fy": 4659.640919296982, "fx": 4661.749323301691}, {"id": 77, "img_name": "DSC02948", "width": 6192, "height": 4128, "position": [1.7143094519304316, 3.171442595966507, 1.1067381671536423], "rotation": [[0.7528725410264572, 0.1010936165018586, -0.6503560699116606], [-0.5887198444368282, 0.5452311821145515, -0.5967678801814368], [0.2942649855736192, 0.8321676746621103, 0.4700054037059718]], "fy": 4659.640919296982, "fx": 4661.749323301691}, {"id": 78, "img_name": "DSC02949", "width": 6192, "height": 4128, "position": [2.615090887160861, 1.9887980628167445, 1.6973802671872056], "rotation": [[0.2858890457976181, 0.17500782451343339, -0.9421463340967806], [-0.8910123719768996, 0.41037167264960117, -0.19414438768830702], [0.35265338007316266, 0.894967793636086, 0.27325490275039827]], "fy": 4659.640919296982, "fx": 4661.749323301691}, {"id": 79, "img_name": "DSC02950", "width": 6192, "height": 4128, "position": [2.7379815226803554, 1.4170421877294308, 1.9364899039378047], "rotation": [[0.07086214190374114, 0.182608131264825, -0.980628791766172], [-0.937317911151476, 0.3484638435039924, -0.002843097792682758], [0.34119450505459137, 0.9193623987124955, 0.19585476648312342]], "fy": 4659.640919296982, "fx": 4661.749323301691}, {"id": 80, "img_name": "DSC02951", "width": 6192, "height": 4128, "position": [2.7425014290269845, 0.8190232037118262, 2.16761582651646], "rotation": [[-0.15029152546125488, 0.17267703337508158, -0.9734449648127571], [-0.9379042060287608, 0.28647504111584665, 0.19562144854599683], [0.3126470177182074, 0.942398372750322, 0.11889974495118129]], "fy": 4659.640919296982, "fx": 4661.749323301691}, {"id": 81, "img_name": "DSC02952", "width": 6192, "height": 4128, "position": [2.643878159478388, 0.34107388992486515, 2.3420199834180613], "rotation": [[-0.32198972054472935, 0.15370139789132256, -0.9341833332648254], [-0.9047068494021774, 0.24080774302669838, 0.3514500640819021], [0.27897694619504376, 0.9583253681212037, 0.06151708955279554]], "fy": 4659.640919296982, "fx": 4661.749323301691}, {"id": 82, "img_name": "DSC02953", "width": 6192, "height": 4128, "position": [2.5340277790049246, 0.04462825643542042, 2.443993281666831], "rotation": [[-0.4271801212101928, 0.1370175078216646, -0.8937244243015765], [-0.8682388469307342, 0.21370642122675804, 0.4477620687450428], [0.2523458910369531, 0.9672413184292693, 0.027672788077362183]], "fy": 4659.640919296982, "fx": 4661.749323301691}, {"id": 83, "img_name": "DSC02954", "width": 6192, "height": 4128, "position": [2.4255214703702563, -0.1762023881001947, 2.5180874403637046], "rotation": [[-0.5047211252670497, 0.12271348927556423, -0.854516228786194], [-0.8323217020434325, 0.19354171231735046, 0.5194056121190753], [0.22912260913468674, 0.9733873869858206, 0.004452509430601531]], "fy": 4659.640919296982, "fx": 4661.749323301691}, {"id": 84, "img_name": "DSC02956", "width": 6192, "height": 4128, "position": [2.217584739557619, -0.4793489215660301, 2.617445572769434], "rotation": [[-0.6139580024579406, 0.09949914626745031, -0.7830424580505863], [-0.7660434599582185, 0.16411949573506068, 0.6214838763595648], [0.1903496484711668, 0.9814095531487953, -0.024541807496295844]], "fy": 4659.640919296982, "fx": 4661.749323301691}, {"id": 85, "img_name": "DSC02957", "width": 6192, "height": 4128, "position": [2.0765443041387175, -0.6678623169486941, 2.668886922419987], "rotation": [[-0.6771032680041398, 0.08017442705110535, -0.7315075021523293], [-0.7180052967749901, 0.14583304707981556, 0.6805888010998082], [0.16124378518619456, 0.9860551625677149, -0.04117836947215057]], "fy": 4659.640919296982, "fx": 4661.749323301691}, {"id": 86, "img_name": "DSC02958", "width": 6192, "height": 4128, "position": [1.9802599807125734, -0.770384169314171, 2.696919991887803], "rotation": [[-0.7123997976525492, 0.06904638616030724, -0.6983689031327275], [-0.686740918175961, 0.13628393468598543, 0.7140123251382601], [0.14447643270597907, 0.9882607377128305, -0.0496716688651279]], "fy": 4659.640919296982, "fx": 4661.749323301691}, {"id": 87, "img_name": "DSC02959", "width": 6192, "height": 4128, "position": [1.810795327612584, -0.9466433226435612, 2.74240731225842], "rotation": [[-0.7677113136274807, 0.04893480853820572, -0.6389246617886152], [-0.630223700644409, 0.12271211847276975, 0.7666549570217299], [0.11591991232930347, 0.991235148939571, -0.06336760554346707]], "fy": 4659.640919296982, "fx": 4661.749323301691}, {"id": 88, "img_name": "DSC02960", "width": 6192, "height": 4128, "position": [1.637840267244687, -1.0953659299033844, 2.7768721471382607], "rotation": [[-0.8145479092014599, 0.028804416492382655, -0.5793807118001626], [-0.573555046835693, 0.10957550326972991, 0.8118052828926967], [0.08686951055943484, 0.9935610271511854, -0.07273357863769264]], "fy": 4659.640919296982, "fx": 4661.749323301691}, {"id": 89, "img_name": "DSC02961", "width": 6192, "height": 4128, "position": [1.4310973833163978, -1.2432656444665848, 2.8048083230418093], "rotation": [[-0.8599358121067352, 0.0071043297457507905, -0.5103527481607151], [-0.5072888010544782, 0.09837677476734903, 0.8561425596891468], [0.05628917641110718, 0.9951238810747325, -0.08099376478298433]], "fy": 4659.640919296982, "fx": 4661.749323301691}, {"id": 90, "img_name": "DSC02962", "width": 6192, "height": 4128, "position": [1.2031637640148856, -1.3696786074442873, 2.825734716156877], "rotation": [[-0.8992253607729495, -0.016185916765347003, -0.4371861921895788], [-0.4368280756902347, 0.08799210832539454, 0.8952310434525929], [0.023978799626433667, 0.9959896610763169, -0.08619519822796382]], "fy": 4659.640919296982, "fx": 4661.749323301691}, {"id": 91, "img_name": "DSC02964", "width": 6192, "height": 4128, "position": [0.7563822596183821, -1.5622605917669103, 2.839298157480482], "rotation": [[-0.9277738983109021, -0.04489983488285626, -0.3704316380123119], [-0.3730204790392523, 0.08617807510515933, 0.9238122436883462], [-0.0095559316824155, 0.9952674736967253, -0.09670232660602991]], "fy": 4659.640919296982, "fx": 4661.749323301691}, {"id": 92, "img_name": "DSC02965", "width": 6192, "height": 4128, "position": [0.5995233011595624, -1.6109045407874845, 2.838348648360458], "rotation": [[-0.9451962391619162, -0.06088323859982207, -0.3207760912720379], [-0.32507278374936366, 0.08362959973734257, 0.9419839570360058], [-0.0305246578950379, 0.9946352704913338, -0.09883786700967341]], "fy": 4659.640919296982, "fx": 4661.749323301691}, {"id": 93, "img_name": "DSC02966", "width": 6192, "height": 4128, "position": [0.39125794102308514, -1.6579348271990029, 2.8344832962999016], "rotation": [[-0.9636445936957385, -0.08106343395394992, -0.2545934341584004], [-0.2608824006428023, 0.07968639591274264, 0.9620761151495686], [-0.05770156042796873, 0.9935183933788198, -0.09793738786666803]], "fy": 4659.640919296982, "fx": 4661.749323301691}, {"id": 94, "img_name": "DSC02967", "width": 6192, "height": 4128, "position": [0.17166159350268884, -1.692338159217525, 2.828153991208623], "rotation": [[-0.9778084214691851, -0.10231928517333908, -0.1828153570834731], [-0.1910580942859145, 0.07751136157099356, 0.9785135632351989], [-0.08595054107901512, 0.9917271563837645, -0.09534018973757567]], "fy": 4659.640919296982, "fx": 4661.749323301691}, {"id": 95, "img_name": "DSC02968", "width": 6192, "height": 4128, "position": [-0.1185685501646112, -1.7216657259643924, 2.8030344576201216], "rotation": [[-0.9876939132165276, -0.13207867408359517, -0.08376131354833338], [-0.09460690459385235, 0.07808966003829805, 0.9924472472621769], [-0.12454022401695158, 0.9881585039088732, -0.08962423642288424]], "fy": 4659.640919296982, "fx": 4661.749323301691}, {"id": 96, "img_name": "DSC02969", "width": 6192, "height": 4128, "position": [-0.40907568915250536, -1.7208632453831807, 2.7627403919683595], "rotation": [[-0.9864145027038322, -0.16338846833141152, 0.017048087044168405], [0.004178527665858879, 0.07878879537926521, 0.9968825736410629], [-0.16422231505521975, 0.98341066403563, -0.07703568717746632]], "fy": 4659.640919296982, "fx": 4661.749323301691}, {"id": 97, "img_name": "DSC02970", "width": 6192, "height": 4128, "position": [-0.4746678407212102, -1.7168314820772441, 2.7507326940312136], "rotation": [[-0.9845462113299116, -0.17057444232588595, 0.039662543805571084], [0.026384929398194718, 0.07941541244201965, 0.996492362121916], [-0.1731259462257698, 0.98213927316439, -0.07368754882308728]], "fy": 4659.640919296982, "fx": 4661.749323301691}, {"id": 98, "img_name": "DSC02972", "width": 6192, "height": 4128, "position": [-1.2451570791975248, -1.5306121830807702, 2.570132932836915], "rotation": [[-0.919704810473221, -0.2517961784991434, 0.3012337067554754], [0.28473700181604866, 0.10047704344760215, 0.95332533981681], [-0.2703107496738222, 0.9625502834830273, -0.020713531266301672]], "fy": 4659.640919296982, "fx": 4661.749323301691}, {"id": 99, "img_name": "DSC02973", "width": 6192, "height": 4128, "position": [-1.6972260090992546, -1.2998714014129524, 2.4287560163875055], "rotation": [[-0.8400347833595594, -0.29436331501739527, 0.45573215984613963], [0.43879980264291735, 0.12536239117461367, 0.88979717019078], [-0.3190553180039388, 0.9474357548936776, 0.023857795423145138]], "fy": 4659.640919296982, "fx": 4661.749323301691}, {"id": 100, "img_name": "DSC02974", "width": 6192, "height": 4128, "position": [-2.047847007234775, -1.0540141845449762, 2.291051317719283], "rotation": [[-0.7505409972002041, -0.3260504690823884, 0.574