[{"id": 0, "img_name": "postcase1_000001", "width": 960, "height": 720, "position": [6.263791094208381, -0.37060038184492833, 0.9738029923365523], "rotation": [[0.9207030764008306, 0.11525558516569061, -0.3728565343321217], [-0.09711265790290274, 0.9930055085905856, 0.06715051439703623], [0.3779880643367991, -0.025616596121792262, 0.9254560028559181]], "fy": 747.4681309008212, "fx": 747.4681309008212}, {"id": 1, "img_name": "postcase1_000009", "width": 960, "height": 720, "position": [5.896306025260417, -0.41537626900044683, 0.8206561100649361], "rotation": [[0.9284390237757677, 0.10715308192924557, -0.35569536989306433], [-0.09167864375448818, 0.9939713463960588, 0.060133092577579504], [0.3599944519150777, -0.023220240667798618, 0.9326654357344291]], "fy": 747.4681309008212, "fx": 747.4681309008212}, {"id": 2, "img_name": "postcase1_000017", "width": 960, "height": 720, "position": [5.425695982657465, -0.34781579665582185, 0.574978047262333], "rotation": [[0.9362300264910517, 0.09883301030946749, -0.3372022739688055], [-0.08571007142668859, 0.9948759797312198, 0.05362432852612208], [0.3407742964963709, -0.021303075529468012, 0.93990374923201]], "fy": 747.4681309008212, "fx": 747.4681309008212}, {"id": 3, "img_name": "postcase1_000025", "width": 960, "height": 720, "position": [4.941828676764007, -0.2712947111292256, 0.3476439443475448], "rotation": [[0.9448692802286595, 0.08965819700752296, -0.3149340422843093], [-0.07922959973758571, 0.9958042338674554, 0.04578862672183993], [0.31771797841103816, -0.018312168659397932, 0.9480084127650941]], "fy": 747.4681309008212, "fx": 747.4681309008212}, {"id": 4, "img_name": "postcase1_000033", "width": 960, "height": 720, "position": [4.470524497468815, -0.19202444204039365, 0.08648562519827577], "rotation": [[0.9530179782254273, 0.08031275330709356, -0.29207292725508266], [-0.07251245288976234, 0.9966640244548225, 0.03745352497999113], [0.2941065748245503, -0.014514958275887526, 0.9556624082965807]], "fy": 747.4681309008212, "fx": 747.4681309008212}, {"id": 5, "img_name": "postcase1_000041", "width": 960, "height": 720, "position": [4.028713985205368, -0.1024119279076439, -0.16373755728687558], "rotation": [[0.9608544939579649, 0.07201213467884425, -0.26753110828421317], [-0.06630507505934845, 0.997338692251275, 0.030317815882590315], [0.2690023763132169, -0.011392339422281633, 0.9630721344428619]], "fy": 747.4681309008212, "fx": 747.4681309008212}, {"id": 6, "img_name": "postcase1_000049", "width": 960, "height": 720, "position": [3.543203483910984, -0.07230364861581719, -0.275710608947661], "rotation": [[0.9689162274157008, 0.0626663353292847, -0.23932044347887177], [-0.05930056118579475, 0.9980140530145332, 0.02124602147589607], [0.240176576071806, -0.0063937783744878, 0.9707081600071784]], "fy": 747.4681309008212, "fx": 747.4681309008212}, {"id": 7, "img_name": "postcase1_000057", "width": 960, "height": 720, "position": [3.035822476307813, -0.009525866568083631, -0.26548392289453504], "rotation": [[0.9754532250590326, 0.05467556381897724, -0.21331101341236172], [-0.053090534666337445, 0.9985030330340038, 0.013156296999445639], [0.21371102182801482, -0.0015085565856631622, 0.976895758720578]], "fy": 747.4681309008212, "fx": 747.4681309008212}, {"id": 8, "img_name": "postcase1_000065", "width": 960, "height": 720, "position": [2.471998526870854, 0.12184522298176241, -0.19651554776563476], "rotation": [[0.9808896789357712, 0.047464180119592934, -0.18868648431420396], [-0.04688991250795487, 0.9988718409338054, 0.007508761183222797], [0.18883001313953196, 0.0014822263947098283, 0.9820086706046129]], "fy": 747.4681309008212, "fx": 747.4681309008212}, {"id": 9, "img_name": "postcase1_000073", "width": 960, "height": 720, "position": [1.9821071220016266, 0.11431989200368345, -0.1840619445288269], "rotation": [[0.985611233854185, 0.041089017023029945, -0.16395788599671618], [-0.0409543511385484, 0.9991521786249689, 0.004202983678201069], [0.16399157546426435, 0.0025722809061028474, 0.9864583856137514]], "fy": 747.4681309008212, "fx": 747.4681309008212}, {"id": 10, "img_name": "postcase1_000081", "width": 960, "height": 720, "position": [1.541172728803733, 0.09612254109442718, -0.18208049580209645], "rotation": [[0.9895335250248957, 0.03460874753054302, -0.1400915323856919], [-0.034785981746314074, 0.9993940831230723, 0.0011840998853978528], [0.14004762877588942, 0.003701514954802532, 0.9901378492216577]], "fy": 747.4681309008212, "fx": 747.4681309008212}, {"id": 11, "img_name": "postcase1_000089", "width": 960, "height": 720, "position": [1.1935716283923596, 0.07360128064491586, -0.07966748191659329], "rotation": [[0.9932953815797932, 0.027385686507280592, -0.11231344134509552], [-0.027541438874835025, 0.999620649032754, 0.0001648394346912818], [0.112275349373569, 0.002929539530447243, 0.9936728152270157]], "fy": 747.4681309008212, "fx": 747.4681309008212}, {"id": 12, "img_name": "postcase1_000097", "width": 960, "height": 720, "position": [0.8614715695211816, 0.012077061852003908, -0.003499472892159265], "rotation": [[0.9961268234608665, 0.02028520659932638, -0.08555619191494224], [-0.020403763832590398, 0.9997916907373402, -0.0005114235373018689], [0.08552799543557453, 0.002255111037903893, 0.9963332155815037]], "fy": 747.4681309008212, "fx": 747.4681309008212}, {"id": 13, "img_name": "postcase1_000105", "width": 960, "height": 720, "position": [0.3659478150620482, -0.023530358709647547, 0.015602860693138676], "rotation": [[0.9984682482142344, 0.013447912252086575, -0.053668528618345875], [-0.01350502064843802, 0.9999085569334334, -0.0007015615326331105], [0.05365418646558061, 0.0014252815016647232, 0.9985585595483911]], "fy": 747.4681309008212, "fx": 747.4681309008212}, {"id": 14, "img_name": "postcase1_000113", "width": 960, "height": 720, "position": [-0.30123454983429254, -0.07000232870756831, -0.03042336161571363], "rotation": [[0.9996912586592499, 0.006311959101858052, -0.024032197830853422], [-0.006322329285329901, 0.9999799506655143, -0.00035555506371353203], [0.02402947175226007, 0.000507384757303297, 0.9997111217987001]], "fy": 747.4681309008212, "fx": 747.4681309008212}, {"id": 15, "img_name": "postcase1_000121", "width": 960, "height": 720, "position": [-0.9930915661606656, -0.07281925493720454, -0.13407462977748194], "rotation": [[0.9999886525571483, -0.0011258155491605118, 0.004628962765932633], [0.0011243422999434726, 0.9999993164521493, 0.0003208576420544198], [-0.004629320828337576, -0.00031564946249806164, 0.9999892348190982]], "fy": 747.4681309008212, "fx": 747.4681309008212}, {"id": 16, "img_name": "postcase1_000129", "width": 960, "height": 720, "position": [-1.7735668984861122, -0.047418979694880056, -0.27001117958949566], "rotation": [[0.999068544511542, -0.009913544383348214, 0.04199720235145326], [0.009886482609786182, 0.99995076454893, 0.0008520209018114705], [-0.04200358114727745, -0.00043602267155888304, 0.99911736500525]], "fy": 747.4681309008212, "fx": 747.4681309008212}, {"id": 17, "img_name": "postcase1_000137", "width": 960, "height": 720, "position": [-2.385179208245058, 0.0361045580458539, -0.355563510573244], "rotation": [[0.996938032000682, -0.018316672093246795, 0.07602012808484014], [0.01821503549675485, 0.9998320313379555, 0.0020301705518385557], [-0.07604454505392866, -0.0006392449030424548, 0.9971042164856667]], "fy": 747.4681309008212, "fx": 747.4681309008212}, {"id": 18, "img_name": "postcase1_000145", "width": 960, "height": 720, "position": [-2.8820018723199055, 0.09441660600523721, -0.3589413050810563], "rotation": [[0.9935579252007513, -0.02772029343930479, 0.10988282214439701], [0.027636780045485792, 0.9996154236072606, 0.0022832597737264915], [-0.10990385643595854, 0.000768256542903906, 0.9939419259304784]], "fy": 747.4681309008212, "fx": 747.4681309008212}, {"id": 19, "img_name": "postcase1_000153", "width": 960, "height": 720, "position": [-3.2773498866123125, 0.09156938477647714, -0.24436116030496757], "rotation": [[0.9888046437964327, -0.03811136252267148, 0.1442667683608224], [0.03814940205228836, 0.9992689101786432, 0.002503652020469728], [-0.1442567139846965, 0.0030280682046905792, 0.9895356644776807]], "fy": 747.4681309008212, "fx": 747.4681309008212}, {"id": 20, "img_name": "postcase1_000161", "width": 960, "height": 720, "position": [-3.6951790427544933, 0.14406359403824986, -0.06181977250606547], "rotation": [[0.9821756482798095, -0.0494051261323504, 0.1813563603460941], [0.04984625111055076, 0.9987546371597458, 0.0021274402760810282], [-0.18123561232925417, 0.006950414645970477, 0.9834151435481809]], "fy": 747.4681309008212, "fx": 747.4681309008212}, {"id": 21, "img_name": "postcase1_000169", "width": 960, "height": 720, "position": [-4.104386439004886, 0.13339275462552944, 0.12684189877824714], "rotation": [[0.9711673631695297, -0.06185372298158325, 0.23023481419555197], [0.06231417842739105, 0.9980426278267004, 0.005277898037466404], [-0.23011061662005525, 0.00922117097185497, 0.9731207911275177]], "fy": 747.4681309008212, "fx": 747.4681309008212}, {"id": 22, "img_name": "postcase1_000177", "width": 960, "height": 720, "position": [-4.391302217704346, 0.08205200903781759, 0.20491906741270557], "rotation": [[0.9605031614453632, -0.0738341298856481, 0.2682949833997865], [0.07460601232649068, 0.9971861355891106, 0.007331706049444505], [-0.2680813678311157, 0.012974291999380544, 0.9633089057871898]], "fy": 747.4681309008212, "fx": 747.4681309008212}, {"id": 23, "img_name": "postcase1_000185", "width": 960, "height": 720, "position": [-4.663257145863869, 0.11700551016754351, 0.29246732140869536], "rotation": [[0.9485619116545878, -0.08413767477366281, 0.30520673557750194], [0.08465875751846218, 0.996343030085385, 0.01155253979452178], [-0.3050626075637985, 0.01488012378829986, 0.9522160402883482]], "fy": 747.4681309008212, "fx": 747.4681309008212}, {"id": 24, "img_name": "postcase1_000193", "width": 960, "height": 720, "position": [-5.062073748210035, 0.08867376321818717, 0.37733564973439343], "rotation": [[0.9355894731527973, -0.09435909212790895, 0.34024799699405694], [0.09517397358414752, 0.9953574429450116, 0.014334417538635992], [-0.3400209588802946, 0.018971623725046828, 0.9402264753852447]], "fy": 747.4681309008212, "fx": 747.4681309008212}, {"id": 25, "img_name": "postcase1_000201", "width": 960, "height": 720, "position": [-5.578127086570657, 0.028729759973521375, 0.38011315612829355], "rotation": [[0.9229750041727551, -0.10283408579589327, 0.37086694712635865], [0.10358168056612788, 0.9944587753035115, 0.017960503137066885], [-0.37065884196036536, 0.021837926191898428, 0.9285123197116116]], "fy": 747.4681309008212, "fx": 747.4681309008212}, {"id": 26, "img_name": "postcase1_000002", "width": 960, "height": 720, "position": [6.263791094208381, -0.3706003818449286, 0.9738029923365523], "rotation": [[0.9207030764008306, 0.11525558516569062, -0.3728565343321217], [-0.09711265790290273, 0.9930055085905856, 0.06715051439703626], [0.3779880643367991, -0.02561659612179229, 0.9254560028559181]], "fy": 747.4681309008212, "fx": 747.4681309008212}, {"id": 27, "img_name": "postcase1_000003", "width": 960, "height": 720, "position": [6.223953752328249, -0.3791620986432444, 0.9532583157991249], "rotation": [[0.9218087292868549, 0.11418502428858161, -0.370446280638327], [-0.09641297563680999, 0.9931368737874239, 0.06620942570811461], [0.37546398594194086, -0.02531659834887966, 0.9264911575987285]], "fy": 747.4681309008212, "fx": 747.4681309008212}, {"id": 28, "img_name": "postcase1_000004", "width": 960, "height": 720, "position": [6.192816444224603, -0.3815591506262204, 0.9407878815050622], "rotation": [[0.9229306429031232, 0.11308428650247089, -0.3679822992164902], [-0.09580480177885854, 0.9932784297691005, 0.06495691580997112], [0.37285448682635036, -0.024696256834936228, 0.9275611174212736]], "fy": 747.4681309008212, "fx": 747.4681309008212}, {"id": 29, "img_name": "postcase1_000005", "width": 960, "height": 720, "position": [6.139758550611569, -0.3807241971739145, 0.9192304400635397], "rotation": [[0.9242217927096888, 0.11173352102848633, -0.3651433939688159], [-0.09499430604948081, 0.9934471517989507, 0.0635518559975256], [0.3698515373750211, -0.02404946696144126, 0.9287795558905267]], "fy": 747.4681309008212, "fx": 747.4681309008212}, {"id": 30, "img_name": "postcase1_000006", "width": 960, "height": 720, "position": [6.084539090098276, -0.38775586659448785, 0.8989195368334149], "rotation": [[0.9252355223174494, 0.11057889001302701, -0.36292084167961947], [-0.09412567403176339, 0.9935795373550841, 0.0627699007273651], [0.3675317479212139, -0.02391677304202903, 0.9297033947648213]], "fy": 747.4681309008212, "fx": 747.4681309008212}, {"id": 31, "img_name": "postcase1_000007", "width": 960, "height": 720, "position": [6.02059499170222, -0.3995628374764297, 0.8766728614640963], "rotation": [[0.9263866224409484, 0.10952248141322622, -0.3602952287049343], [-0.09338316927294946, 0.9937004753548084, 0.061959252546872096], [0.3648114711176049, -0.02375271236547365, 0.9307783835029109]], "fy": 747.4681309008212, "fx": 747.4681309008212}, {"id": 32, "img_name": "postcase1_000008", "width": 960, "height": 720, "position": [5.955397025822728, -0.4080044713283944, 0.8503607224195041], "rotation": [[0.9274629005971134, 0.108289424829446, -0.35789100084536446], [-0.09252566982553395, 0.9938439170476702, 0.06093659795787458], [0.36228658330018954, -0.02340232931678242, 0.9317729136131956]], "fy": 747.4681309008212, "fx": 747.4681309008212}, {"id": 33, "img_name": "postcase1_000010", "width": 960, "height": 720, "position": [5.896306025260417, -0.4153762690004459, 0.8206561100649358], "rotation": [[0.9284390237757677, 0.10715308192924554, -0.35569536989306433], [-0.09167864375448817, 0.9939713463960588, 0.060133092577579435], [0.3599944519150777, -0.023220240667798566, 0.9326654357344291]], "fy": 747.4681309008212, "fx": 747.4681309008212}, {"id": 34, "img_name": "postcase1_000011", "width": 960, "height": 720, "position": [5.831329804998585, -0.4136914185996572, 0.7852429571107647], "rotation": [[0.929470530058193, 0.10595378688052119, -0.35335298045866115], [-0.09084410059043248, 0.9941083301014774, 0.0591267909730222], [0.35753584874982425, -0.02285657604561918, 0.9336196729879964]], "fy": 747.4681309008212, "fx": 747.4681309008212}, {"id": 35, "img_name": "postcase1_000012", "width": 960, "height": 720, "position": [5.770636872618157, -0.40771745844619894, 0.7518013329805268], "rotation": [[0.9303720460304378, 0.10482081191657198, -0.35131247252878395], [-0.0899844797160716, 0.9942327114416122, 0.05834474191979977], [0.35540209534464595, -0.022669646856772644, 0.9344385681980515]], "fy": 747.4681309008212, "fx": 747.4681309008212}, {"id": 36, "img_name": "postcase1_000013", "width": 960, "height": 720, "position": [5.702269382194518, -0.3949493961273673, 0.7162428738046663], "rotation": [[0.9315022229902634, 0.10346660135805073, -0.34870943630422685], [-0.0890450379097041, 0.9943848243785254, 0.057182184894847936], [0.35266781790781065, -0.022214487369809695, 0.9354848618566952]], "fy": 747.4681309008212, "fx": 747.4681309008212}, {"id": 37, "img_name": "postcase1_000014", "width": 960, "height": 720, "position": [5.636281851892857, -0.3829898992824474, 0.6821334824311136], "rotation": [[0.9325494046332689, 0.10232467926804314, -0.34623874412149175], [-0.08825368868422327, 0.9945107965224792, 0.056209981621171405], [0.3500898375442566, -0.02186173856115581, 0.9364609815872308]], "fy": 747.4681309008212, "fx": 747.4681309008212}, {"id": 38, "img_name": "postcase1_000015", "width": 960, "height": 720, "position": [5.561525168349452, -0.37976586063460305, 0.6459942318717061], "rotation": [[0.9338084941834729, 0.1012686062596011, -0.34314190297460423], [-0.08735887435217134, 0.9946129982827492, 0.05579794547222561], [0.3469439771241408, -0.0221281050530271, 0.9376247776717752]], "fy": 747.4681309008212, "fx": 747.4681309008212}, {"id": 39, "img_name": "postcase1_000016", "width": 960, "height": 720, "position": [5.491035371353604, -0.3612607442723729, 0.609605287374878], "rotation": [[0.9350564380327546, 0.09996718380152489, -0.34011177553311744], [-0.08647152778332073, 0.994754280786133, 0.05464975517311641], [0.3437908267774402, -0.021690620564089803, 0.9387957096212299]], "fy": 747.4681309008212, "fx": 747.4681309008212}, {"id": 40, "img_name": "postcase1_000018", "width": 960, "height": 720, "position": [5.360432645517146, -0.3370224140038807, 0.5431442293500366], "rotation": [[0.937404568447733, 0.09756623239529424, -0.3342955359401418], [-0.08479118861277779, 0.9950075675373501, 0.0526345407222094], [0.337761941886518, -0.020994543090837127, 0.9409973962628458]], "fy": 747.4681309008212, "fx": 747.4681309008212}, {"id": 41, "img_name": "postcase1_000019", "width": 960, "height": 720, "position": [5.301797828226308, -0.3251702264995363, 0.5126868741935203], "rotation": [[0.9384844071121775, 0.09635189566393323, -0.33160719203490024], [-0.08393369512561184, 0.995134189422258, 0.05160503721020327], [0.3349658974132524, -0.020597505792501938, 0.9420050903924365]], "fy": 747.4681309008212, "fx": 747.4681309008212}, {"id": 42, "img_name": "postcase1_000020", "width": 960, "height": 720, "position": [5.301797828226308, -0.3251702264995363, 0.5126868741935203], "rotation": [[0.9384844071121775, 0.09635189566393323, -0.33160719203490024], [-0.08393369512561184, 0.995134189422258, 0.05160503721020327], [0.3349658974132524, -0.020597505792501938, 0.9420050903924365]], "fy": 747.4681309008212, "fx": 747.4681309008212}, {"id": 43, "img_name": "postcase1_000021", "width": 960, "height": 720, "position": [5.22598074940633, -0.31490712345003985, 0.4821162155299954], "rotation": [[0.9398188081733133, 0.09500132949551915, -0.3282001754993087], [-0.08295870118941684, 0.9952708040646778, 0.0505359324977263], [0.3314490333379452, -0.020267559560378814, 0.9432554077919766]], "fy": 747.4681309008212, "fx": 747.4681309008212}, {"id": 44, "img_name": "postcase1_000022", "width": 960, "height": 720, "position": [5.162334357810771, -0.30740889449522957, 0.4498890862323485], "rotation": [[0.940961229260921, 0.09382200242120564, -0.3252528199561869], [-0.08214716378807678, 0.9953913486794533, 0.04947632217206172], [0.32839581073660395, -0.01983670425685781, 0.9443318784489246]], "fy": 747.4681309008212, "fx": 747.4681309008212}, {"id": 45, "img_name": "postcase1_000023", "width": 960, "height": 720, "position": [5.087450639908617, -0.29577093835802165, 0.41410561955387326], "rotation": [[0.9422572339929894, 0.09242123737716848, -0.321884482181968], [-0.081116376722603, 0.9955293417996448, 0.048388666476387704], [0.32491758711291296, -0.019484468112817857, 0.94554159987125]], "fy": 747.4681309008212, "fx": 747.4681309008212}, {"id": 46, "img_name": "postcase1_000024", "width": 960, "height": 720, "position": [5.015460989316896, -0.2832039933234358, 0.38147528919222906], "rotation": [[0.9435806535622389, 0.09104145094941057, -0.31838185317647116], [-0.08016114585767588, 0.9956666301641655, 0.0471397101425036], [0.3212938544663474, -0.018958264334081792, 0.9467897566490655]], "fy": 747.4681309008212, "fx": 747.4681309008212}, {"id": 47, "img_name": "postcase1_000026", "width": 960, "height": 720, "position": [4.866616585140357, -0.2596526365434833, 0.3100959632620954], "rotation": [[0.9461227809736766, 0.08825128675708031, -0.311549985890476], [-0.0782070383621965, 0.9959383920796168, 0.04461365634512866], [0.3142218045795837, -0.017844594912378806, 0.9491818729617432]], "fy": 747.4681309008212, "fx": 747.4681309008212}, {"id": 48, "img_name": "postcase1_000027", "width": 960, "height": 720, "position": [4.803534049507597, -0.24413127108960833, 0.2757419814707832], "rotation": [[0.9472172839191175, 0.08686409234078392, -0.3086001401598864], [-0.0772683551505681, 0.9960737496863757, 0.04320516726097867], [0.31114147640135587, -0.017079655954826193, 0.9502101172978792]], "fy": 747.4681309008212, "fx": 747.4681309008212}, {"id": 49, "img_name": "postcase1_000028", "width": 960, "height": 720, "position": [4.732509929808504, -0.23342247560454304, 0.240811233121707], "rotation": [[0.9484533270509069, 0.08551356425932068, -0.30516178780072173], [-0.07629594204565297, 0.9961990574198929, 0.042028171778975436], [0.30759586413577156, -0.016579153277044574, 0.9513726483577212]], "fy": 747.4681309008212, "fx": 747.4681309008212}, {"id": 50, "img_name": "postcase1_000029", "width": 960, "height": 720, "position": [4.669659239738323, -0.22120179805674156, 0.20377900804958574], "rotation": [[0.9495392448026844, 0.08420016074534438, -0.30213499550698514], [-0.07537517097821163, 0.9963213359615277, 0.04077228357404166], [0.30445657519513875, -0.015941406408936192, 0.9523928104422837]], "fy": 747.4681309008212, "fx": 747.4681309008212}, {"id": 51, "img_name": "postcase1_000030", "width": 960, "height": 720, "position": [4.669659239738323, -0.2212017980567412, 0.2037790080495853], "rotation": [[0.9495392448026844, 0.08420016074534438, -0.30213499550698514], [-0.07537517097821163, 0.9963213359615277, 0.040772283574041626], [0.3044565751951387, -0.015941406408936157, 0.9523928104422837]], "fy": 747.4681309008212, "fx": 747.4681309008212}, {"id": 52, "img_name": "postcase1_000031", "width": 960, "height": 720, "position": [4.60714052822604, -0.21432367726687615, 0.1683951326238029], "rotation": [[0.9506140326845467, 0.0830663297011564, -0.29905341618714637], [-0.0745261495020896, 0.9964216853695044, 0.039870765803894655], [0.3012952271504081, -0.015614409863187514, 0.9534030502893351]], "fy": 747.4681309008212, "fx": 747.4681309008212}, {"id": 53, "img_name": "postcase1_000032", "width": 960, "height": 720, "position": [4.538924171649674, -0.20370475008304928, 0.12821898569108142], "rotation": [[0.9518360604707813, 0.08164502095732888, -0.2955371457877001], [-0.07349577206577919, 0.9965483077542594, 0.038598468889023595], [0.29766841531462146, -0.015018683863748477, 0.9545511791722238]], "fy": 747.4681309008212, "fx": 747.4681309008212}, {"id": 54, "img_name": "postcase1_000034", "width": 960, "height": 720, "position": [4.403979286858637, -0.17847860879373353, 0.045952385609311044], "rotation": [[0.9542309424415724, 0.0789602832516095, -0.28845897828962497], [-0.07154786565993722, 0.9967812146448617, 0.0361678455347007], [0.2903863140827685, -0.013873853103589821, 0.9568089175971781]], "fy": 747.4681309008212, "fx": 747.4681309008212}, {"id": 55, "img_name": "postcase1_000035", "width": 960, "height": 720, "position": [4.340819691351047, -0.16812442043097817, 0.006539061290494102], "rotation": [[0.9553402713009558, 0.07769896570945362, -0.2851102186143059], [-0.07059392573104689, 0.9968863557213881, 0.035129637436354944], [0.28695202330789654, -0.013433707761130693, 0.9578507565457643]], "fy": 747.4681309008212, "fx": 747.4681309008212}, {"id": 56, "img_name": "postcase1_000036", "width": 960, "height": 720, "position": [4.283343272803568, -0.1574238778569798, -0.03142362897519856], "rotation": [[0.9563403577702425, 0.07667638135815702, -0.28201746868182315], [-0.06984589934777367, 0.9969710425839393, 0.03420951027702461], [0.2837863112346775, -0.013018171565609967, 0.9587991743659895]], "fy": 747.4681309008212, "fx": 747.4681309008212}, {"id": 57, "img_name": "postcase1_000037", "width": 960, "height": 720, "position": [4.212834508611136, -0.14257753252257185, -0.07426182792938679], "rotation": [[0.9575789558384378, 0.07538697272201798, -0.27813548439416497], [-0.06888236518934826, 0.9970755383387998, 0.03309970713335405], [0.2798173745522038, -0.01253695298716011, 0.9599713858800737]], "fy": 747.4681309008212, "fx": 747.4681309008212}, {"id": 58, "img_name": "postcase1_000038", "width": 960, "height": 720, "position": [4.152021439311392, -0.12920745141430418, -0.10572711869593031], "rotation": [[0.9586931874185758, 0.07417749552893596, -0.27459983895528056], [-0.06798855712161603, 0.9971727330194002, 0.03200150970096707], [0.2761972637404869, -0.012009982501028941, 0.9610259267171686]], "fy": 747.4681309008212, "fx": 747.4681309008212}, {"id": 59, "img_name": "postcase1_000039", "width": 960, "height": 720, "position": [4.09333805332188, -0.11717168114062422, -0.13597930031571673], "rotation": [[0.9597404614936605, 0.07310885442455778, -0.2712071938143678], [-0.06713448620920932, 0.9972542901054715, 0.03125446572343547], [0.27274751572353645, -0.011788819744178737, 0.9620134179914949]], "fy": 747.4681309008212, "fx": 747.4681309008212}, {"id": 60, "img_name": "postcase1_000040", "width": 960, "height": 720, "position": [4.0933380533218795, -0.11717168114062455, -0.13597930031571673], "rotation": [[0.9597404614936605, 0.07310885442455778, -0.2712071938143678], [-0.06713448620920932, 0.9972542901054715, 0.0312544657234355], [0.27274751572353645, -0.011788819744178758, 0.9620134179914949]], "fy": 747.4681309008212, "fx": 747.4681309008212}, {"id": 61, "img_name": "postcase1_000042", "width": 960, "height": 720, "position": [3.9679314288855916, -0.08843673698167283, -0.18675894730251752], "rotation": [[0.9618894808777457, 0.07080303177933976, -0.2641127737683179], [-0.06540004922615002, 0.997431635839766, 0.02920557116759427], [0.26550227896942424, -0.010819543283432294, 0.9640495201726828]], "fy": 747.4681309008212, "fx": 747.4681309008212}, {"id": 62, "img_name": "postcase1_000043", "width": 960, "height": 720, "position": [3.9011744605756085, -0.07769729284525008, -0.20465303765009235], "rotation": [[0.9630014511424383, 0.06958328172376055, -0.260358161005392], [-0.06451767581242694, 0.997524703111466, 0.02796312196705223], [0.2616594630532602, -0.010130823605878752, 0.9651070882589899]], "fy": 747.4681309008212, "fx": 747.4681309008212}, {"id": 63, "img_name": "postcase1_000044", "width": 960, "height": 720, "position": [3.8371926637204004, -0.07127771436935375, -0.2212301666980561], "rotation": [[0.9640559464653674, 0.06837257908561882, -0.2567514800618393], [-0.06362349437791708, 0.9976149002912089, 0.026768669748506228], [0.2579693451709086, -0.009471068901778703, 0.9661066793092523]], "fy": 747.4681309008212, "fx": 747.4681309008212}, {"id": 64, "img_name": "postcase1_000045", "width": 960, "height": 720, "position": [3.7794215641653888, -0.07181115206410163, -0.23694906417755185], "rotation": [[0.9650080987240046, 0.06724469135630834, -0.25345121992501224], [-0.06276741810360918, 0.9976967163331437, 0.02571990362869312], [0.2545969768510396, -0.008911436610186728, 0.967006186989439]], "fy": 747.4681309008212, "fx": 747.4681309008212}, {"id": 65, "img_name": "postcase1_000046", "width": 960, "height": 720, "position": [3.709281461832801, -0.07166341247987916, -0.24989311773996814], "rotation": [[0.9661937847397356, 0.0659256934519172, -0.24924560833280401], [-0.061786460758889224, 0.9977910206956574, 0.024403120415392485], [0.25030382257807404, -0.008178139275027299, 0.9681327979367306]], "fy": 747.4681309008212, "fx": 747.4681309008212}, {"id": 66, "img_name": "postcase1_000047", "width": 960, "height": 720, "position": [3.6641778301799848, -0.07506885831373147, -0.2592294072320124], "rotation": [[0.9670118952663831, 0.0649616791658728, -0.2463086978839103], [-0.06107191253481341, 0.9978588771306547, 0.023406897079470128], [0.2473018720362976, -0.007592204653393629, 0.9689087379706325]], "fy": 747.4681309008212, "fx": 747.4681309008212}, {"id": 67, "img_name": "postcase1_000048", "width": 960, "height": 720, "position": [3.604785809005007, -0.07446818575588723, -0.26775951142969323], "rotation": [[0.9679947406895929, 0.06382522107994833, -0.24271902099214127], [-0.06018571787104396, 0.9979360948617345, 0.022388165098063097], [0.2436470015445191, -0.007063407549246375, 0.9698382581194445]], "fy": 747.4681309008212, "fx": 747.4681309008212}, {"id": 68, "img_name": "postcase1_000050", "width": 960, "height": 720, "position": [3.543203483910984, -0.07230364861581719, -0.275710608947661], "rotation": [[0.9689162274157008, 0.0626663353292847, -0.23932044347887177], [-0.05930056118579475, 0.9980140530145332, 0.02124602147589607], [0.240176576071806, -0.0063937783744878, 0.9707081600071784]], "fy": 747.4681309008212, "fx": 747.4681309008212}, {"id": 69, "img_name": "postcase1_000051", "width": 960, "height": 720, "position": [3.4784056139370447, -0.069510480270762, -0.282837666517726], "rotation": [[0.9698202521393975, 0.06150274287520105, -0.23593662530243614], [-0.0584086020627579, 0.9980906333183361, 0.02008787911344969], [0.23672159543512217, -0.005700903527431503, 0.9715607988971258]], "fy": 747.4681309008212, "fx": 747.4681309008212}, {"id": 70, "img_name": "postcase1_000052", "width": 960, "height": 720, "position": [3.410056046359173, -0.06209363068221852, -0.2868047464347293], "rotation": [[0.9708135712552955, 0.060346606402662144, -0.2321191438942977], [-0.0575500755877499, 0.9981654568571898, 0.018807167168971455], [0.23282826002524645, -0.00489977884802389, 0.9725055236351396]], "fy": 747.4681309008212, "fx": 747.4681309008212}, {"id": 71, "img_name": "postcase1_000053", "width": 960, "height": 720, "position": [3.3377739963896533, -0.05406196734887757, -0.2899614878829604], "rotation": [[0.971812011119368, 0.05911745020340947, -0.22822476229711888], [-0.05660096171652483, 0.9982424115218728, 0.017561861284058983], [0.22886184954442168, -0.004149086699918526, 0.9734500700614609]], "fy": 747.4681309008212, "fx": 747.4681309008212}, {"id": 72, "img_name": "postcase1_000054", "width": 960, "height": 720, "position": [3.2651268670292026, -0.04282519616676905, -0.2903496133835656], "rotation": [[0.9727436510305004, 0.057955036662000255, -0.224523947732438], [-0.055708322032542223, 0.9983134692402905, 0.01633401327702504], [0.2250919195266034, -0.003380955326777661, 0.9743316667874998]], "fy": 747.4681309008212, "fx": 747.4681309008212}, {"id": 73, "img_name": "postcase1_000055", "width": 960, "height": 720, "position": [3.190335281501156, -0.03378271943189428, -0.2865220639408131], "rotation": [[0.9736320462024503, 0.056899190584351, -0.22091428364520843], [-0.054853276908191105, 0.9983758141988206, 0.0153899849017179], [0.22143115548644732, -0.002866310117119119, 0.9751717939144106]], "fy": 747.4681309008212, "fx": 747.4681309008212}, {"id": 74, "img_name": "postcase1_000056", "width": 960, "height": 720, "position": [3.1126668564974365, -0.022364486355988228, -0.27784519287414466], "rotation": [[0.9745353919454857, 0.05576843002380843, -0.21718805689617918], [-0.053929302349096146, 0.9984410546828321, 0.01439064529385258], [0.21765201628700376, -0.0023113927648263366, 0.9760236970840864]], "fy": 747.4681309008212, "fx": 747.4681309008212}, {"id": 75, "img_name": "postcase1_000058", "width": 960, "height": 720, "position": [2.958273073057375, 0.006686726947889136, -0.25712125675993586], "rotation": [[0.9763472999550457, 0.053587709469448366, -0.20946194705557009], [-0.05218442267156601, 0.9985626409928887, 0.012224485418329148], [0.20981595721233356, -0.0010046925527684373, 0.977740382050341]], "fy": 747.4681309008212, "fx": 747.4681309008212}, {"id": 76, "img_name": "postcase1_000059", "width": 960, "height": 720, "position": [2.8813813537039406, 0.029438680534754083, -0.24856717069069384], "rotation": [[0.9771824360904571, 0.05256021127233537, -0.20579579876014759], [-0.05134376515275003, 0.9986176652605078, 0.011250618187091721], [0.20610265494713775, -0.0004275753266222664, 0.9785302820061734]], "fy": 747.4681309008212, "fx": 747.4681309008212}, {"id": 77, "img_name": "postcase1_000060", "width": 960, "height": 720, "position": [2.881404439087768, 0.029329733683033744, -0.24855360571340343], "rotation": [[0.9771819961056321, 0.052564136540276786, -0.20579688539136656], [-0.05134618330350949, 0.9986174557061066, 0.011258180102698936], [0.20610413859788096, -0.00043440630467560975, 0.9785299665028087]], "fy": 747.4681309008212, "fx": 747.4681309008212}, {"id": 78, "img_name": "postcase1_000061", "width": 960, "height": 720, "position": [2.802293881404716, 0.053763519552895274, -0.23921814394719126], "rotation": [[0.9779859860351755, 0.051524544296699476, -0.2022093777593485], [-0.05046209503509645, 0.9986717282352787, 0.01040942785317086], [0.2024771297788329, 2.3634274434637536e-05, 0.979286991314572]], "fy": 747.4681309008212, "fx": 747.4681309008212}, {"id": 79, "img_name": "postcase1_000062", "width": 960, "height": 720, "position": [2.724991365574613, 0.07747257482085756, -0.22844420509586977], "rotation": [[0.9787088342128152, 0.05045574987325177, -0.19895535966271488], [-0.049551176955274, 0.998726154183294, 0.009526269605357244], [0.1991825762865304, 0.000535028012991201, 0.9799622518489607]], "fy": 747.4681309008212, "fx": 747.4681309008212}, {"id": 80, "img_name": "postcase1_000063", "width": 960, "height": 720, "position": [2.6429329412022486, 0.09865098284009735, -0.2189404551450721], "rotation": [[0.9794359722558446, 0.04944396443545265, -0.1956028390186462], [-0.048687782480631034, 0.9987763715570571, 0.008675220829376067], [0.19579243113145997, 0.0010266451311796367, 0.9806448235275639]], "fy": 747.4681309008212, "fx": 747.4681309008212}, {"id": 81, "img_name": "postcase1_000064", "width": 960, "height": 720, "position": [2.5588856571743435, 0.1142438534901375, -0.20841288171940028], "rotation": [[0.980174031831116, 0.048361404006801285, -0.19214588709214003], [-0.04773470815840245, 0.9988288699889423, 0.00789215519644126], [0.1923025349832046, 0.001436342265447933, 0.9813346381127743]], "fy": 747.4681309008212, "fx": 747.4681309008212}, {"id": 82, "img_name": "postcase1_000066", "width": 960, "height": 720, "position": [2.394719596088349, 0.12652775155340895, -0.18704276133142134], "rotation": [[0.9816317071788557, 0.046617080151788615, -0.18500280889555953], [-0.04613032560981023, 0.9989113438808104, 0.006936867114664104], [0.18512478094587467, 0.0017247911048410695, 0.9827135089004253]], "fy": 747.4681309008212, "fx": 747.4681309008212}, {"id": 83, "img_name": "postcase1_000067", "width": 960, "height": 720, "position": [2.3181639127266402, 0.12617625783390254, -0.18205923697799797], "rotation": [[0.9823799520605592, 0.045688945221782094, -0.18122403282681482], [-0.04531345707703649, 0.9989534917270754, 0.0062138533947379004], [0.18131828478457715, 0.0021075224327913615, 0.983422207371775]], "fy": 747.4681309008212, "fx": 747.4681309008212}, {"id": 84, "img_name": "postcase1_000068", "width": 960, "height": 720, "position": [2.2445915760417567, 0.11937109360030886, -0.18323355147164516], "rotation": [[0.9831182024375672, 0.04477435849739749, -0.17740872824377357], [-0.04440866718348442, 0.9989952285953897, 0.006033533179795607], [0.17750062060430405, 0.0019468088739548971, 0.984118762965271]], "fy": 747.4681309008212, "fx": 747.4681309008212}, {"id": 85, "img_name": "postcase1_000069", "width": 960, "height": 720, "position": [2.175828764057358, 0.11863300486657491, -0.1850517164382451], "rotation": [[0.9837684847561288, 0.043845646114617845, -0.17400324053712998], [-0.043553869249213575, 0.9990359583924643, 0.0054967547037412], [0.17407650293492521, 0.0021709803413180145, 0.9847297385426647]], "fy": 747.4681309008212, "fx": 747.4681309008212}, {"id": 86, "img_name": "postcase1_000070", "width": 960, "height": 720, "position": [2.1758287640573584, 0.11863300486657531, -0.18505171643824522], "rotation": [[0.9837684847561288, 0.043845646114617845, -0.17400324053713], [-0.04355386924921357, 0.9990359583924643, 0.005496754703741172], [0.17407650293492524, 0.0021709803413180427, 0.9847297385426647]], "fy": 747.4681309008212, "fx": 747.4681309008212}, {"id": 87, "img_name": "postcase1_000071", "width": 960, "height": 720, "position": [2.1135477760126333, 0.12079197690706504, -0.1865510086082966], "rotation": [[0.9843991066154015, 0.04278362009385036, -0.1706691558145889], [-0.04261231845552446, 0.9990807753571205, 0.004668471662125113], [0.17071200663879596, 0.002676969084651509, 0.9853173319422912]], "fy": 747.4681309008212, "fx": 747.4681309008212}, {"id": 88, "img_name": "postcase1_000072", "width": 960, "height": 720, "position": [2.0453924040225697, 0.11704560347425003, -0.1861835740072642], "rotation": [[0.9850296060605651, 0.041868017003425025, -0.16722363569893073], [-0.0417177046493786, 0.9991196910605427, 0.0044131682352596254], [0.1672611978402493, 0.0026290848762264884, 0.9859091132603239]], "fy": 747.4681309008212, "fx": 747.4681309008212}, {"id": 89, "img_name": "postcase1_000074", "width": 960, "height": 720, "position": [1.9248717064374528, 0.11261855536761659, -0.18197684463779218], "rotation": [[0.9861994758799968, 0.04027796576630904, -0.1605872947893061], [-0.04018245468890091, 0.9991849666654679, 0.003843530265618799], [0.16061122037141076, 0.002662304163002301, 0.9870141579670222]], "fy": 747.4681309008212, "fx": 747.4681309008212}, {"id": 90, "img_name": "postcase1_000075", "width": 960, "height": 720, "position": [1.8581435229305603, 0.11611134968740594, -0.17938338298667347], "rotation": [[0.9868381426499961, 0.03926679689062879, -0.15687128122462632], [-0.0392319361572486, 0.9992246164939612, 0.003319785813801531], [0.15688000317586456, 0.0028782728234226242, 0.9876134770997684]], "fy": 747.4681309008212, "fx": 747.4681309008212}, {"id": 91, "img_name": "postcase1_000076", "width": 960, "height": 720, "position": [1.7966983464501614, 0.1138806970603341, -0.17932325096658655], "rotation": [[0.9874032147725559, 0.03846418064591746, -0.15347768001914902], [-0.03845747545380618, 0.9992556934754466, 0.0030135757207075623], [0.1534793603014489, 0.0029267497574563743, 0.9881475194004766]], "fy": 747.4681309008212, "fx": 747.4681309008212}, {"id": 92, "img_name": "postcase1_000077", "width": 960, "height": 720, "position": [1.7282974849257764, 0.1086654179681684, -0.17730956816763657], "rotation": [[0.9879859191470827, 0.03759403805669242, -0.14990167400561732], [-0.037631877663463056, 0.999288326154981, 0.002585148718867388], [0.14989217908422228, 0.0030869909245856125, 0.9886975296502034]], "fy": 747.4681309008212, "fx": 747.4681309008212}, {"id": 93, "img_name": "postcase1_000078", "width": 960, "height": 720, "position": [1.659465752352691, 0.10763995010116964, -0.17788050605339537], "rotation": [[0.9885681072531308, 0.03643770758774727, -0.14630581255613995], [-0.03656079625734581, 0.999329720966478, 0.0018485048256446698], [0.14627510211581252, 0.0035216840873946308, 0.9892376823808305]], "fy": 747.4681309008212, "fx": 747.4681309008212}, {"id": 94, "img_name": "postcase1_000079", "width": 960, "height": 720, "position": [1.5973449718254096, 0.09980209512021468, -0.1798505327678222], "rotation": [[0.9890656468545254, 0.03549284570641034, -0.1431412034178144], [-0.03564540248621669, 0.9993633760933301, 0.001499268133660023], [0.14310328959822965, 0.003619451201762582, 0.9897011407890582]], "fy": 747.4681309008212, "fx": 747.4681309008212}, {"id": 95, "img_name": "postcase1_000080", "width": 960, "height": 720, "position": [1.5973449718254096, 0.09980209512021465, -0.1798505327678222], "rotation": [[0.9890656468545254, 0.03549284570641034, -0.1431412034178144], [-0.03564540248621669, 0.9993633760933301, 0.0014992681336600268], [0.14310328959822965, 0.003619451201762578, 0.9897011407890582]], "fy": 747.4681309008212, "fx": 747.4681309008212}, {"id": 96, "img_name": "postcase1_000082", "width": 960, "height": 720, "position": [1.4791725343295843, 0.09465721899689059, -0.17725409658979058], "rotation": [[0.9900661217033014, 0.033597128265014424, -0.13652951192957452], [-0.0337779793811118, 0.9994288684212587, 0.0009925095121244122], [0.13648488108326448, 0.003629040995447772, 0.9906355067819548]], "fy": 747.4681309008212, "fx": 747.4681309008212}, {"id": 97, "img_name": "postcase1_000083", "width": 960, "height": 720, "position": [1.4274424319242496, 0.0955080439979339, -0.16913772890789755], "rotation": [[0.9905539139950637, 0.032766657031990824, -0.133151378723646], [-0.03297200317213045, 0.9994560557431947, 0.0006630573676246971], [0.13310067796926106, 0.0037334736109456905, 0.9910954902020893]], "fy": 747.4681309008212, "fx": 747.468130900821