[{"id": 0, "img_name": "C0305_down_000001", "width": 1920, "height": 1080, "position": [0.46202576126910483, 0.9180608268591948, -2.979171623150015], "rotation": [[0.9685779325518267, 0.0171814181246819, -0.24811607655461182], [-0.026982146485346564, 0.9989819081853962, -0.03615398856706975], [0.24724229481355414, 0.04171265982276078, 0.968055422827556]], "fy": 2041.108226399045, "fx": 2041.108226399045}, {"id": 1, "img_name": "C0305_down_000009", "width": 1920, "height": 1080, "position": [-0.5846907753063382, 0.8461875677574161, -3.066745549461169], "rotation": [[0.998296784053973, -0.05281224811983032, 0.02478704088883362], [0.05331720154258966, 0.9983738452273461, -0.020172783289124255], [-0.02368136328765948, 0.021460000337664823, 0.9994892002509809]], "fy": 2041.108226399045, "fx": 2041.108226399045}, {"id": 2, "img_name": "C0305_down_000017", "width": 1920, "height": 1080, "position": [-1.7757115818406441, 0.6687330779252042, -2.7939759315269543], "rotation": [[0.930101508589934, -0.1399755620858603, 0.33958507879098], [0.14043205417218405, 0.9898146286662199, 0.023363198396926133], [-0.33939655549181613, 0.025958484106373372, 0.94028513506446]], "fy": 2041.108226399045, "fx": 2041.108226399045}, {"id": 3, "img_name": "C0305_down_000025", "width": 1920, "height": 1080, "position": [-2.7792839168359436, 0.40189469749115864, -2.179471619444702], "rotation": [[0.7630002273582435, -0.21834129171426192, 0.6084058952572832], [0.20613020903477616, 0.9742715117260385, 0.09113373888049905], [-0.6126507895812656, 0.055875770881546376, 0.7883761210576108]], "fy": 2041.108226399045, "fx": 2041.108226399045}, {"id": 4, "img_name": "C0305_down_000033", "width": 1920, "height": 1080, "position": [-3.480814758462232, 0.09458402500687782, -1.3597926901259545], "rotation": [[0.5354886265117621, -0.2782472874901305, 0.7973897277247375], [0.24356806482367788, 0.9549307372538872, 0.1696522468044439], [-0.8086572380648027, 0.10337182426624755, 0.5791267022623573]], "fy": 2041.108226399045, "fx": 2041.108226399045}, {"id": 5, "img_name": "C0305_down_000041", "width": 1920, "height": 1080, "position": [-3.9063569426013887, -0.2533398406106253, -0.31717448526027525], "rotation": [[0.24570105215837887, -0.3213016429063826, 0.9145470175086271], [0.25445871946227017, 0.9317600512546683, 0.25898642237677216], [-0.9353511389087454, 0.16908122649057647, 0.31069242956749865]], "fy": 2041.108226399045, "fx": 2041.108226399045}, {"id": 6, "img_name": "C0305_down_000049", "width": 1920, "height": 1080, "position": [-3.9688036049041155, -0.5891504162901139, 0.8072726767032219], "rotation": [[-0.06506449903840594, -0.3400827450699593, 0.9381419601907602], [0.23501333376166647, 0.9084670251619655, 0.34562464777211127], [-0.9698120147322924, 0.24296376416875318, 0.02081502778863583]], "fy": 2041.108226399045, "fx": 2041.108226399045}, {"id": 7, "img_name": "C0305_down_000057", "width": 1920, "height": 1080, "position": [-3.6679372291334853, -0.8716771044481835, 1.883796099500171], "rotation": [[-0.3628412781512934, -0.33414516064338445, 0.8698811519329188], [0.1896762526683494, 0.8874720856840632, 0.42001930468166726], [-0.9123426582393414, 0.31739613852437704, -0.2586321039750988]], "fy": 2041.108226399045, "fx": 2041.108226399045}, {"id": 8, "img_name": "C0305_down_000065", "width": 1920, "height": 1080, "position": [-3.1161298865067764, -1.0678128581761501, 2.747511476661312], "rotation": [[-0.6045291479088076, -0.30791897829867204, 0.7346634686250241], [0.13103496991041402, 0.8712655334050682, 0.4729970475182257], [-0.7857317264748997, 0.38220710760513543, -0.4863572564554668]], "fy": 2041.108226399045, "fx": 2041.108226399045}, {"id": 9, "img_name": "C0305_down_000073", "width": 1920, "height": 1080, "position": [-2.3093647367581105, -1.1970105495274428, 3.453996471543152], "rotation": [[-0.8050910531947142, -0.26228426745156946, 0.5320106757511726], [0.05697056988281405, 0.8585828131366854, 0.509499663546035], [-0.5904089686251837, 0.44050257210791527, -0.6762948570950824]], "fy": 2041.108226399045, "fx": 2041.108226399045}, {"id": 10, "img_name": "C0305_down_000081", "width": 1920, "height": 1080, "position": [-1.3584441076011773, -1.2344081344116382, 3.9054953093788582], "rotation": [[-0.9354116007313817, -0.20295304963637134, 0.2895085436743618], [-0.02315341457310269, 0.8522422945277234, 0.5226346628494203], [-0.35280172421738426, 0.4821754152395347, -0.8018963850322699]], "fy": 2041.108226399045, "fx": 2041.108226399045}, {"id": 11, "img_name": "C0305_down_000089", "width": 1920, "height": 1080, "position": [-0.3489191234343605, -1.1899054455271902, 4.080776672057638], "rotation": [[-0.9904827155165247, -0.13465636484785862, 0.028489536131210892], [-0.10095104308289185, 0.8514423487475218, 0.5146404702894825], [-0.09355681249105965, 0.5068664421376343, -0.8569326301823553]], "fy": 2041.108226399045, "fx": 2041.108226399045}, {"id": 12, "img_name": "C0305_down_000097", "width": 1920, "height": 1080, "position": [0.6512064142375387, -1.0746506819364594, 3.9908530408056264], "rotation": [[-0.970386601605777, -0.06399500807265485, -0.23292591604579252], [-0.17335835939796101, 0.8560000969865176, 0.48704282479667], [0.16821629722128031, 0.5129994862578843, -0.841745094698097]], "fy": 2041.108226399045, "fx": 2041.108226399045}, {"id": 13, "img_name": "C0305_down_000105", "width": 1920, "height": 1080, "position": [1.5197677310413722, -0.9087459387305699, 3.6775704126454265], "rotation": [[-0.887017771488549, -0.0003067289997880216, -0.46173518274093955], [-0.2321710752518581, 0.864685549173784, 0.4454385399428606], [0.3991191111433832, 0.5023134548938064, -0.7670626624681738]], "fy": 2041.108226399045, "fx": 2041.108226399045}, {"id": 14, "img_name": "C0305_down_000113", "width": 1920, "height": 1080, "position": [2.309269747469531, -0.6874658108882288, 3.1341929519014826], "rotation": [[-0.7387411747087951, 0.061440999151216015, -0.6711828963949908], [-0.28021165996855457, 0.87769340436846, 0.3887617696556211], [0.6129787128502392, 0.4752675999386064, -0.6311717722150288]], "fy": 2041.108226399045, "fx": 2041.108226399045}, {"id": 15, "img_name": "C0305_down_000121", "width": 1920, "height": 1080, "position": [2.9125284125555777, -0.43063338210819535, 2.4181199884319584], "rotation": [[-0.5416989204800984, 0.111636623574724, -0.8331263672622127], [-0.31174867018980335, 0.8937734024187233, 0.3224622020698673], [0.7806247793822488, 0.43440346385093914, -0.44935351830014697]], "fy": 2041.108226399045, "fx": 2041.108226399045}, {"id": 16, "img_name": "C0305_down_000129", "width": 1920, "height": 1080, "position": [3.28969818850676, -0.16126332143454927, 1.5896333008258792], "rotation": [[-0.31319122622063317, 0.14882570910877316, -0.9379563764518509], [-0.32407080572772706, 0.9116150296152075, 0.25285598797466974], [0.8926866016096564, 0.3831565555852274, -0.23727976150246521]], "fy": 2041.108226399045, "fx": 2041.108226399045}, {"id": 17, "img_name": "C0305_down_000137", "width": 1920, "height": 1080, "position": [3.4369068260411044, 0.10341215056130565, 0.7116596514738628], "rotation": [[-0.06966381573080757, 0.17030040367441146, -0.982926612360331], [-0.31852144746817473, 0.9299461753010634, 0.18369594047148236], [0.9453523365817648, 0.32588016747150494, -0.010539267912954588]], "fy": 2041.108226399045, "fx": 2041.108226399045}, {"id": 18, "img_name": "C0305_down_000145", "width": 1920, "height": 1080, "position": [3.368450723107227, 0.3323570730168587, -0.10658176179391367], "rotation": [[0.15775742510234417, 0.17656377641824092, -0.9715646286696565], [-0.298282698036729, 0.9464454806881195, 0.12356530312739102], [0.9413501085552645, 0.27030757470327005, 0.20197472163869484]], "fy": 2041.108226399045, "fx": 2041.108226399045}, {"id": 19, "img_name": "C0305_down_000153", "width": 1920, "height": 1080, "position": [3.09581486936486, 0.5423542138862911, -0.9149786501239938], "rotation": [[0.3834335215248629, 0.16925111087407999, -0.9079277482481369], [-0.26323124126551406, 0.9623174767552254, 0.06822307200114128], [0.885261570493636, 0.21283593540411844, 0.4135369589381276]], "fy": 2041.108226399045, "fx": 2041.108226399045}, {"id": 20, "img_name": "C0305_down_000161", "width": 1920, "height": 1080, "position": [2.6525145673704476, 0.7128315759276914, -1.6209769515047825], "rotation": [[0.5824004666760858, 0.14786804618691515, -0.7993401887384004], [-0.21686335504384857, 0.9759419421766931, 0.022530218363568003], [0.7834411156268243, 0.16022598546193653, 0.6004562031723447]], "fy": 2041.108226399045, "fx": 2041.108226399045}, {"id": 21, "img_name": "C0305_down_000169", "width": 1920, "height": 1080, "position": [2.080756031759568, 0.829110404106637, -2.1977174168612774], "rotation": [[0.745706143685657, 0.11661253748552924, -0.6559907494550912], [-0.1624033775283679, 0.9866814094414414, -0.009216248153593861], [0.64617914716961, 0.11340772620873871, 0.7547126588307094]], "fy": 2041.108226399045, "fx": 2041.108226399045}, {"id": 22, "img_name": "C0305_down_000177", "width": 1920, "height": 1080, "position": [1.4584605883291002, 0.8962342505322289, -2.6100207957969075], "rotation": [[0.8635762255730923, 0.07953137982509059, -0.4979064794196285], [-0.10780115980230671, 0.9937714433727907, -0.028235231219836236], [0.4925596538189149, 0.07805817035952903, 0.8667709671360212]], "fy": 2041.108226399045, "fx": 2041.108226399045}, {"id": 23, "img_name": "C0305_down_000185", "width": 1920, "height": 1080, "position": [0.7466648782477132, 0.9206391998029643, -2.9046519906885875], "rotation": [[0.9482824878231891, 0.035094846540756224, -0.31548165562223107], [-0.04899175647360034, 0.9981420457208798, -0.03622518960293387], [0.31362418766015904, 0.049807713362669426, 0.9482399804923264]], "fy": 2041.108226399045, "fx": 2041.108226399045}, {"id": 24, "img_name": "C0305_down_000193", "width": 1920, "height": 1080, "position": [0.020389095160189604, 0.8976767741008366, -3.0521997578292708], "rotation": [[0.9916849909814711, -0.011729225365299868, -0.1281534390268533], [0.0077033030697821, 0.9994624807400324, -0.031865478417800595], [0.12845831146288078, 0.030613311897118158, 0.9912422949767604]], "fy": 2041.108226399045, "fx": 2041.108226399045}, {"id": 25, "img_name": "C0305_down_000201", "width": 1920, "height": 1080, "position": [-0.6874597547419837, 0.8355019062489636, -3.0588799089604843], "rotation": [[0.9966403278187906, -0.060120209245704874, 0.055620296704587416], [0.06116645798573811, 0.9979776095485359, -0.01730188594543402], [-0.05446761774423964, 0.020645853822076114, 0.998302072189187]], "fy": 2041.108226399045, "fx": 2041.108226399045}, {"id": 26, "img_name": "C0305_down_000209", "width": 1920, "height": 1080, "position": [-1.3502539506346785, 0.7453169997157204, -2.940221300999446], "rotation": [[0.9673620805481352, -0.10793862571264061, 0.2292593688311336], [0.10978599520339338, 0.9939440402647323, 0.004720177901386576], [-0.22838047284035423, 0.02060334685158518, 0.9733539241836597]], "fy": 2041.108226399045, "fx": 2041.108226399045}, {"id": 27, "img_name": "C0305_down_000002", "width": 1920, "height": 1080, "position": [0.3890514917101251, 0.9150964176766531, -2.994743016412826], "rotation": [[0.9733507246645363, 0.012365868403106387, -0.22898788634698375], [-0.021073323816105344, 0.9991432117982358, -0.0356196201670821], [0.22835122469205996, 0.03949591898086041, 0.972777359196591]], "fy": 2041.108226399045, "fx": 2041.108226399045}, {"id": 28, "img_name": "C0305_down_000003", "width": 1920, "height": 1080, "position": [0.3144770344567318, 0.912368329752398, -3.008459665452289], "rotation": [[0.977766374325342, 0.007221380742197138, -0.2095728248100201], [-0.014906409369624403, 0.9992721513358677, -0.0351136230584624], [0.20916671866810058, 0.037456898226666244, 0.9771623532335131]], "fy": 2041.108226399045, "fx": 2041.108226399045}, {"id": 29, "img_name": "C0305_down_000004", "width": 1920, "height": 1080, "position": [0.23963122791236274, 0.9076544014469571, -3.0223690722807635], "rotation": [[0.9817269096693235, 0.002743648675710764, -0.19027545092067], [-0.009379801665839392, 0.999378335341826, -0.03398473436868669], [0.1900639212260695, 0.03514847423921767, 0.9811423396260227]], "fy": 2041.108226399045, "fx": 2041.108226399045}, {"id": 30, "img_name": "C0305_down_000005", "width": 1920, "height": 1080, "position": [0.015191219945158204, 0.8969070369622189, -3.052577773579523], "rotation": [[0.9912034526726836, -0.012204620857160986, -0.13178301347094692], [0.008074367757912598, 0.9994606717675152, -0.031830334200839555], [0.13210041633189812, 0.03048627264458721, 0.9907674132636676]], "fy": 2041.108226399045, "fx": 2041.108226399045}, {"id": 31, "img_name": "C0305_down_000006", "width": 1920, "height": 1080, "position": [-0.1357674182915208, 0.8859125417597092, -3.066494387214662], "rotation": [[0.9954634126631895, -0.022112359013355128, -0.09253992450732335], [0.019470036748150482, 0.9993792766316912, -0.029359480719918993], [0.09313169019180463, 0.027424533140641014, 0.9952760337032311]], "fy": 2041.108226399045, "fx": 2041.108226399045}, {"id": 32, "img_name": "C0305_down_000007", "width": 1920, "height": 1080, "position": [-0.28542670098954465, 0.8753284509571254, -3.071304537932833], "rotation": [[0.998043429638105, -0.03250773331763375, -0.05340936089075204], [0.031095773784582004, 0.9991500867456913, -0.027058399967764806], [0.05424357481718079, 0.025344652900109645, 0.9982060324203745]], "fy": 2041.108226399045, "fx": 2041.108226399045}, {"id": 33, "img_name": "C0305_down_000008", "width": 1920, "height": 1080, "position": [-0.4348570927949662, 0.8624002591790972, -3.0716494350596917], "rotation": [[0.9989859058397998, -0.042654631371598035, -0.014413270135121645], [0.042300842477773624, 0.9988161664319676, -0.024018834272684975], [0.015420721743987453, 0.023384783443538847, 0.9996075996330728]], "fy": 2041.108226399045, "fx": 2041.108226399045}, {"id": 34, "img_name": "C0305_down_000010", "width": 1920, "height": 1080, "position": [-0.7310191138795429, 0.8323701034318739, -3.055114850520447], "rotation": [[0.9960126830434107, -0.06302334667180522, 0.0631410563021531], [0.06420984175503512, 0.9977926365141456, -0.016939620419105596], [-0.061934089469851364, 0.020926354016777324, 0.9978608401320822]], "fy": 2041.108226399045, "fx": 2041.108226399045}, {"id": 35, "img_name": "C0305_down_000011", "width": 1920, "height": 1080, "position": [-0.8762869522881013, 0.8144667650104521, -3.0382658283181705], "rotation": [[0.9921481203494634, -0.07334877244297319, 0.10130185027005044], [0.07500921907236906, 0.9971022789934176, -0.01267526253322067], [-0.10007859082331312, 0.02017431057661341, 0.9947749860403498]], "fy": 2041.108226399045, "fx": 2041.108226399045}, {"id": 36, "img_name": "C0305_down_000012", "width": 1920, "height": 1080, "position": [-1.021131724852046, 0.7942483727799462, -3.014566426980922], "rotation": [[0.986673594643521, -0.08383530742640047, 0.1394519948295971], [0.08574917043313306, 0.9962865189646106, -0.007762209698796587], [-0.13828339525504338, 0.019616660217771947, 0.9901984090265133]], "fy": 2041.108226399045, "fx": 2041.108226399045}, {"id": 37, "img_name": "C0305_down_000013", "width": 1920, "height": 1080, "position": [-1.1647360234442836, 0.7731463913576228, -2.985588792420008], "rotation": [[0.9796557152084548, -0.0940111651667038, 0.17730363922776513], [0.09597994468197817, 0.9953800255926052, -0.002540643640643722], [-0.17624565208326462, 0.019506549547858958, 0.9841529173083224]], "fy": 2041.108226399045, "fx": 2041.108226399045}, {"id": 38, "img_name": "C0305_down_000014", "width": 1920, "height": 1080, "position": [-1.3042443220142672, 0.7538889312369723, -2.952332152601591], "rotation": [[0.9712189307156314, -0.1042395465652899, 0.21416793772983014], [0.10623952502900175, 0.9943381708272272, 0.0021829698980250756], [-0.21318290724445466, 0.020632958290713654, 0.9767944149568915]], "fy": 2041.108226399045, "fx": 2041.108226399045}, {"id": 39, "img_name": "C0305_down_000015", "width": 1920, "height": 1080, "position": [-1.510791110597851, 0.719025316410757, -2.891816924638516], "rotation": [[0.9556834945213539, -0.11975485736585265, 0.26893834318805826], [0.12133264968718352, 0.9925530287881855, 0.010810789207392155], [-0.2682302116081272, 0.022299308973233935, 0.9630967212071565]], "fy": 2041.108226399045, "fx": 2041.108226399045}, {"id": 40, "img_name": "C0305_down_000016", "width": 1920, "height": 1080, "position": [-1.6445103567745494, 0.6948457494344511, -2.8452059769460556], "rotation": [[0.9436138740036012, -0.12972742781919352, 0.3045712580978903], [0.13083538413843976, 0.9912607034358129, 0.016861793536996635], [-0.3040969566524181, 0.02393767522867107, 0.9523402903686182]], "fy": 2041.108226399045, "fx": 2041.108226399045}, {"id": 41, "img_name": "C0305_down_000018", "width": 1920, "height": 1080, "position": [-1.9045964154626858, 0.6421365446489825, -2.737398805436616], "rotation": [[0.9152070782519961, -0.14979360795461694, 0.3741094478002169], [0.14947055518848987, 0.9883091244736543, 0.030060399427873665], [-0.3742386364996128, 0.028406856532485574, 0.9268972399639851]], "fy": 2041.108226399045, "fx": 2041.108226399045}, {"id": 42, "img_name": "C0305_down_000019", "width": 1920, "height": 1080, "position": [-2.031132823115896, 0.6161820404611362, -2.6769806533585605], "rotation": [[0.8990276258078576, -0.15919750463810234, 0.40792828113687873], [0.158119920872202, 0.9867411535016383, 0.03660582753641148], [-0.40834717907395357, 0.03159193731410474, 0.912279853355913]], "fy": 2041.108226399045, "fx": 2041.108226399045}, {"id": 43, "img_name": "C0305_down_000020", "width": 1920, "height": 1080, "position": [-2.1540687474379716, 0.5861182106688445, -2.611294449763413], "rotation": [[0.8814881051781683, -0.16887093887431082, 0.44097769380447255], [0.16659381187127328, 0.9850342455266194, 0.04420449056376736], [-0.4418429837347213, 0.03449842233366877, 0.8964288240462186]], "fy": 2041.108226399045, "fx": 2041.108226399045}, {"id": 44, "img_name": "C0305_down_000021", "width": 1920, "height": 1080, "position": [-2.273861521803611, 0.5547249188297932, -2.542346032486874], "rotation": [[0.8628050953193788, -0.17823431370254605, 0.473074937943134], [0.17447911006024627, 0.9832743221899582, 0.052236457330704644], [-0.4744727680736821, 0.037471812617758976, 0.8794722597192235]], "fy": 2041.108226399045, "fx": 2041.108226399045}, {"id": 45, "img_name": "C0305_down_000022", "width": 1920, "height": 1080, "position": [-2.392585219297485, 0.5226729447864924, -2.469468516184779], "rotation": [[0.8427291036551716, -0.18748006223471264, 0.5046373788345642], [0.1821938760094405, 0.9814088615462431, 0.0603493001050062], [-0.5065698859952175, 0.041083728445404824, 0.8612195294231411]], "fy": 2041.108226399045, "fx": 2041.108226399045}, {"id": 46, "img_name": "C0305_down_000023", "width": 1920, "height": 1080, "position": [-2.5085104598933445, 0.4879401632994907, -2.3923516756548566], "rotation": [[0.8213335458890589, -0.19663188519124927, 0.53548772919969], [0.18939899158675397, 0.9794616349523608, 0.06915871342331911], [-0.5380884949366842, 0.044618464592402166, 0.8417065784667425]], "fy": 2041.108226399045, "fx": 2041.108226399045}, {"id": 47, "img_name": "C0305_down_000024", "width": 1920, "height": 1080, "position": [-2.619725893337008, 0.4555271287629461, -2.309956177120552], "rotation": [[0.7988538274863476, -0.2053249096153131, 0.5653974211135705], [0.196431657525045, 0.9774558730218238, 0.07742493278723347], [-0.5685482971853634, 0.04921074868976993, 0.8211766776894092]], "fy": 2041.108226399045, "fx": 2041.108226399045}, {"id": 48, "img_name": "C0305_down_000026", "width": 1920, "height": 1080, "position": [-2.8808671555837497, 0.36616592219474836, -2.0891274211848216], "rotation": [[0.7379830186938588, -0.2265173440595295, 0.6356657588384922], [0.21208932074623457, 0.9721021064858494, 0.10017791468769638], [-0.6406240583563033, 0.060888319126013585, 0.7654367566619127]], "fy": 2041.108226399045, "fx": 2041.108226399045}, {"id": 49, "img_name": "C0305_down_000027", "width": 1920, "height": 1080, "position": [-2.979194517251917, 0.3291884766277707, -1.9946140658894431], "rotation": [[0.7117314733913238, -0.23481078940227273, 0.6620439584834956], [0.2179844144373696, 0.9697773223421385, 0.10961177004915579], [-0.6677732435839371, 0.06630111802370647, 0.7414061349234939]], "fy": 2041.108226399045, "fx": 2041.108226399045}, {"id": 50, "img_name": "C0305_down_000028", "width": 1920, "height": 1080, "position": [-3.0730049475320453, 0.2929710935802114, -1.8974411253181513], "rotation": [[0.6847080613468794, -0.2426289982584941, 0.6872452545712321], [0.22353908993916916, 0.9674241252186176, 0.11883112897789289], [-0.6936895170000525, 0.07226154682175186, 0.7166401627421963]], "fy": 2041.108226399045, "fx": 2041.108226399045}, {"id": 51, "img_name": "C0305_down_000029", "width": 1920, "height": 1080, "position": [-3.1630672565127127, 0.25414195080036284, -1.7963374367388414], "rotation": [[0.6566216174542904, -0.2503596378446316, 0.7114549200265724], [0.22840494158419997, 0.9650107880186973, 0.1287841669905543], [-0.7188040304224996, 0.07793735141661969, 0.690830322946621]], "fy": 2041.108226399045, "fx": 2041.108226399045}, {"id": 52, "img_name": "C0305_down_000030", "width": 1920, "height": 1080, "position": [-3.2489890430300044, 0.21629720691266863, -1.6905727570558744], "rotation": [[0.6276271922094797, -0.2572796638994845, 0.7347729459792411], [0.23248762356489674, 0.962687831149533, 0.13849781458837204], [-0.7429896449402184, 0.08390062157324306, 0.6640233980901816]], "fy": 2041.108226399045, "fx": 2041.108226399045}, {"id": 53, "img_name": "C0305_down_000031", "width": 1920, "height": 1080, "position": [-3.3315069336265406, 0.17942301816112227, -1.5823559712206006], "rotation": [[0.597652137527536, -0.26387036308564943, 0.7570893963025864], [0.2365934346431484, 0.9602827005216659, 0.14792120119365917], [-0.7660518710848014, 0.09071695852410555, 0.6363450041004567]], "fy": 2041.108226399045, "fx": 2041.108226399045}, {"id": 54, "img_name": "C0305_down_000032", "width": 1920, "height": 1080, "position": [-3.409084902232555, 0.13352482302065305, -1.4721780799001531], "rotation": [[0.5667295023196565, -0.2717159230248973, 0.777809827898338], [0.23990568601848844, 0.9575685723782469, 0.15971127389600354], [-0.7882023426865163, 0.09608790958395283, 0.6078685553763027]], "fy": 2041.108226399045, "fx": 2041.108226399045}, {"id": 55, "img_name": "C0305_down_000034", "width": 1920, "height": 1080, "position": [-3.5487614057130363, 0.054883909681014635, -1.2444380111894304], "rotation": [[0.5035057506500066, -0.2843185154729547, 0.815870664273222], [0.2462809504714432, 0.9523572940404594, 0.17989240651794286], [-0.8281471200802764, 0.11035654147892399, 0.5495396084501594]], "fy": 2041.108226399045, "fx": 2041.108226399045}, {"id": 56, "img_name": "C0305_down_000035", "width": 1920, "height": 1080, "position": [-3.641844023350671, -0.00589764376208536, -1.0666997038786492], "rotation": [[0.45417759530344226, -0.29299922822292557, 0.8413525801857104], [0.24964381778193057, 0.9483945508743964, 0.19551404071067233], [-0.855219665447214, 0.12124037336020624, 0.5038850024557519]], "fy": 2041.108226399045, "fx": 2041.108226399045}, {"id": 57, "img_name": "C0305_down_000036", "width": 1920, "height": 1080, "position": [-3.6988333844854706, -0.04661742209570846, -0.9460328310314879], "rotation": [[0.42047631797039237, -0.29845215771630584, 0.8568115169513907], [0.2516936992556693, 0.9456548826228132, 0.205881336518467], [-0.8716937236099951, 0.1290858339482488, 0.4727440107424175]], "fy": 2041.108226399045, "fx": 2041.108226399045}, {"id": 58, "img_name": "C0305_down_000037", "width": 1920, "height": 1080, "position": [-3.7501492956658047, -0.08753436158977516, -0.824238453866788], "rotation": [[0.3865958575010418, -0.30360601225688105, 0.8708427138608376], [0.25311462303152527, 0.9429295455930548, 0.21637203991108508], [-0.8868351766651132, 0.13677449092996075, 0.4413797775841198]], "fy": 2041.108226399045, "fx": 2041.108226399045}, {"id": 59, "img_name": "C0305_down_000038", "width": 1920, "height": 1080, "position": [-3.796451098837753, -0.130223145976698, -0.7000094309695604], "rotation": [[0.35200111179151267, -0.30880736529167435, 0.8835910979854614], [0.2541010866931973, 0.9400833863657008, 0.227323259743768], [-0.9008484084677483, 0.14450341802466404, 0.40937868427693447]], "fy": 2041.108226399045, "fx": 2041.108226399045}, {"id": 60, "img_name": "C0305_down_000039", "width": 1920, "height": 1080, "position": [-3.83809595634949, -0.17157263972554615, -0.5737153321915858], "rotation": [[0.31686165777288916, -0.3133783760245762, 0.895205386083895], [0.2546903823592748, 0.9372872491270889, 0.23796096687789023], [-0.9136364150837591, 0.15259949562162156, 0.3768048499806284]], "fy": 2041.108226399045, "fx": 2041.108226399045}, {"id": 61, "img_name": "C0305_down_000040", "width": 1920, "height": 1080, "position": [-3.8742123692386556, -0.21266716043731698, -0.44711939369892867], "rotation": [[0.28175031421495755, -0.3175824690435197, 0.905404956798887], [0.2548272416544698, 0.9345127485146936, 0.24849346022438407], [-0.9250296413361827, 0.1607087372227625, 0.34422792511607475]], "fy": 2041.108226399045, "fx": 2041.108226399045}, {"id": 62, "img_name": "C0305_down_000042", "width": 1920, "height": 1080, "position": [-3.9331977131155003, -0.2953501768689775, -0.1896158474436232], "rotation": [[0.21018944956766472, -0.325130517407546, 0.9220143935648422], [0.2537427003995363, 0.928906873687089, 0.2697158912834573], [-0.9441583751068426, 0.17726298730186188, 0.27774591994919867]], "fy": 2041.108226399045, "fx": 2041.108226399045}, {"id": 63, "img_name": "C0305_down_000043", "width": 1920, "height": 1080, "position": [-3.954678458496562, -0.3350342744334436, -0.05724319691453096], "rotation": [[0.1736199310954376, -0.32801776798210874, 0.9285798099325935], [0.2525619808510954, 0.9261957971072483, 0.2799531947476932], [-0.9518763393188144, 0.18591850179286715, 0.2436508677105608]], "fy": 2041.108226399045, "fx": 2041.108226399045}, {"id": 64, "img_name": "C0305_down_000044", "width": 1920, "height": 1080, "position": [-3.971142476558603, -0.37683988793635176, 0.07389277559409535], "rotation": [[0.1373083273640084, -0.3311843281149102, 0.9335220211904877], [0.2509210563134595, 0.9233379152877735, 0.29066426971777237], [-0.9582197277947452, 0.19432970694956472, 0.20988310618499126]], "fy": 2041.108226399045, "fx": 2041.108226399045}, {"id": 65, "img_name": "C0305_down_000045", "width": 1920, "height": 1080, "position": [-3.982267604163658, -0.415309248079197, 0.20864511320992388], "rotation": [[0.10015868572112756, -0.3332440311061537, 0.937505548467174], [0.24893633828454556, 0.9206691744677007, 0.30066421580634595], [-0.9633270146508394, 0.20326506565832583, 0.17516956335738745]], "fy": 2041.108226399045, "fx": 2041.108226399045}, {"id": 66, "img_name": "C0305_down_000046", "width": 1920, "height": 1080, "position": [-3.9893857124632484, -0.47444840091126095, 0.40806340391068846], "rotation": [[0.045036271156145675, -0.33629264753945187, 0.9406800675528613], [0.24534078022433342, 0.916520108578855, 0.31590946824924215], [-0.9683902291118314, 0.21655979724203112, 0.12378294866105331]], "fy": 2041.108226399045, "fx": 2041.108226399045}, {"id": 67, "img_name": "C0305_down_000047", "width": 1920, "height": 1080, "position": [-3.9872703209241176, -0.5137705141622505, 0.5407464504936571], "rotation": [[0.008385921678178702, -0.33806016685718293, 0.9410871372524976], [0.2423060196917434, 0.9137596967505349, 0.3260843593543167], [-0.970163630084509, 0.22529656051272573, 0.08957673069711698]], "fy": 2041.108226399045, "fx": 2041.108226399045}, {"id": 68, "img_name": "C0305_down_000048", "width": 1920, "height": 1080, "position": [-3.980672870723867, -0.5521993679613258, 0.6740323947256545], "rotation": [[-0.02841090013010874, -0.3392950044212232, 0.9402508818015533], [0.23897292417249189, 0.91104914626838, 0.33597826506502554], [-0.9706105100740692, 0.23423994761453096, 0.055198593055406545]], "fy": 2041.108226399045, "fx": 2041.108226399045}, {"id": 69, "img_name": "C0305_down_000050", "width": 1920, "height": 1080, "position": [-3.95105177061481, -0.6254667225876045, 0.9400613336589065], "rotation": [[-0.10165190033952874, -0.34051196704662573, 0.934729100571604], [0.23096422829744692, 0.9058446384902267, 0.3551070488817073], [-0.9676375439204118, 0.25198629172347475, -0.01343474521993535]], "fy": 2041.108226399045, "fx": 2041.108226399045}, {"id": 70, "img_name": "C0305_down_000051", "width": 1920, "height": 1080, "position": [-3.927775079407465, -0.6617900281521346, 1.0712582046557133], "rotation": [[-0.13786522439091564, -0.34088998895751704, 0.9299393503515088], [0.22634788956734436, 0.9032148164595093, 0.3646500078382341], [-0.9642405367915474, 0.2607623645324586, -0.04736218376922064]], "fy": 2041.108226399045, "fx": 2041.108226399045}, {"id": 71, "img_name": "C0305_down_000052", "width": 1920, "height": 1080, "position": [-3.9006738938403083, -0.6959072509241109, 1.2010605483430443], "rotation": [[-0.17358875506196503, -0.34058716502773906, 0.9240494181235138], [0.22141899365554585, 0.9007741953037124, 0.37360337033211405], [-0.9596043837772948, 0.26945543619180723, -0.08095180382227742]], "fy": 2041.108226399045, "fx": 2041.108226399045}, {"id": 72, "img_name": "C0305_down_000053", "width": 1920, "height": 1080, "position": [-3.8675371629939166, -0.7298580695126932, 1.3299879046457461], "rotation": [[-0.20917015030611744, -0.34017975524715666, 0.9168018228280854], [0.21611252335697848, 0.898277672241657, 0.38261286021302193], [-0.9536997564586011, 0.2781635448294665, -0.11437577041799431]], "fy": 2041.108226399045, "fx": 2041.108226399045}, {"id": 73, "img_name": "C0305_down_000054", "width": 1920, "height": 1080, "position": [-3.83124817321013, -0.7633249360435582, 1.456823484090948], "rotation": [[-0.2441899200717214, -0.3394086931856563, 0.9083903466711715], [0.21060457170666913, 0.8958278377320453, 0.39132876142775247], [-0.9465817435972533, 0.2868696988779635, -0.14727110563192564]], "fy": 2041.108226399045, "fx": 2041.108226399045}, {"id": 74, "img_name": "C0305_down_000055", "width": 1920, "height": 1080, "position": [-3.790045595409268, -0.7959529655648918, 1.5809001093071386], "rotation": [[-0.27863564917374545, -0.3384659095813481, 0.8987786173807183], [0.20490933063535485, 0.8933406896343414, 0.39994321904766705], [-0.9382826552953516, 0.29560656334883706, -0.17956174001438552]], "fy": 2041.108226399045, "fx": 2041.108226399045}, {"id": 75, "img_name": "C0305_down_000056", "width": 1920, "height": 1080, "position": [-3.7196678377228607, -0.8415565537738395, 1.7649174031821078], "rotation": [[-0.329767561849682, -0.3359373050941185, 0.8822695065555743], [0.1959644820573776, 0.8898325423650691, 0.4120630635231712], [-0.9234994731583225, 0.3087785186735281, -0.22760612795371246]], "fy": 2041.108226399045, "fx": 2041.108226399045}, {"id": 76, "img_name": "C0305_down_000058", "width": 1920, "height": 1080, "position": [-3.611294162432938, -0.8993344585549443, 2.001288671574765], "rotation": [[-0.39550151418269497, -0.33179972494074705, 0.8564388447568456], [0.18304486203168369, 0.8852871747305657, 0.4275057856232761], [-0.9000406272846784, 0.32584591571295957, -0.2893981832185292]], "fy": 2041.108226399045, "fx": 2041.108226399045}, {"id": 77, "img_name": "C0305_down_000059", "width": 1920, "height": 1080, "position": [-3.5516512443468886, -0.9267812193733526, 2.115817991008159], "rotation": [[-0.42741852862904467, -0.3293138635213591, 0.841941672966256], [0.17622763290273188, 0.8830816181979048, 0.43486857440204796], [-0.8867114653516567, 0.33424427428694303, -0.31941124325908193]], "fy": 2041.108226399045, "fx": 2041.108226399045}, {"id": 78, "img_name": "C0305_down_000060", "width": 1920, "height": 1080, "position": [-3.4876328719484335, -0.95297136206138, 2.2276800054195056], "rotation": [[-0.45866113534795205, -0.3264978564859898, 0.8264557535835667], [0.1691505067218122, 0.8809686272145211, 0.44190766449510255], [-0.8723634959104379, 0.3424812806181033, -0.34883879289594827]], "fy": 2041.108226399045, "fx": 2041.108226399045}, {"id": 79, "img_name": "C0305_down_000061", "width": 1920, "height": 1080, "position": [-3.4202445393912297, -0.9780815052918439, 2.337106146409877], "rotation": [[-0.4892376948950184, -0.3233592936037571, 0.8099908920067485], [0.16187269669503423, 0.8789253935224375, 0.44865062430147773], [-0.8569969124556323, 0.35061220723401454, -0.37766039265457274]], "fy": 2041.108226399045, "fx": 2041.108226399045}, {"id": 80, "img_name": "C0305_down_000062", "width": 1920, "height": 1080, "position": [-3.348481470743264, -1.0021992088866363, 2.4449223650799614], "rotation": [[-0.5193235823424144, -0.31999694010881896, 0.7924045527027431], [0.15413371168282258, 0.8769668624582849, 0.45516142309399216], [-0.8405627970270384, 0.35851231564768393, -0.40610725650130564]], "fy": 2041.108226399045, "fx": 2041.108226399045}, {"id": 81, "img_name": "C0305_down_000063", "width": 1920, "height": 1080, "position": [-3.275173011484839, -1.0248020036934629, 2.5476134598113864], "rotation": [[-0.5483682629639466, -0.3160637537258996, 0.7742066595907048], [0.14691233622798613, 0.8750104856855236, 0.4612736881770073], [-0.8232308386096445, 0.3666883602203343, -0.43339431565375097]], "fy": 2041.108226399045, "fx": 2041.108226399045}, {"id": 82, "img_name": "C0305_down_000064", "width": 1920, "height": 1080, "position": [-3.1975575755319294, -1.0464349338415078, 2.6484158725667957], "rotation": [[-0.5767772804463452, -0.31200992570287006, 0.7549687245335444], [0.139174639489136, 0.8731429116019828, 0.4671743525090829], [-0.8049586253242997, 0.3745280525970001, -0.4601851250680662]], "fy": 2041.108226399045, "fx": 2041.108226399045}, {"id": 83, "img_name": "C0305_down_000066", "width": 1920, "height": 1080, "position": [-2.990021450277392, -1.0949556782426089, 2.888429243858437], "rotation": [[-0.6443284030701992, -0.3005960098407125, 0.703194815015618], [0.11917233090762976, 0.8688111104751488, 0.48058839963213984], [-0.7554064234192408, 0.3934581212566101, -0.5239769482278485]], "fy": 2041.108226399045, "fx": 2041.108226399045}, {"id": 84, "img_name": "C0305_down_000067", "width": 1920, "height": 1080, "position": [-2.901817330843846, -1.1119382982097787, 2.9787825124374385], "rotation": [[-0.6697861958047429, -0.29557996844241347, 0.6811893526509294], [0.11081556379372483, 0.8672987527099806, 0.4852965942274793], [-0.7342386279204391, 0.40053134184891664, -0.5481498713547388]], "fy": 2041.108226399045, "fx": 2041.108226399045}, {"id": 85, "img_name": "C0305_down_000068", "width": 1920, "height": 1080, "position": [-2.8096227062515786, -1.129866593647194, 3.066649678922796], "rotation": [[-0.6946388302838782, -0.2906740311609819, 0.6580163395163299], [0.10212286466068153, 0.865614727299819, 0.49018574478982585], [-0.7120729007449599, 0.4077005659675795, -0.571605136903417]], "fy": 2041.108226399045, "fx": 2041.108226399045}, {"id": 86, "img_name": "C0305_down_000069", "width": 1920, "height": 1080, "position": [-2.7156705303076034, -1.145613167606505, 3.149314458150115], "rotation": [[-0.7182946142359655, -0.28545523175250787, 0.6344825906395914], [0.09353038520285291, 0.864057966190945, 0.4946270292915398], [-0.6894236101290782, 0.41463133230267335, -0.5939494457186559]], "fy": 2041.108226399045, "fx": 2041.108226399045}, {"id": 87, "img_name": "C0305_down_000070", "width": 1920, "height": 1080, "position": [-2.6183841839512287, -1.1604117634390667, 3.2301339046551343], "rotation": [[-0.741314160404759, -0.2799132230927575, 0.6100015599334251], [0.08481837992019449, 0.8625199082664005, 0.4988639596842348], [-0.6657771083561684, 0.42155426149185654, -0.6156564355279287]], "fy": 2041.108226399045, "fx": 2041.108226399045}, {"id": 88, "img_name": "C0305_down_000071", "width": 1920, "height": 1080, "position": [-2.519070654980539, -1.170296869860054, 3.309631095731565], "rotation": [[-0.763427652758303, -0.27369467513566226, 0.5850379849260496], [0.07562053047253003, 0.8616767095881367, 0.501791573787778], [-0.6414512876088109, 0.42732244611738607, -0.6371308913161032]], "fy": 2041.108226399045, "fx": 2041.108226399045}, {"id": 89, "img_name": "C0305_down_000072", "width": 1920, "height": 1080, "position": [-2.4140260843822823, -1.1870941292588406, 3.381585592916011], "rotation": [[-0.7847976357403301, -0.2685223874832112, 0.5585592165175536], [0.06650118049900858, 0.8595723262324122, 0.5066685395479354], [-0.6161738909825905, 0.4347771192182447, -0.656733273616967]], "fy": 2041.108226399045, "fx": 2041.108226399045}, {"id": 90, "img_name": "C0305_down_000074", "width": 1920, "height": 1080, "position": [-2.2045736147236865, -1.2055732342264502, 3.5224551769447263], "rotation": [[-0.8241369059682064, -0.2558620188413614, 0.5053048461429731], [0.04759958011728502, 0.8577050216747705, 0.5119339564499894], [-0.5643869596241652, 0.4459559654363918, -0.6946874381316289]], "fy": 2041.108226399045, "fx": 2041.108226399045}, {"id": 91, "img_name": "C0305_down_000075", "width": 1920, "height": 1080, "position": [-2.0957278996485647, -1.214071580231541, 3.584987699063832], "rotation": [[-0.8423295038850046, -0.24943695553037593, 0.4777679479627939], [0.038239787271589595, 0.8565646636416675, 0.5146209242441085], [-0.5376046182411991, 0.4517501325026636, -0.7119712720535575]], "fy": 2041.108226399045, "fx": 2041.108226399045}, {"id": 92, "img_name": "C0305_down_000076", "width": 1920, "height": 1080, "position": [-1.9296202833866811, -1.2227488452432085, 3.673819027543664], "rotation": [[-0.8678696359749954, -0.2390435663330544, 0.4355002506858102], [0.02410591104212789, 0.8553292063533304, 0.5175237712528871], [-0.4962068117281925, 0.45964129726750647, -0.7365518840114291]], "fy": 2041.108226399045, "fx": 2041.108226399045}, {"id": 93, "img_name": "C0305_down_000077", "width": 1920, "height": 1080, "position": [-1.817704735096189, -1.2284879036109866, 3.7274983844742957], "rotation": [[-0.8834257891084154, -0.2321805762308343, 0.40700252475788207], [0.014711428540047125, 0.8544317710613415, 0.5193552950257564], [-0.4683400997229297, 0.4647994498943573, -0.7514113536335593]], "fy": 2041.108226399045, "fx": 2041.108226399045}, {"id": 94, "img_name": "C0305_down_000078", "width": 1920, "height": 1080, "position": [-1.7052159848865054, -1.231139798392903, 3.777232224202993], "rotation": [[-0.8978847389492138, -0.22510546071155882, 0.3783259535373418], [0.005268023760605903, 0.853825688145278, 0.5205323642088935], [-0.4401990952827592, 0.469371096064808, -0.7654511941927851]], "fy": 2041.108226399045, "fx": 2041.108226399045}, {"id": 95, "img_name": "C0305_down_000079", "width": 1920, "height": 1080, "position": [-1.5895276568493173, -1.2343230115609465, 3.8230055543975645], "rotation": [[-0.9115473131116485, -0.21777954791843496, 0.3487887103496561], [-0.004116098669037369, 0.853021623848101, 0.5218593363918055], [-0.4111746024387704, 0.4742638271637329, -0.7784659713522022]], "fy": 2041.108226399045, "fx": 2041.108226399045}, {"id": 96, "img_name": "C0305_down_000080", "width": 1920, "height": 1080, "position": [-1.4740671702505976, -1.2351415176740914, 3.8662836808359904], "rotation": [[-0.9240246146850077, -0.21047147900977461, 0.3191868856636527], [-0.01372119979591866, 0.8525573990976282, 0.5224534523955678], [-0.3820866919069339, 0.4783802230102385, -0.7906719434128738]], "fy": 2041.108226399045, "fx": 2041.108226399045}, {"id": 97, "img_name": "C0305_down_000082", "width": 1920, "height": 1080, "position": [-1.240856728950405, -1.2319031657335084, 3.9408068656724207], "rotation": [[-0.9458867719479405, -0.19511336953428737, 0.25928553311529223], [-0.03252239029270304, 0.8520170731944984, 0.5225028240256029], [-0.3228629876333826, 0.4857959242460333, -0.8122572321637943]], "fy": 2041.108226399045, "fx": 2041.108226399045}, {"id":