[{"id": 0, "img_name": "PXL_20210225_140013394", "width": 3950, "height": 2968, "position": [-1.8974104344127736, -2.4579973551567313, 3.862284057207673], "rotation": [[-0.9442293814993337, -0.14619732914734537, 0.29505459844504806], [0.2314934920825165, 0.3425269949417756, 0.9105416085273639], [-0.23418291619336287, 0.9280633591982497, -0.28958032232324205]], "fy": 6391.028223011954, "fx": 6386.679943122922}, {"id": 1, "img_name": "PXL_20210225_140100057", "width": 3950, "height": 2968, "position": [3.528711405875467, -0.18232444954835733, 1.8210552348065305], "rotation": [[-0.4510850445108035, 0.35874626233111245, -0.817204626689144], [-0.6814538358406423, 0.452835773596658, 0.5749438509708504], [0.5763184468995954, 0.8162358001304358, 0.04020157147009729]], "fy": 6391.028223011954, "fx": 6386.679943122922}, {"id": 2, "img_name": "PXL_20210225_140140128", "width": 3950, "height": 2968, "position": [0.9001062887239476, 4.030935184863686, -1.8659537805830555], "rotation": [[0.9266622538196208, 0.190214665603417, -0.3242151266294048], [-0.3075587548946851, 0.879556535722453, -0.3630260496927851], [0.2161126549593332, 0.4361177380677123, 0.8735540274700418]], "fy": 6391.028223011954, "fx": 6386.679943122922}, {"id": 3, "img_name": "PXL_20210225_140220001", "width": 3950, "height": 2968, "position": [-3.770213695586993, 0.8310748933729234, 0.7881333134824364], "rotation": [[-0.06945810615902046, -0.5169602203335736, 0.853186792022395], [0.7424789193125416, 0.5444093195218331, 0.3903121151005371], [-0.6662586778911647, 0.6605835476383269, 0.3460184254115375]], "fy": 6391.028223011954, "fx": 6386.679943122922}, {"id": 4, "img_name": "PXL_20210225_140319107", "width": 3950, "height": 2968, "position": [0.08677747665730763, -2.6942331554728534, 3.0891576415997215], "rotation": [[-0.9941384297561516, 0.026576164822059878, -0.10479737566048326], [-0.09854555895515224, 0.1759547962853876, 0.9794532569114183], [0.044469712076764784, 0.984039438806961, -0.1723044618699448]], "fy": 6391.028223011954, "fx": 6386.679943122922}, {"id": 5, "img_name": "PXL_20210225_140334309", "width": 3950, "height": 2968, "position": [3.7408676750071828, 0.33068054259919444, 0.37684427529081715], "rotation": [[-0.10406012843371619, 0.5342910321988842, -0.8388710166540557], [-0.7596586209348328, 0.5017039276178642, 0.41377765605720723], [0.6419425747757707, 0.6803133556859363, 0.3536714135544382]], "fy": 6391.028223011954, "fx": 6386.679943122922}, {"id": 6, "img_name": "PXL_20210225_140357230", "width": 3950, "height": 2968, "position": [-0.7526410646840151, 3.2989784908854896, -2.3073703889739674], "rotation": [[0.9954958704654342, -0.056406391781490935, 0.07619902133532011], [0.07288791051105432, 0.9693343684462097, -0.23468752555327763], [-0.06062445370970493, 0.23918444998615765, 0.9690797049248422]], "fy": 6391.028223011954, "fx": 6386.679943122922}, {"id": 7, "img_name": "PXL_20210225_140420762", "width": 3950, "height": 2968, "position": [-3.2166991121567468, -1.1756221966155442, 1.5838170392439035], "rotation": [[-0.5866936164235909, -0.4895416469943066, 0.6450888127272939], [0.5981842717791773, 0.27497328523893405, 0.7527053005000848], [-0.5458627826146634, 0.8274893765257713, 0.13151104247616274]], "fy": 6391.028223011954, "fx": 6386.679943122922}, {"id": 8, "img_name": "PXL_20210225_140459605", "width": 3950, "height": 2968, "position": [1.368543484537799, -2.396065945080325, 2.1068560792496576], "rotation": [[-0.9020336174260221, 0.26538183631288803, -0.3404523960681189], [-0.32355114913416755, 0.10641940752420968, 0.9402071918445185], [0.2857446533660489, 0.9582522583627942, -0.010129285035025866]], "fy": 6391.028223011954, "fx": 6386.679943122922}, {"id": 9, "img_name": "PXL_20210225_140522737", "width": 3950, "height": 2968, "position": [1.9426476583483094, 2.6142112574975833, -2.1536151425855974], "rotation": [[0.8101766217381546, 0.3507563027712417, -0.46966355793823295], [-0.4433568136253678, 0.8908028928120613, -0.09952357494394973], [0.38346913487386675, 0.28886021225484154, 0.8772178750887238]], "fy": 6391.028223011954, "fx": 6386.679943122922}, {"id": 10, "img_name": "PXL_20210225_140549475", "width": 3950, "height": 2968, "position": [-3.3877334265932597, -0.1280091087355739, 0.21922703726802173], "rotation": [[-0.20958111327066306, -0.654256145865256, 0.7266530482684087], [0.7772802917957935, 0.33939293009034244, 0.5297620097652701], [-0.593220957945752, 0.6758412051674807, 0.4374100598428111]], "fy": 6391.028223011954, "fx": 6386.679943122922}, {"id": 11, "img_name": "PXL_20210225_140630197", "width": 3950, "height": 2968, "position": [1.6641641323006369, -2.3675126681282874, 1.5801852081228887], "rotation": [[-0.7987743559709113, 0.3831257362730254, -0.46386872975930066], [-0.43450095061602806, 0.16593377573548646, 0.8852541476795985], [0.4161351368930806, 0.9086697157248155, 0.033924851769160734]], "fy": 6391.028223011954, "fx": 6386.679943122922}, {"id": 12, "img_name": "PXL_20210225_140701663", "width": 3950, "height": 2968, "position": [2.4617430446680926, 1.8889415715051683, -2.0733745369790797], "rotation": [[0.6930682781070857, 0.4297125762503168, -0.5787948373076552], [-0.5339295854554227, 0.8454485199623307, -0.011661812419383284], [0.48433001110511403, 0.3171181198005249, 0.8153898076607898]], "fy": 6391.028223011954, "fx": 6386.679943122922}, {"id": 13, "img_name": "PXL_20210225_140720967", "width": 3950, "height": 2968, "position": [-2.8203625495190443, 1.8622593505220413, -2.032003454444866], "rotation": [[0.6076970762984308, -0.5193896701102292, 0.6007816858403112], [0.614068752607256, 0.7870243834865176, 0.05926370617026217], [-0.5036107927057436, 0.3329068794429666, 0.7972133836620144]], "fy": 6391.028223011954, "fx": 6386.679943122922}, {"id": 14, "img_name": "PXL_20210225_140744654", "width": 3950, "height": 2968, "position": [-2.2666145562730944, -2.1022355903541894, 1.3952004550333434], "rotation": [[-0.8901518696499076, -0.29332231418428006, 0.3486999698313039], [0.3596477434976937, 0.017621146831685565, 0.9329217522286385], [-0.27979126068515947, 0.9558511992909329, 0.08980721161629754]], "fy": 6391.028223011954, "fx": 6386.679943122922}, {"id": 15, "img_name": "PXL_20210225_140912421", "width": 3950, "height": 2968, "position": [1.9383509929657645, -1.6642748561508232, 0.2668955437899344], "rotation": [[-0.6786513756612466, 0.5765199027424033, -0.45503528660422343], [-0.5515223536836961, 0.009120574040332733, 0.8341102496171418], [0.4850313430081541, 0.8170322006329156, 0.31177392358669376]], "fy": 6391.028223011954, "fx": 6386.679943122922}, {"id": 16, "img_name": "PXL_20210225_141037335", "width": 3950, "height": 2968, "position": [0.8953027219596255, 2.09995682429648, -2.6710064690532933], "rotation": [[0.9181664894944959, 0.31061860168430744, -0.2459397931548282], [-0.31341443698679466, 0.9491816200747557, 0.028734000774564703], [0.24236684644894127, 0.05069848518395504, 0.9688591101612493]], "fy": 6391.028223011954, "fx": 6386.679943122922}, {"id": 17, "img_name": "PXL_20210225_141228495", "width": 3950, "height": 2968, "position": [-3.0118770972403532, -0.7647319570293101, -0.3962164599139078], "rotation": [[-0.19820434711036405, -0.7190266133928158, 0.6661199336601572], [0.7441157260874842, 0.33195905077184146, 0.5797369876072719], [-0.6379708637358372, 0.6105767092213034, 0.469243283575411]], "fy": 6391.028223011954, "fx": 6386.679943122922}, {"id": 18, "img_name": "PXL_20210225_141453503", "width": 3950, "height": 2968, "position": [1.1781997476971804, -1.051092907700575, -0.33799760266823164], "rotation": [[-0.6077474609649663, 0.6990432959726023, -0.376804317977378], [-0.6250209164752729, -0.12834910096937843, 0.7699840012940281], [0.48988965865697365, 0.7034664019241521, 0.5149205217359674]], "fy": 6391.028223011954, "fx": 6386.679943122922}, {"id": 19, "img_name": "PXL_20210225_140019181", "width": 3950, "height": 2968, "position": [-0.7818543449007188, -2.467777729357003, 3.838468157992832], "rotation": [[-0.9894351694321327, -0.08737699096406742, 0.11568624352476713], [0.08346225802239192, 0.3091624562834088, 0.947339763290137], [-0.11854154114322164, 0.9469867143074788, -0.2986035263497656]], "fy": 6391.028223011954, "fx": 6386.679943122922}, {"id": 20, "img_name": "PXL_20210225_140025350", "width": 3950, "height": 2968, "position": [0.1531437913040019, -2.4508728266186424, 3.765147377508968], "rotation": [[-0.9984596507737219, -0.019557398984918012, -0.051921420644673304], [-0.05537694035144042, 0.29353892351162153, 0.9543418123822047], [-0.003423485669517067, 0.9557470421238996, -0.294169799974925]], "fy": 6391.028223011954, "fx": 6386.679943122922}, {"id": 21, "img_name": "PXL_20210225_140032462", "width": 3950, "height": 2968, "position": [0.8068664777533505, -2.3181414885197738, 3.652448009982603], "rotation": [[-0.9824192028324981, 0.06276182325273126, -0.1758222495816487], [-0.14911095994646442, 0.3028901555624184, 0.9412881999086239], [0.11233179215966653, 0.950956627404934, -0.288206629460237]], "fy": 6391.028223011954, "fx": 6386.679943122922}, {"id": 22, "img_name": "PXL_20210225_140038904", "width": 3950, "height": 2968, "position": [1.4988005061219285, -2.0394841183204067, 3.410571779459386], "rotation": [[-0.9427692210567958, 0.11820191599308706, -0.31179240350516174], [-0.26353432303827706, 0.3087583846346009, 0.9139025771375134], [0.20429355449626754, 0.943767220755942, -0.25993763986365165]], "fy": 6391.028223011954, "fx": 6386.679943122922}, {"id": 23, "img_name": "PXL_20210225_140043445", "width": 3950, "height": 2968, "position": [2.0374650905633938, -1.6542608215127983, 3.094481827263302], "rotation": [[-0.8737481201399818, 0.17764185920687045, -0.45277764124277897], [-0.38240743298175545, 0.32433514857778606, 0.865200130950828], [0.3005474633933092, 0.9291125234623371, -0.21545565899575672]], "fy": 6391.028223011954, "fx": 6386.679943122922}, {"id": 24, "img_name": "PXL_20210225_140048447", "width": 3950, "height": 2968, "position": [2.54602306108081, -1.2151501129724498, 2.713643496398242], "rotation": [[-0.754299648646537, 0.2604410027994177, -0.6026628610695572], [-0.50791563026825, 0.3501498724475696, 0.787030354785733], [0.41599729876637054, 0.8997586070084487, -0.13183586967627017]], "fy": 6391.028223011954, "fx": 6386.679943122922}, {"id": 25, "img_name": "PXL_20210225_140054474", "width": 3950, "height": 2968, "position": [3.1597206833397307, -0.7741512787445355, 2.3181886997401895], "rotation": [[-0.6016165640148367, 0.31817763707262076, -0.7326803540220426], [-0.6079930636810863, 0.4125034771718884, 0.6783696012033471], [0.5180752304623997, 0.8535829617488772, -0.05471912822173262]], "fy": 6391.028223011954, "fx": 6386.679943122922}, {"id": 26, "img_name": "PXL_20210225_140107265", "width": 3950, "height": 2968, "position": [3.8013062566909097, 0.5730683599317895, 1.1548409027634463], "rotation": [[-0.2436008340376812, 0.39806607293448554, -0.8844218649686709], [-0.7426071361407647, 0.5100040324735914, 0.4340858535053722], [0.6238535685631342, 0.7625216642425265, 0.17136929874353182]], "fy": 6391.028223011954, "fx": 6386.679943122922}, {"id": 27, "img_name": "PXL_20210225_140113268", "width": 3950, "height": 2968, "position": [3.7246359918889955, 1.068548149592788, 0.7277369331250749], "rotation": [[-0.08877842204272847, 0.41150975501844217, -0.9070711732296779], [-0.7516117848694488, 0.5698982379847037, 0.3321079992822987], [0.6536039447746351, 0.7112494076388336, 0.2587009151673878]], "fy": 6391.028223011954, "fx": 6386.679943122922}, {"id": 28, "img_name": "PXL_20210225_140118500", "width": 3950, "height": 2968, "position": [3.6661680929055596, 1.7731350587756387, 0.11060792351287503], "rotation": [[0.13408769331590573, 0.4119372499826952, -0.9012925122167131], [-0.7523209741430857, 0.6342990823396039, 0.17798265647959902], [0.6450066994734378, 0.65419597692116, 0.39496073401611836]], "fy": 6391.028223011954, "fx": 6386.679943122922}, {"id": 29, "img_name": "PXL_20210225_140122944", "width": 3950, "height": 2968, "position": [3.3015583215950906, 2.3479117544637402, -0.3831569519273634], "rotation": [[0.34410013934587697, 0.3978155635833951, -0.8504927227630895], [-0.7180872424528205, 0.6950926125977397, 0.034597285132689955], [0.6049345471442774, 0.5988230433799907, 0.5248477459115869]], "fy": 6391.028223011954, "fx": 6386.679943122922}, {"id": 30, "img_name": "PXL_20210225_140128955", "width": 3950, "height": 2968, "position": [2.8642138896950318, 2.966278814269181, -0.9215887340204768], "rotation": [[0.573710880069726, 0.3442701809123554, -0.7431916769072391], [-0.6263890521891156, 0.7690462075030783, -0.12729762771848366], [0.5277239632490093, 0.5385591641219247, 0.6568572488395419]], "fy": 6391.028223011954, "fx": 6386.679943122922}, {"id": 31, "img_name": "PXL_20210225_140133350", "width": 3950, "height": 2968, "position": [2.297374266818632, 3.4058160929573, -1.311009697608235], "rotation": [[0.723469171938492, 0.2997860213440008, -0.6218687149723541], [-0.5345626531391089, 0.8132746540377848, -0.22984148226244566], [0.4368468005187966, 0.4987110170293571, 0.7486335514589463]], "fy": 6391.028223011954, "fx": 6386.679943122922}, {"id": 32, "img_name": "PXL_20210225_140137239", "width": 3950, "height": 2968, "position": [1.6458524515960875, 3.7356075363430965, -1.6125444572525858], "rotation": [[0.8453214233513966, 0.25035756495514344, -0.47196692775331217], [-0.42215213555399295, 0.854437976584552, -0.30285857857637055], [0.3274435305062115, 0.4552546911782761, 0.827963707229852]], "fy": 6391.028223011954, "fx": 6386.679943122922}, {"id": 33, "img_name": "PXL_20210225_140143330", "width": 3950, "height": 2968, "position": [0.15725037946022435, 4.18424230492185, -2.025026007683511], "rotation": [[0.9822459785990303, 0.11033569438529651, -0.15171971549718735], [-0.16274217747123498, 0.903459621548227, -0.3965799993744713], [0.0933157071341908, 0.414230306443709, 0.9053758512494118]], "fy": 6391.028223011954, "fx": 6386.679943122922}, {"id": 34, "img_name": "PXL_20210225_140146643", "width": 3950, "height": 2968, "position": [-0.6368819227958169, 4.22921730979435, -2.0423526904618896], "rotation": [[0.9994309572836876, 0.006158652540688087, 0.033163724487679784], [0.00795721086284296, 0.912393750956889, -0.40923627162081144], [-0.032778718984974226, 0.40926728944994045, 0.9118255542416009]], "fy": 6391.028223011954, "fx": 6386.679943122922}, {"id": 35, "img_name": "PXL_20210225_140150958", "width": 3950, "height": 2968, "position": [-1.4822184718791096, 4.105884922726009, -1.948850297002926], "rotation": [[0.9693682801648538, -0.08311552663814795, 0.23112106490300008], [0.16766928630526984, 0.9115611979795694, -0.37542401730301417], [-0.17947742989054338, 0.40267603798800317, 0.897574431782774]], "fy": 6391.028223011954, "fx": 6386.679943122922}, {"id": 36, "img_name": "PXL_20210225_140153851", "width": 3950, "height": 2968, "position": [-2.2268552158999744, 3.828976337234187, -1.7127312887149706], "rotation": [[0.9077583998737768, -0.15288707224961137, 0.3906407948455232], [0.290035862129723, 0.9015250048911793, -0.32114150188760643], [-0.3030740604823653, 0.4048187356026167, 0.8627096296946211]], "fy": 6391.028223011954, "fx": 6386.679943122922}, {"id": 37, "img_name": "PXL_20210225_140158679", "width": 3950, "height": 2968, "position": [-3.047879156151877, 3.2877502576265947, -1.2127286613346582], "rotation": [[0.7702334053476672, -0.27222061625765587, 0.5767464238041171], [0.47393854402920227, 0.8494450616546598, -0.23200289591725187], [-0.42675843022723764, 0.4520387409446378, 0.7832868050179133]], "fy": 6391.028223011954, "fx": 6386.679943122922}, {"id": 38, "img_name": "PXL_20210225_140204874", "width": 3950, "height": 2968, "position": [-3.186938855957713, 2.7074692401980327, -0.6808780302835568], "rotation": [[0.6357250566180017, -0.3553089910865369, 0.6852803610502096], [0.5779803567357029, 0.8075500844191343, -0.11748007653350598], [-0.5116564859509825, 0.47076361584952175, 0.7187414405588256]], "fy": 6391.028223011954, "fx": 6386.679943122922}, {"id": 39, "img_name": "PXL_20210225_140212829", "width": 3950, "height": 2968, "position": [-3.476135806366972, 1.7367552800452812, 0.12541258395759872], "rotation": [[0.2903582710542427, -0.49711003680994614, 0.8176635528952018], [0.717548935543195, 0.6784309125732991, 0.15765475560790437], [-0.6330999917321263, 0.5409372497506288, 0.5536888045653509]], "fy": 6391.028223011954, "fx": 6386.679943122922}, {"id": 40, "img_name": "PXL_20210225_140225312", "width": 3950, "height": 2968, "position": [-3.8682878953612994, -0.18065640428153348, 1.6650816019678027], "rotation": [[-0.3572331688825371, -0.456826318820278, 0.8146742769249891], [0.6798087754117007, 0.4709634420628759, 0.5621863259752338], [-0.6405033114070402, 0.7546543252863538, 0.14231077753710022]], "fy": 6391.028223011954, "fx": 6386.679943122922}, {"id": 41, "img_name": "PXL_20210225_140230144", "width": 3950, "height": 2968, "position": [-3.111365506212025, -1.1156349875600473, 2.406477393256668], "rotation": [[-0.6794946078394135, -0.3816287498029365, 0.6266151731653241], [0.5195756289773369, 0.35270332035238344, 0.7782297434467593], [-0.5180040962096403, 0.8543768870564392, -0.04137500663180634]], "fy": 6391.028223011954, "fx": 6386.679943122922}, {"id": 42, "img_name": "PXL_20210225_140234334", "width": 3950, "height": 2968, "position": [-2.7919124599500247, -1.8479561255430452, 2.96330697955003], "rotation": [[-0.7951977092398662, -0.3284632250122552, 0.5096788332216848], [0.40940355451366417, 0.32918943800207073, 0.8508954362666766], [-0.44726874781416004, 0.8852944277032525, -0.1272966751581667]], "fy": 6391.028223011954, "fx": 6386.679943122922}, {"id": 43, "img_name": "PXL_20210225_140238936", "width": 3950, "height": 2968, "position": [-2.2955122968823205, -2.311375369105428, 3.346138100309696], "rotation": [[-0.8942880887389992, -0.238670287280914, 0.378530458891743], [0.3046634661754782, 0.29483891192675765, 0.9056766467077467], [-0.3277636140841306, 0.9252602390587696, -0.19095681003676576]], "fy": 6391.028223011954, "fx": 6386.679943122922}, {"id": 44, "img_name": "PXL_20210225_140241763", "width": 3950, "height": 2968, "position": [-1.6341031383757767, -2.4412006137922253, 3.4712123979539222], "rotation": [[-0.9373906280249537, -0.19177345398880685, 0.29072625068298513], [0.22841758875440732, 0.2916301062499629, 0.9288580549665584], [-0.26291484484259425, 0.9371098246597558, -0.22956689850140916]], "fy": 6391.028223011954, "fx": 6386.679943122922}, {"id": 45, "img_name": "PXL_20210225_140314230", "width": 3950, "height": 2968, "position": [-1.5702929181236416, -2.5952534595084957, 3.1420899497615666], "rotation": [[-0.9562193173399174, -0.18073261172568836, 0.2301745863573853], [0.19164766172062722, 0.20768339524526036, 0.9592386465819737], [-0.22116914545884983, 0.961354945063587, -0.16395389199036878]], "fy": 6391.028223011954, "fx": 6386.679943122922}, {"id": 46, "img_name": "PXL_20210225_140316702", "width": 3950, "height": 2968, "position": [-0.6988775615938845, -2.726943045052062, 3.188170386686258], "rotation": [[-0.9963175887737861, -0.0770299512892309, 0.037651678639437754], [0.0229463022837353, 0.1835649115714974, 0.9827397368842129], [-0.08261192112214934, 0.9799848518442146, -0.18112139753320333]], "fy": 6391.028223011954, "fx": 6386.679943122922}, {"id": 47, "img_name": "PXL_20210225_140321093", "width": 3950, "height": 2968, "position": [0.7377721685458648, -2.6209680940969315, 2.974588359195237], "rotation": [[-0.9613732236943721, 0.12288923232166449, -0.2462920245214656], [-0.22104633151434452, 0.1884859187830479, 0.9568759468941419], [0.16401232907175226, 0.974356862242937, -0.154041101374136]], "fy": 6391.028223011954, "fx": 6386.679943122922}, {"id": 48, "img_name": "PXL_20210225_140322829", "width": 3950, "height": 2968, "position": [1.4326612383954553, -2.4031520034422313, 2.7920693294016456], "rotation": [[-0.9178800623156722, 0.1860717870347633, -0.3505331386232509], [-0.3118681159290315, 0.2080424155830964, 0.9270688386442649], [0.2454271164118865, 0.9602581128988392, -0.13292812772963564]], "fy": 6391.028223011954, "fx": 6386.679943122922}, {"id": 49, "img_name": "PXL_20210225_140324601", "width": 3950, "height": 2968, "position": [2.0292564887574014, -2.1527851572751038, 2.5706421868303577], "rotation": [[-0.8349824041192603, 0.25696848071527933, -0.4865918050379607], [-0.43757843395050633, 0.22611277478910863, 0.8702862329248875], [0.3336607542889063, 0.9395957710611785, -0.07635632292945364]], "fy": 6391.028223011954, "fx": 6386.679943122922}, {"id": 50, "img_name": "PXL_20210225_140326579", "width": 3950, "height": 2968, "position": [2.461797891141026, -1.7191925900709186, 2.2063889144396067], "rotation": [[-0.7247927186236969, 0.3374077808767496, -0.600692520707472], [-0.5434364494522113, 0.2559550201708258, 0.7994772373595923], [0.42350010677311967, 0.9058934910093895, -0.002154648457785057]], "fy": 6391.028223011954, "fx": 6386.679943122922}, {"id": 51, "img_name": "PXL_20210225_140328569", "width": 3950, "height": 2968, "position": [3.0439897585875024, -1.294556473966366, 1.833965708703357], "rotation": [[-0.6073995139165791, 0.3935545162172893, -0.6900584564070485], [-0.6150247132293869, 0.31683651419276515, 0.7220520932670217], [0.5028025781666332, 0.8629770947360962, 0.04959940876495993]], "fy": 6391.028223011954, "fx": 6386.679943122922}, {"id": 52, "img_name": "PXL_20210225_140330323", "width": 3950, "height": 2968, "position": [3.4382010564647913, -0.7889969302947822, 1.3833385517895445], "rotation": [[-0.4479905120437697, 0.4637072472006701, -0.7643821622803196], [-0.6869427180789597, 0.3686671897183046, 0.6262541060172765], [0.5722011911880742, 0.8056426578321085, 0.15338091368929996]], "fy": 6391.028223011954, "fx": 6386.679943122922}, {"id": 53, "img_name": "PXL_20210225_140332339", "width": 3950, "height": 2968, "position": [3.75418848977859, -0.19809119789772328, 0.8293149759202123], "rotation": [[-0.2529623150854322, 0.5061984157341192, -0.8244836147886059], [-0.7346992702068875, 0.4539551032045342, 0.5041247332079903], [0.6294656857240791, 0.7332720696868446, 0.25707007276827476]], "fy": 6391.028223011954, "fx": 6386.679943122922}, {"id": 54, "img_name": "PXL_20210225_140339704", "width": 3950, "height": 2968, "position": [3.7561144113736393, 0.8960816468887417, -0.156997762821537], "rotation": [[0.1023697284935906, 0.5382460972600951, -0.8365474149577087], [-0.7560681539838529, 0.5886033238847439, 0.2861941188132287], [0.6464374565413096, 0.6031892455076663, 0.46720589560095965]], "fy": 6391.028223011954, "fx": 6386.679943122922}, {"id": 55, "img_name": "PXL_20210225_140342408", "width": 3950, "height": 2968, "position": [3.455395102637666, 1.5347009265560982, -0.7237919828781012], "rotation": [[0.3124724654002525, 0.5346350880424435, -0.7851918752766974], [-0.7178069883493695, 0.674287245534261, 0.17346422682105758], [0.6221849289748957, 0.5094134206552355, 0.5944610004136822]], "fy": 6391.028223011954, "fx": 6386.679943122922}, {"id": 56, "img_name": "PXL_20210225_140344684", "width": 3950, "height": 2968, "position": [2.9709765503048753, 2.0889406092532075, -1.2062511806087506], "rotation": [[0.536365000728123, 0.476893944388302, -0.6963366655574641], [-0.646377116764807, 0.762627509795045, 0.024411149637483493], [0.5426870266707462, 0.4370027998875703, 0.7173000376228129]], "fy": 6391.028223011954, "fx": 6386.679943122922}, {"id": 57, "img_name": "PXL_20210225_140347168", "width": 3950, "height": 2968, "position": [2.60165133250325, 2.6537446032582737, -1.672227357748488], "rotation": [[0.6919295960735603, 0.4072771609690875, -0.5961197431979917], [-0.5499567439580334, 0.8322777136479724, -0.06972364835535783], [0.4677403273746639, 0.3760839288215643, 0.7998624035604991]], "fy": 6391.028223011954, "fx": 6386.679943122922}, {"id": 58, "img_name": "PXL_20210225_140349516", "width": 3950, "height": 2968, "position": [1.8140229632130076, 2.9586506987539707, -1.9759792638033282], "rotation": [[0.8369460698446006, 0.3214143573487655, -0.4429605931251188], [-0.4267185184983683, 0.8900393528020332, -0.16044081910254485], [0.34268437685753145, 0.32329980104203265, 0.8820683967266639]], "fy": 6391.028223011954, "fx": 6386.679943122922}, {"id": 59, "img_name": "PXL_20210225_140352348", "width": 3950, "height": 2968, "position": [1.0579591129469612, 3.3157998360198406, -2.3058219900638393], "rotation": [[0.9276594482740629, 0.2036650997989011, -0.3129991615831658], [-0.27849214220042695, 0.935711717274338, -0.21653108065154605], [0.24877715883995108, 0.28803490982763325, 0.9247409453247484]], "fy": 6391.028223011954, "fx": 6386.679943122922}, {"id": 60, "img_name": "PXL_20210225_140354661", "width": 3950, "height": 2968, "position": [0.05466734982844433, 3.4325271856165287, -2.3980456096780345], "rotation": [[0.9925217162889518, 0.07167003856399198, -0.09881319885050573], [-0.0940640575509907, 0.9649698534305307, -0.24491862944109422], [0.07779843039469113, 0.25238182886748406, 0.9644951097261335]], "fy": 6391.028223011954, "fx": 6386.679943122922}, {"id": 61, "img_name": "PXL_20210225_140359563", "width": 3950, "height": 2968, "position": [-1.6108282394583353, 3.088238362953256, -2.0980775575222], "rotation": [[0.945824650029095, -0.20160630243073904, 0.2545007469881868], [0.2538304122689684, 0.9479138721751087, -0.1924302802195049], [-0.20244963127826443, 0.24660533197438583, 0.9477341172697634]], "fy": 6391.028223011954, "fx": 6386.679943122922}, {"id": 62, "img_name": "PXL_20210225_140401692", "width": 3950, "height": 2968, "position": [-2.2247164130929513, 2.662387325408102, -1.729156015478044], "rotation": [[0.8384621912137794, -0.35668652839557874, 0.41201441038645426], [0.4288380239293625, 0.898376407888546, -0.0949619870349828], [-0.3362723645162459, 0.25630948131191467, 0.9062153974923788]], "fy": 6391.028223011954, "fx": 6386.679943122922}, {"id": 63, "img_name": "PXL_20210225_140405981", "width": 3950, "height": 2968, "position": [-2.9043665723408885, 2.24659121152606, -1.2196831511265518], "rotation": [[0.6883193959060199, -0.4412133555872038, 0.5758013408034504], [0.5404851033184267, 0.8413524065053514, -0.001407536331221654], [-0.4838308199261817, 0.3121808817322638, 0.8175884262698592]], "fy": 6391.028223011954, "fx": 6386.679943122922}, {"id": 64, "img_name": "PXL_20210225_140409836", "width": 3950, "height": 2968, "position": [-3.218195504942378, 1.6453185699661514, -0.7458915937315227], "rotation": [[0.4664987231462394, -0.5442539283617611, 0.6972564827706654], [0.6649994255615782, 0.735575260907976, 0.12924704848828933], [-0.5832278331027242, 0.403381577421372, 0.7050734697117361]], "fy": 6391.028223011954, "fx": 6386.679943122922}, {"id": 65, "img_name": "PXL_20210225_140412732", "width": 3950, "height": 2968, "position": [-3.3395943879033023, 0.9169671311979581, -0.06520323932012025], "rotation": [[0.12448765164003002, -0.6442002910976531, 0.7546580745866631], [0.7461959761988859, 0.562085827548325, 0.3567227040348094], [-0.6539834781504362, 0.5187152469505918, 0.5506724097748535]], "fy": 6391.028223011954, "fx": 6386.679943122922}, {"id": 66, "img_name": "PXL_20210225_140415383", "width": 3950, "height": 2968, "position": [-3.3441575521738476, 0.2943531482768007, 0.4127790394125263], "rotation": [[-0.11252700823412902, -0.6431186703707086, 0.7574536607862477], [0.7463636084357804, 0.4485230538302613, 0.4916995364910337], [-0.655956581200766, 0.6206653252787594, 0.42952941409874895]], "fy": 6391.028223011954, "fx": 6386.679943122922}, {"id": 67, "img_name": "PXL_20210225_140417833", "width": 3950, "height": 2968, "position": [-3.416495840841113, -0.4533790503350309, 1.002228066322523], "rotation": [[-0.38283462226672144, -0.5686231930054204, 0.7280833169151846], [0.6846665300363882, 0.3544789446453094, 0.6368488207189199], [-0.6202172156928797, 0.7423020558906385, 0.25361045557843953]], "fy": 6391.028223011954, "fx": 6386.679943122922}, {"id": 68, "img_name": "PXL_20210225_140424054", "width": 3950, "height": 2968, "position": [-2.822957730787323, -1.7685953288594307, 2.0739181323687697], "rotation": [[-0.7490909263444686, -0.3973701015472798, 0.5300563993243463], [0.4844584848943364, 0.21714231330469635, 0.8474368366943753], [-0.451843734583396, 0.8915975651430357, 0.02984998071590786]], "fy": 6391.028223011954, "fx": 6386.679943122922}, {"id": 69, "img_name": "PXL_20210225_140426840", "width": 3950, "height": 2968, "position": [-2.2726224605767467, -2.218291039177894, 2.40764097797882], "rotation": [[-0.8622225310884197, -0.31336845051407464, 0.39796045168569977], [0.36209944147340367, 0.16806171919458146, 0.9168638137837103], [-0.3541981103395773, 0.934641895467868, -0.031436059996490656]], "fy": 6391.028223011954, "fx": 6386.679943122922}, {"id": 70, "img_name": "PXL_20210225_140432912", "width": 3950, "height": 2968, "position": [-1.807756204737356, -2.6495752487249185, 2.795821879087721], "rotation": [[-0.9279622255465886, -0.20456109011893744, 0.3115138333492967], [0.2747040601197151, 0.18940845978482304, 0.942688768743791], [-0.2518407975534651, 0.9603536826457703, -0.11957013388108874]], "fy": 6391.028223011954, "fx": 6386.679943122922}, {"id": 71, "img_name": "PXL_20210225_140435089", "width": 3950, "height": 2968, "position": [-1.0920551112565042, -2.8185951726717517, 2.878739998888485], "rotation": [[-0.9769170178221991, -0.13552681615178036, 0.16512305227660465], [0.14777311183979674, 0.1294454900935707, 0.9805136268872646], [-0.15426032447315707, 0.9822811955841344, -0.10643028279225555]], "fy": 6391.028223011954, "fx": 6386.679943122922}, {"id": 72, "img_name": "PXL_20210225_140450461", "width": 3950, "height": 2968, "position": [-1.083171136943583, -2.906493968574794, 2.5230705977775023], "rotation": [[-0.9805711385474535, -0.112817616836862, 0.1604756292369719], [0.15303781735224753, 0.07181107007775606, 0.9856077296137383], [-0.12271784184792041, 0.9910173336251685, -0.053150500906860854]], "fy": 6391.028223011954, "fx": 6386.679943122922}, {"id": 73, "img_name": "PXL_20210225_140453402", "width": 3950, "height": 2968, "position": [-0.3483534993132741, -2.7853750021267856, 2.475859020740816], "rotation": [[-0.9994435316083116, -0.009801487546894925, 0.03188350620889953], [0.031140918697834516, 0.06834353480145543, 0.9971757139208198], [-0.011952836858241308, 0.9976136988297173, -0.06800027645774587]], "fy": 6391.028223011954, "fx": 6386.679943122922}, {"id": 74, "img_name": "PXL_20210225_140455887", "width": 3950, "height": 2968, "position": [0.5097092967430027, -2.624991129007633, 2.329123181475444], "rotation": [[-0.9866354309921319, 0.10705174085016549, -0.12284319717395263], [-0.11380973854434222, 0.08677908709657228, 0.9897053770972217], [0.11660990405380692, 0.9904591434398666, -0.07343579136175617]], "fy": 6391.028223011954, "fx": 6386.679943122922}, {"id": 75, "img_name": "PXL_20210225_140502480", "width": 3950, "height": 2968, "position": [2.1244507510956843, -1.8876084322885167, 1.6866472212901986], "rotation": [[-0.7442418392760165, 0.4107095475834499, -0.5267084128764695], [-0.49791264196172685, 0.1844537469770708, 0.8473841019282883], [0.4451820814517861, 0.892913479991156, 0.0672192800046132]], "fy": 6391.028223011954, "fx": 6386.679943122922}, {"id": 76, "img_name": "PXL_20210225_140504783", "width": 3950, "height": 2968, "position": [2.8272406405463517, -1.4339267878592286, 1.2911409797596414], "rotation": [[-0.5721086842395623, 0.49162678729774206, -0.6565019081685731], [-0.6077162996443803, 0.28344002885132036, 0.741850826778069], [0.550792658415323, 0.8233862107517125, 0.1366111100156862]], "fy": 6391.028223011954, "fx": 6386.679943122922}, {"id": 77, "img_name": "PXL_20210225_140507343", "width": 3950, "height": 2968, "position": [3.2549567893193907, -0.8787828308154716, 0.8524707160863857], "rotation": [[-0.3826329308308941, 0.5673215256605224, -0.7292038993079899], [-0.6803293447608108, 0.36099066921153145, 0.6378383176005784], [0.6250952110687505, 0.7401567558729892, 0.24783856405831287]], "fy": 6391.028223011954, "fx": 6386.679943122922}, {"id": 78, "img_name": "PXL_20210225_140510515", "width": 3950, "height": 2968, "position": [3.4899171225365517, -0.1846502609197423, 0.2817160074667015], "rotation": [[-0.135550410504698, 0.6073188411771098, -0.7828089877890394], [-0.7257481390533843, 0.4770037845102987, 0.4957388710030737], [0.6744744063880833, 0.635319773589761, 0.37610245999367975]], "fy": 6391.028223011954, "fx": 6386.679943122922}, {"id": 79, "img_name": "PXL_20210225_140513663", "width": 3950, "height": 2968, "position": [3.4681760696791737, 0.7012360119098188, -0.4807445856706085], "rotation": [[0.14869817820147224, 0.6049216908768559, -0.7822778276969435], [-0.7328420288942672, 0.5985487220898352, 0.32354595959578814], [0.6639513630422769, 0.5251753756520872, 0.5323151438039235]], "fy": 6391.028223011954, "fx": 6386.679943122922}, {"id": 80, "img_name": "PXL_20210225_140516700", "width": 3950, "height": 2968, "position": [3.322574826418703, 1.3627827954448206, -1.0827816562036645], "rotation": [[0.375768946578381, 0.5480685398454916, -0.7472740959105999], [-0.6875874201762693, 0.7055125989483509, 0.17168433924061238], [0.6213060746546073, 0.44930262447127317, 0.6419547594967341]], "fy": 6391.028223011954, "fx": 6386.679943122922}, {"id": 81, "img_name": "PXL_20210225_140519915", "width": 3950, "height": 2968, "position": [2.6507138675211275, 1.9792306625759777, -1.5866706761362468], "rotation": [[0.6062806207480148, 0.4919428362750723, -0.6248328214354933], [-0.5901596462180702, 0.8049687400199557, 0.061130348980253234], [0.5330435262538733, 0.3316889709175187, 0.7783617575976567]], "fy": 6391.028223011954, "fx": 6386.679943122922}, {"id": 82, "img_name": "PXL_20210225_140525642", "width": 3950, "height": 2968, "position": [1.166211045580596, 3.008498986956438, -2.5004754060515504], "rotation": [[0.918332903577645, 0.1970133605147116, -0.3432934808372451], [-0.2661523109366803, 0.9493254656906661, -0.1671649113129447], [0.2929635226264804, 0.24488139163664582, 0.9242323725343012]], "fy": 6391.028223011954, "fx": 6386.679943122922}, {"id": 83, "img_name": "PXL_20210225_140528545", "width": 3950, "height": 2968, "position": [-0.2200482645753545, 3.329778877889866, -2.7386232499971555], "rotation": [[0.9997278370129419, 0.001324016536719644, -0.023291605389825356], [-0.006182974972208549, 0.9777230040252116, -0.20980824154548586], [0.022494948808963564, 0.20989515092094524, 0.97746509037303]], "fy": 6391.028223011954, "fx": 6386.679943122922}, {"id": 84, "img_name": "PXL_20210225_140531366", "width": 3950, "height": 2968, "position": [-1.3294287659093664, 3.2676513259125763, -2.733659039543699], "rotation": [[0.9716620194713723, -0.16851279128220914, 0.16575994416955278], [0.200057734639401, 0.9597757958677388, -0.19699574735866632], [-0.12589607908019074, 0.22457484463030827, 0.9662899753342716]], "fy": 6391.028223011954, "fx": 6386.679943122922}, {"id": 85, "img_name": "PXL_20210225_140535151", "width": 3950, "height": 2968, "position": [-2.338162780423278, 2.7829559210473143, -2.2674755140993303], "rotation": [[0.8645131516907127, -0.33142363724751744, 0.377856299705876], [0.39800590017826176, 0.9105227323519067, -0.11198061124011349], [-0.30693372896617654, 0.24719774785390716, 0.9190674401146381]], "fy": 6391.028223011954, "fx": 6386.679943122922}, {"id": 86, "img_name": "PXL_20210225_140538320", "width": 3950, "height": 2968, "position": [-3.1430179565761054, 2.0559062885903496, -1.5915129120533489], "rotation": [[0.6422909702088306, -0.49801858690456935, 0.5826146210710598], [0.6013498298312342, 0.7987400444205808, 0.019817255131679597], [-0.47522698971138455, 0.3376267592128686, 0.8125069105633941]], "fy": 6391.028223011954, "fx": 6386.679943122922}, {"id": 87, "img_name": "PXL_20210225_140541811", "width": 3950, "height": 2968, "position": [-3.4073790745802697, 1.586747822376629, -1.1495200875537352], "rotation": [[0.4374431375872944, -0.5955999200268514, 0.6737241547115494], [0.7142317298295439, 0.6853293701595231, 0.1421150607833276], [-0.5463666694468842, 0.41902791036010917, 0.725188991130422]], "fy": 6391.028223011954, "fx": 6386.679943122922}, {"id": 88, "img_name": "PXL_20210225_140545563", "width": 3950, "height": 2968, "position": [-3.3197169618974467, 0.6344403743192678, -0.482660552742642], "rotation": [[0.12819398873503754, -0.673665567927231, 0.7278330878996105], [0.7854910814324445, 0.5169978589344542, 0.34017197833930835], [-0.6054502970866308, 0.528098396557376, 0.5954343131792447]], "fy": 6391.028223011954, "fx": 6386.679943122922}, {"id": 89, "img_name": "PXL_20210225_140552219", "width": 3950, "height": 2968, "position": [-3.2249758263910553, -1.0861820365859576, 1.0826698483149326], "rotation": [[-0.518569580910081, -0.5500092990373713, 0.6546566739346373], [0.6516465259245092, 0.24147444005622623, 0.7190597332976236], [-0.5535723936444632, 0.7994872517882642, 0.23319034976342395]], "fy": 6391.028223011954, "fx": 6386.679943122922}, {"id": 90, "img_name": "PXL_20210225_140554823", "width": 3950, "height": 2968, "position": [-2.5919018787570955, -1.924148854204291, 1.7967368738011738], "rotation": [[-0.7986940845351294, -0.36568035952292116, 0.477876170140109], [0.46511577445231206, 0.12869299325290787, 0.8758455513634998], [-0.38177883084872216, 0.9218004058074578, 0.06729737118928686]], "fy": 6391.028223011954, "fx": 6386.679943122922}, {"id": 91, "img_name": "PXL_20210225_140559116", "width": 3950, "height": 2968, "position": [-1.6168004854543105, -2.339182983208447, 2.175339492584444], "rotation": [[-0.9425519847301367, -0.23276872218465133, 0.23961318422366493], [0.23064007246525786, 0.06545000228052744, 0.9708354413466265], [-0.24166280858770964, 0.9703272742605987, -0.008004234597789397]], "fy": 6391.028223011954, "fx": 6386.679943122922}, {"id": 92, "img_name": "PXL_20210225_140601507", "width": 3950, "height": 2968, "position": [-0.8891407904596602, -2.7490826436091806, 2.41782409698284], "rotation": [[-0.9846694979628863, -0.11120679368468048, 0.1343838860127597], [0.1295821969945879, 0.04936718582103065, 0.9903390001338773], [-0.11676657913792496, 0.9925703652650953, -0.03419994143184986]], "fy": 6391.028223011954, "fx": 6386.679943122922}, {"id": 93, "img_name": "PXL_20210225_140620600", "width": 3950, "height": 2968, "position": [-0.5993622157743529, -2.884841436796374, 2.0356275945520763], "rotation": [[-0.9975552341658461, -0.05060146909299224, 0.0481979886919946], [0.04734501888861899, 0.017922747444515132, 0.9987177901241551], [-0.051400427768249164, 0.9985580936779146, -0.015483203013908502]], "fy": 6391.028223011954, "fx": 6386.679943122922}, {"id": 94, "img_name": "PXL_20210225_140623609", "width": 3950, "height": 2968, "position": [0.1561117874411981, -2.7901543669279216, 1.9580004829891584], "rotation": [[-0.9864308483924372, 0.08823027414851582, -0.13845432482755254], [-0.13461971672027134, 0.048051270527396626, 0.9897315834461664], [0.0939771951588767, 0.9949404475265745, -0.03552172104064898]], "fy": 6391.028223011954, "fx": 6386.679943122922}, {"id": 95, "img_name": "PXL_20210225_140626679", "width": 3950, "height": 2968, "position": [0.9310223117540632, -2.5698932734281685, 1.7600088156759404], "rotation": [[-0.9185883566673138, 0.2703246854091825, -0.2883053857521059], [-0.2821257404311695, 0.06233884131061675, 0.9573499545360695], [0.2767679489778547, 0.9607488919184224, 0.01900181823182456]], "fy": 6391.028223011954, "fx": 6386.679943122922}, {"id": 96, "img_name": "PXL_20210225_140634049", "width": 3950, "height": 2968, "position": [2.4680022792212455, -1.8986038183264686, 1.1891872194553321], "rotation": [[-0.5930642766911614, 0.5159396274458741, -0.6181270618115678], [-0.5811925106215203, 0.2569806760868515, 0.7721244703513795], [0.5572163218268494, 0.8171702594618562, 0.14745418861734533]], "fy": 6391.028223011954, "fx": 6386.679943122922}, {"id": 97, "img_name": "PXL_20210225_140636663", "width": 3950, "height": 2968, "position": [2.8889296751021876, -1.