[{"id": 0, "img_name": "disk_000001", "width": 1280, "height": 720, "position": [-1.8039601012536348, -1.3342792621741753, -0.7359419605322997], "rotation": [[0.5826136240512979, -0.7576334828800153, 0.294198692534332], [0.7213034186714249, 0.648810236809822, 0.24241834671430726], [-0.3745433797075156, 0.07097029117793048, 0.9244893046906446]], "fy": 1117.671125637516, "fx": 1117.671125637516}, {"id": 1, "img_name": "disk_000009", "width": 1280, "height": 720, "position": [-1.8260356853102215, -1.639509969424523, -0.4770118093191309], "rotation": [[0.5309785327517808, -0.7849207220363008, 0.31931372954318493], [0.7471369594760209, 0.6114427294810003, 0.2606226244011659], [-0.3998101568766016, 0.100186070303394, 0.9111062450534902]], "fy": 1117.671125637516, "fx": 1117.671125637516}, {"id": 2, "img_name": "disk_000017", "width": 1280, "height": 720, "position": [-2.6215878488195057, -2.0763439107850665, 0.20396022828127863], "rotation": [[0.44170279368381293, -0.8252594884407242, 0.3519167782167669], [0.7877769089878577, 0.5444673236931593, 0.28803276739972605], [-0.4293089606768662, 0.15000703373163132, 0.8906131068615522]], "fy": 1117.671125637516, "fx": 1117.671125637516}, {"id": 3, "img_name": "disk_000025", "width": 1280, "height": 720, "position": [-3.1149436855882855, -2.6534378299356303, 0.802789214592059], "rotation": [[0.3394611696502305, -0.8589289883442566, 0.3834150587569679], [0.8237607634418194, 0.46824319488346067, 0.3196349715833367], [-0.454075234860313, 0.20733862020193236, 0.8665023817966748]], "fy": 1117.671125637516, "fx": 1117.671125637516}, {"id": 4, "img_name": "disk_000033", "width": 1280, "height": 720, "position": [-3.3752111642506333, -3.3135762979166214, 1.2005747465532532], "rotation": [[0.2455890709855549, -0.8780489523148991, 0.4107505880107289], [0.8463028383160325, 0.40083942937932815, 0.35085503803291995], [-0.4727129298746535, 0.26145322563235307, 0.8415371036001673]], "fy": 1117.671125637516, "fx": 1117.671125637516}, {"id": 5, "img_name": "disk_000041", "width": 1280, "height": 720, "position": [-3.76549492490072, -3.9975512111023614, 1.210119791055377], "rotation": [[0.19131551090907578, -0.88331935132896, 0.42795478599191356], [0.858862474300546, 0.3617173845590677, 0.36265104983453617], [-0.47513537599713945, 0.29817353550496856, 0.8278519899115568]], "fy": 1117.671125637516, "fx": 1117.671125637516}, {"id": 6, "img_name": "disk_000049", "width": 1280, "height": 720, "position": [-4.028608343451893, -3.935965227632086, 0.9792571883764567], "rotation": [[0.18903192682648817, -0.8793099573385701, 0.4371280471046299], [0.8629158295234791, 0.3612036613793817, 0.3534235223693165], [-0.4686610734828219, 0.3103963819559938, 0.8270495053323939]], "fy": 1117.671125637516, "fx": 1117.671125637516}, {"id": 7, "img_name": "disk_000057", "width": 1280, "height": 720, "position": [-3.6072920325614755, -3.0337840807247725, 0.3437772022957596], "rotation": [[0.23312435150782426, -0.8704127895457503, 0.43362957985963224], [0.8556752221746817, 0.3954719927785938, 0.3337990669310455], [-0.46203133107005323, 0.29322939607568804, 0.8369848089342615]], "fy": 1117.671125637516, "fx": 1117.671125637516}, {"id": 8, "img_name": "disk_000065", "width": 1280, "height": 720, "position": [-3.537420185534018, -2.366427873788218, 0.028575780994289354], "rotation": [[0.3126758911722396, -0.8515152227036971, 0.4208985775498876], [0.8355248768374831, 0.45733501744012484, 0.3045371274717569], [-0.4518096582249589, 0.2564498144411762, 0.8544597857171115]], "fy": 1117.671125637516, "fx": 1117.671125637516}, {"id": 9, "img_name": "disk_000073", "width": 1280, "height": 720, "position": [-3.2701676379447076, -1.8228161276513406, 0.03548326618083853], "rotation": [[0.40659559655720956, -0.8202706452676782, 0.40228856480446135], [0.7997820462269043, 0.5324207307078804, 0.277266738080125], [-0.4416205377848642, 0.20900773675783674, 0.872517659753643]], "fy": 1117.671125637516, "fx": 1117.671125637516}, {"id": 10, "img_name": "disk_000081", "width": 1280, "height": 720, "position": [-2.806471459078322, -1.3966686841088278, -0.15316190249119055], "rotation": [[0.5055942901168646, -0.7762687877387007, 0.37653842165695606], [0.7513149932647458, 0.6106890885220007, 0.25016917886854645], [-0.4241464307250721, 0.15641485333195226, 0.8919832952249305]], "fy": 1117.671125637516, "fx": 1117.671125637516}, {"id": 11, "img_name": "disk_000089", "width": 1280, "height": 720, "position": [-2.532671380764829, -0.6868688962333467, -0.14827605203327812], "rotation": [[0.602451392829673, -0.7207951469650247, 0.34279246693773113], [0.6933094484585512, 0.6853754408880606, 0.222671313162688], [-0.39544194005654815, 0.10351261343027095, 0.9126394747681851]], "fy": 1117.671125637516, "fx": 1117.671125637516}, {"id": 12, "img_name": "disk_000097", "width": 1280, "height": 720, "position": [-1.5843052923404362, -0.13362932621340012, -0.29379376273843083], "rotation": [[0.6933358987015722, -0.6528754657330397, 0.30502288080658735], [0.6266041346266248, 0.7552539272043715, 0.1922466226262304], [-0.3558828318990701, 0.057837113398232436, 0.932739126590741]], "fy": 1117.671125637516, "fx": 1117.671125637516}, {"id": 13, "img_name": "disk_000105", "width": 1280, "height": 720, "position": [-0.7537660317383648, 0.4548594885209733, -0.3609635804846652], "rotation": [[0.773656847297876, -0.5749173892691172, 0.2663176264258397], [0.5512126291875693, 0.8179791346857263, 0.1645441358508951], [-0.3124415466183045, 0.019496941677423104, 0.9497368842010869]], "fy": 1117.671125637516, "fx": 1117.671125637516}, {"id": 14, "img_name": "disk_000113", "width": 1280, "height": 720, "position": [0.0760634417316975, 0.8510234990181985, -0.41143676442523053], "rotation": [[0.8429357952428472, -0.48684645713029046, 0.2289973193685743], [0.4691380618431475, 0.8734846401304732, 0.13013094323101235], [-0.2633794297745435, -0.0022606715422859957, 0.9646896730741001]], "fy": 1117.671125637516, "fx": 1117.671125637516}, {"id": 15, "img_name": "disk_000121", "width": 1280, "height": 720, "position": [0.5684482016011023, 1.343358169510416, -0.5002351176197649], "rotation": [[0.8991636200225146, -0.3969835185641138, 0.18414361356415038], [0.3843083685570562, 0.9175943046893413, 0.10162563583416216], [-0.2093128335411404, -0.020610142894695357, 0.9776315050799248]], "fy": 1117.671125637516, "fx": 1117.671125637516}, {"id": 16, "img_name": "disk_000129", "width": 1280, "height": 720, "position": [1.424646962387109, 1.4269128966838367, -0.41541643796731736], "rotation": [[0.9409617088242999, -0.3034326806720717, 0.15006555509714445], [0.2970204445515026, 0.9527245005976959, 0.06399126096037315], [-0.1623881708896351, -0.015640788376272575, 0.9866029838258584]], "fy": 1117.671125637516, "fx": 1117.671125637516}, {"id": 17, "img_name": "disk_000137", "width": 1280, "height": 720, "position": [2.07645001040559, 1.5423057644744154, -0.3693970115208032], "rotation": [[0.9712673545849915, -0.21474713650790378, 0.10258359166615363], [0.21174221771285565, 0.9765284464118424, 0.03946424440572751], [-0.10865062887767388, -0.01660905506430512, 0.9939412357550906]], "fy": 1117.671125637516, "fx": 1117.671125637516}, {"id": 18, "img_name": "disk_000145", "width": 1280, "height": 720, "position": [2.6864961200943194, 1.8244455363958845, -0.3702711306142615], "rotation": [[0.989179048069325, -0.13108532902972034, 0.06588966059886607], [0.1300784079342514, 0.991314581371387, 0.01936513748370295], [-0.06785586673202465, -0.010584766111832214, 0.9976389848419135]], "fy": 1117.671125637516, "fx": 1117.671125637516}, {"id": 19, "img_name": "disk_000153", "width": 1280, "height": 720, "position": [3.0047111515996674, 1.912568077213822, -0.3621309536471807], "rotation": [[0.9982264032223618, -0.05312526155827093, 0.02686548890514281], [0.053061466638965, 0.9985864906275054, 0.003082449409988665], [-0.026991270215924526, -0.0016514601443681563, 0.9996343051393958]], "fy": 1117.671125637516, "fx": 1117.671125637516}, {"id": 20, "img_name": "disk_000161", "width": 1280, "height": 720, "position": [3.288196171902165, 1.9949989972256064, -0.18871523670052967], "rotation": [[0.9998003168521079, 0.0167652542101563, -0.01087440452133441], [-0.01680205413403643, 0.9998533844744624, -0.0033015953476765877], [0.010817458079497739, 0.0034836484081673686, 0.9999354213120297]], "fy": 1117.671125637516, "fx": 1117.671125637516}, {"id": 21, "img_name": "disk_000169", "width": 1280, "height": 720, "position": [3.9791464327827835, 1.9339998054616296, 0.15501345244167214], "rotation": [[0.9955655175945622, 0.08161883031257325, -0.04677249955987673], [-0.08203341075711101, 0.9966049216607544, -0.0070106805031086225], [0.046041499717389724, 0.010816499432299606, 0.9988809657030233]], "fy": 1117.671125637516, "fx": 1117.671125637516}, {"id": 22, "img_name": "disk_000177", "width": 1280, "height": 720, "position": [4.197737948747394, 1.8993886910164022, 0.23354758746415366], "rotation": [[0.9863904836417523, 0.1405635890909357, -0.0852976623528708], [-0.14196382119844012, 0.989815645699475, -0.010548032957319846], [0.08294629136813225, 0.022513661417147737, 0.996299677706395]], "fy": 1117.671125637516, "fx": 1117.671125637516}, {"id": 23, "img_name": "disk_000185", "width": 1280, "height": 720, "position": [4.489948308692383, 1.8369908537806903, 0.4136656785257955], "rotation": [[0.9740696315116142, 0.1934874622352591, -0.11726446573701377], [-0.1963726029618684, 0.9804369642496682, -0.013459566816034768], [0.11236615937553651, 0.03613808366051117, 0.993009509086664]], "fy": 1117.671125637516, "fx": 1117.671125637516}, {"id": 24, "img_name": "disk_000193", "width": 1280, "height": 720, "position": [4.8311457937641125, 2.151196646999767, 0.13860156949580643], "rotation": [[0.9591147767259045, 0.23713917800751608, -0.154479303856335], [-0.24211996307989567, 0.9701454382201368, -0.013991146445116717], [0.14654954296826803, 0.05082163864515137, 0.9878969543941379]], "fy": 1117.671125637516, "fx": 1117.671125637516}, {"id": 25, "img_name": "disk_000201", "width": 1280, "height": 720, "position": [5.02014677795009, 1.9975263391725178, 0.20042610921549034], "rotation": [[0.9475800933332661, 0.26955333788046276, -0.17156038224491055], [-0.2763484042768214, 0.9609144862227484, -0.01658039869622714], [0.1603855547490896, 0.06312169361457623, 0.985034073330996]], "fy": 1117.671125637516, "fx": 1117.671125637516}, {"id": 26, "img_name": "disk_000209", "width": 1280, "height": 720, "position": [5.016081862953574, 2.159914547511995, 0.16817581385812638], "rotation": [[0.9397358291687479, 0.28892807872811055, -0.18280354673530982], [-0.2975755323387922, 0.9544633904993265, -0.02117637244228595], [0.16836084440810534, 0.07429805864901692, 0.9829213725172411]], "fy": 1117.671125637516, "fx": 1117.671125637516}, {"id": 27, "img_name": "disk_000002", "width": 1280, "height": 720, "position": [-1.8122823969941064, -1.3729590524262143, -0.7367342537306144], "rotation": [[0.578003118875027, -0.7603561691561042, 0.29626152399019917], [0.7241169190414254, 0.6452957761891034, 0.24340922084106906], [-0.37625401277420967, 0.07383669317322218, 0.9235697378176423]], "fy": 1117.671125637516, "fx": 1117.671125637516}, {"id": 28, "img_name": "disk_000003", "width": 1280, "height": 720, "position": [-1.8012532611930747, -1.419483174451353, -0.7319572814959204], "rotation": [[0.5730403685510813, -0.7633753173165698, 0.2981322876218999], [0.7269442279874574, 0.6414407112560149, 0.24516505325820206], [-0.378387136946488, 0.07623607318851115, 0.9225027022931886]], "fy": 1117.671125637516, "fx": 1117.671125637516}, {"id": 29, "img_name": "disk_000004", "width": 1280, "height": 720, "position": [-1.7986546362933173, -1.469240808989837, -0.7225612816511157], "rotation": [[0.5675985585481904, -0.7661398978888346, 0.3014324687171285], [0.729597971863975, 0.63770986665838, 0.24700794606353363], [-0.3814691020069527, 0.07972316369435715, 0.9209373167510218]], "fy": 1117.671125637516, "fx": 1117.671125637516}, {"id": 30, "img_name": "disk_000005", "width": 1280, "height": 720, "position": [-1.7784794019189993, -1.4969306260365816, -0.7061154454804582], "rotation": [[0.5624141880094178, -0.7694159029486886, 0.3028026575434268], [0.7327969988258152, 0.6334459808344676, 0.24850502585770287], [-0.38301284526447094, 0.0821301263502849, 0.9200846714884997]], "fy": 1117.671125637516, "fx": 1117.671125637516}, {"id": 31, "img_name": "disk_000006", "width": 1280, "height": 720, "position": [-1.7959468248926278, -1.5234211123937274, -0.6669753037879212], "rotation": [[0.5564989532279587, -0.7723414641164165, 0.3062639023174233], [0.7354553606075775, 0.6294105704807255, 0.25089389454649147], [-0.3865414953271696, 0.08562123903353606, 0.9182889936270595]], "fy": 1117.671125637516, "fx": 1117.671125637516}, {"id": 32, "img_name": "disk_000007", "width": 1280, "height": 720, "position": [-1.8081301529831446, -1.5490667441552894, -0.6335258216832432], "rotation": [[0.5504909883353583, -0.775276422974171, 0.3096871643157572], [0.738428545325952, 0.6252310334793539, 0.2526053012550155], [-0.38946496018173277, 0.08962490030517932, 0.9166702908003117]], "fy": 1117.671125637516, "fx": 1117.671125637516}, {"id": 33, "img_name": "disk_000008", "width": 1280, "height": 720, "position": [-1.8199959800073713, -1.5771795230092729, -0.5908445007007387], "rotation": [[0.5442522254105662, -0.778415988266864, 0.3128227362999178], [0.7412819913544926, 0.6208160085323624, 0.2551244653957433], [-0.3927983253899695, 0.09303780285705011, 0.9149062480988793]], "fy": 1117.671125637516, "fx": 1117.671125637516}, {"id": 34, "img_name": "disk_000010", "width": 1280, "height": 720, "position": [-1.8286735936438279, -1.6848341148591246, -0.42158426195061377], "rotation": [[0.5240092836509177, -0.7881650568092884, 0.32281591328877113], [0.7498936951522052, 0.6066481447320662, 0.2638891329026521], [-0.4038238683121933, 0.10379726257446995, 0.9089292665897732]], "fy": 1117.671125637516, "fx": 1117.671125637516}, {"id": 35, "img_name": "disk_000011", "width": 1280, "height": 720, "position": [-1.9028281064831305, -1.7349157530494281, -0.34549453738420755], "rotation": [[0.5101662836448929, -0.794544854904561, 0.3292853421831117], [0.7566154965631562, 0.5966561757621186, 0.26745915255495084], [-0.40897842656116623, 0.11269375080107213, 0.9055588137376492]], "fy": 1117.671125637516, "fx": 1117.671125637516}, {"id": 36, "img_name": "disk_000012", "width": 1280, "height": 720, "position": [-1.9251754095419258, -1.7854804324828932, -0.30059587409441524], "rotation": [[0.503156527013539, -0.798099680842312, 0.3314670553208469], [0.7598221161953191, 0.5912815147137821, 0.27028970031845884], [-0.4117084661069535, 0.11585797252315086, 0.9039209418631058]], "fy": 1117.671125637516, "fx": 1117.671125637516}, {"id": 37, "img_name": "disk_000013", "width": 1280, "height": 720, "position": [-2.0314787465993667, -1.8514965652141464, -0.13401009445195142], "rotation": [[0.48845753952776594, -0.8047807754833033, 0.3372493669244967], [0.766829366833477, 0.5803309885378941, 0.2742055176403253], [-0.4163915876194538, 0.12467496603217221, 0.9005965792765523]], "fy": 1117.671125637516, "fx": 1117.671125637516}, {"id": 38, "img_name": "disk_000014", "width": 1280, "height": 720, "position": [-2.110932782126612, -1.8712186405633868, -0.04516636588663387], "rotation": [[0.4810563360559683, -0.8082156439797066, 0.33966494427137395], [0.7706014506210291, 0.5745645408348377, 0.27576981835584885], [-0.41804091407561184, 0.12908548036754725, 0.8992100605070579]], "fy": 1117.671125637516, "fx": 1117.671125637516}, {"id": 39, "img_name": "disk_000015", "width": 1280, "height": 720, "position": [-2.2949767543533492, -1.9475731841849708, 0.09016292375699804], "rotation": [[0.46561926558367633, -0.8149922263231667, 0.3449440107468545], [0.777587704653258, 0.5628649698256866, 0.2802505795091363], [-0.4225589439230882, 0.13773415254009153, 0.8958087084498941]], "fy": 1117.671125637516, "fx": 1117.671125637516}, {"id": 40, "img_name": "disk_000016", "width": 1280, "height": 720, "position": [-2.391264254489168, -1.99877329262364, 0.13261507572988884], "rotation": [[0.4578045713279927, -0.8186843831621158, 0.34665668209001643], [0.7808503367520561, 0.5566890823101198, 0.28349606210830725], [-0.4250737889653906, 0.1409011937606722, 0.8941247829757455]], "fy": 1117.671125637516, "fx": 1117.671125637516}, {"id": 41, "img_name": "disk_000018", "width": 1280, "height": 720, "position": [-2.7321210483558134, -2.1075325033206327, 0.2550613381685435], "rotation": [[0.43363677242847853, -0.828319150943272, 0.35474855007234213], [0.7912843125272365, 0.5383835427538382, 0.2898487495921355], [-0.4310780513388616, 0.15501788629846336, 0.8888988517156756]], "fy": 1117.671125637516, "fx": 1117.671125637516}, {"id": 42, "img_name": "disk_000019", "width": 1280, "height": 720, "position": [-2.9279011024898063, -2.182508649098494, 0.3725186193067823], "rotation": [[0.416943849426688, -0.8347143052424885, 0.3597358128527168], [0.7979728491297401, 0.5256549335088411, 0.29483253370274576], [-0.4351978383184138, 0.16413079997783886, 0.8852479438110062]], "fy": 1117.671125637516, "fx": 1117.671125637516}, {"id": 43, "img_name": "disk_000020", "width": 1280, "height": 720, "position": [-3.002247014595267, -2.2217323916138727, 0.43537072791265274], "rotation": [[0.4084071481703182, -0.8376974660206843, 0.3625831721769669], [0.8011061993773332, 0.5193409610387985, 0.29751272831007036], [-0.43752995170912845, 0.16896130210738067, 0.8831871940577412]], "fy": 1117.671125637516, "fx": 1117.671125637516}, {"id": 44, "img_name": "disk_000021", "width": 1280, "height": 720, "position": [-3.0729229097167825, -2.3007762301313925, 0.5795103620993433], "rotation": [[0.39107464690134097, -0.8434593148238481, 0.368289294967796], [0.8069838477212744, 0.5066570085786446, 0.3034398542958821], [-0.4425355240745747, 0.17853587845311097, 0.8787987540028818]], "fy": 1117.671125637516, "fx": 1117.671125637516}, {"id": 45, "img_name": "disk_000022", "width": 1280, "height": 720, "position": [-3.0962240521944304, -2.347297558775537, 0.6321034686149812], "rotation": [[0.38241944346735374, -0.8463437400170665, 0.3707528057777094], [0.8098623539518146, 0.5001931239863404, 0.30647969976559836], [-0.44483517948757756, 0.18305494380297382, 0.8767055096436571]], "fy": 1117.671125637516, "fx": 1117.671125637516}, {"id": 46, "img_name": "disk_000023", "width": 1280, "height": 720, "position": [-3.1093268765737756, -2.4557716388133497, 0.7200441514877703], "rotation": [[0.3648495079944819, -0.8517191666802107, 0.3761107518082294], [0.8156554974470591, 0.4871857126644208, 0.3120195360230685], [-0.44898880386995715, 0.19293662815864573, 0.872458888151297]], "fy": 1117.671125637516, "fx": 1117.671125637516}, {"id": 47, "img_name": "disk_000024", "width": 1280, "height": 720, "position": [-3.112307427051391, -2.521544465557426, 0.7519397085671059], "rotation": [[0.3565007865796954, -0.8541353307887055, 0.3786291402765077], [0.81830897774618, 0.48101901216360454, 0.31462855381727795], [-0.45086317892245326, 0.19767029780829246, 0.8704302655907139]], "fy": 1117.671125637516, "fx": 1117.671125637516}, {"id": 48, "img_name": "disk_000026", "width": 1280, "height": 720, "position": [-3.101541370308916, -2.719863148509491, 0.8262015707819322], "rotation": [[0.3311589688853853, -0.861326082427543, 0.3852935466067263], [0.8264793921430935, 0.46179530702893845, 0.3219889885831984], [-0.4552642657726949, 0.21180763474452383, 0.8647959147535211]], "fy": 1117.671125637516, "fx": 1117.671125637516}, {"id": 49, "img_name": "disk_000027", "width": 1280, "height": 720, "position": [-3.0816274399805077, -2.8426703544014966, 0.8864481839700559], "rotation": [[0.3142535448759041, -0.8650911700037889, 0.3909756733025773], [0.8308425070926994, 0.44986846871649877, 0.3275959237575925], [-0.4592879684259603, 0.22189102829124957, 0.860127277571759]], "fy": 1117.671125637516, "fx": 1117.671125637516}, {"id": 50, "img_name": "disk_000028", "width": 1280, "height": 720, "position": [-3.0899901455844185, -2.9038624258565306, 0.8989536483651788], "rotation": [[0.30604261894208107, -0.8668516204411155, 0.3935812286297258], [0.8329657282911725, 0.44400103738098334, 0.33019868912060696], [-0.4609837425370106, 0.22678480315758132, 0.8579409316341936]], "fy": 1117.671125637516, "fx": 1117.671125637516}, {"id": 51, "img_name": "disk_000029", "width": 1280, "height": 720, "position": [-3.0940834473923537, -3.014798147648012, 0.953462633064794], "rotation": [[0.2897510240823196, -0.8701341476889777, 0.39863631177907416], [0.8366911662936203, 0.43252770093581283, 0.33595785475175544], [-0.4647496490471709, 0.23619134816660045, 0.8533588991519191]], "fy": 1117.671125637516, "fx": 1117.671125637516}, {"id": 52, "img_name": "disk_000030", "width": 1280, "height": 720, "position": [-3.128904062917269, -3.0742205789747423, 1.0053228826035476], "rotation": [[0.2815496428055431, -0.8714941586852306, 0.40153172977187374], [0.8380828695918411, 0.4271237937203586, 0.3393852803741393], [-0.4672760451090722, 0.24096305985658964, 0.8506408768991611]], "fy": 1117.671125637516, "fx": 1117.671125637516}, {"id": 53, "img_name": "disk_000031", "width": 1280, "height": 720, "position": [-3.204243034591904, -3.184745676082627, 1.0789997465508132], "rotation": [[0.2665314014897313, -0.873988241072523, 0.4063318428167757], [0.8412212035254686, 0.4167136575489827, 0.3445237500540575], [-0.47043373471625227, 0.24998856389664384, 0.8462847151885778]], "fy": 1117.671125637516, "fx": 1117.671125637516}, {"id": 54, "img_name": "disk_000032", "width": 1280, "height": 720, "position": [-3.2676910519771494, -3.2260425449767625, 1.1202719050871806], "rotation": [[0.2595707931751369, -0.8756783805331384, 0.40719820382375277], [0.8431162566713887, 0.411102753227787, 0.3466258848166976], [-0.47093309616850626, 0.25334146947429176, 0.8450089459749824]], "fy": 1117.671125637516, "fx": 1117.671125637516}, {"id": 55, "img_name": "disk_000034", "width": 1280, "height": 720, "position": [-3.4303326738933193, -3.349406865141692, 1.234083706742856], "rotation": [[0.23954191829393925, -0.8789927426114363, 0.4123001671312843], [0.8478683797428166, 0.3962846725681536, 0.35224660242483813], [-0.47301044387238467, 0.26519844781592633, 0.8401969431411145]], "fy": 1117.671125637516, "fx": 1117.671125637516}, {"id": 56, "img_name": "disk_000035", "width": 1280, "height": 720, "position": [-3.526328610513194, -3.4587149741345984, 1.2442078747233323], "rotation": [[0.22790752474791054, -0.880719954597451, 0.4151993758872287], [0.8506006505922801, 0.3876116052799628, 0.3552967445168617], [-0.47385302929839995, 0.27219405766135674, 0.8374805678931158]], "fy": 1117.671125637516, "fx": 1117.671125637516}, {"id": 57, "img_name": "disk_000036", "width": 1280, "height": 720, "position": [-3.5923338758040413, -3.5166916103428907, 1.2437548539295658], "rotation": [[0.22253111171924558, -0.8810696864009676, 0.4173680773876908], [0.8517598585419889, 0.3839840630173981, 0.3564567052605158], [-0.47432588764849015, 0.27617466765427906, 0.8359081918802569]], "fy": 1117.671125637516, "fx": 1117.671125637516}, {"id": 58, "img_name": "disk_000037", "width": 1280, "height": 720, "position": [-3.7008030357587405, -3.6479159161493997, 1.203397519612939], "rotation": [[0.2129964984328369, -0.8817160356543453, 0.42096237851539137], [0.8542466163635346, 0.37717454266438405, 0.3577737871859326], [-0.4742311778940759, 0.28340112356146, 0.8335397969367145]], "fy": 1117.671125637516, "fx": 1117.671125637516}, {"id": 59, "img_name": "disk_000038", "width": 1280, "height": 720, "position": [-3.746824334777897, -3.7105079493765185, 1.2033586122908622], "rotation": [[0.20874334374134088, -0.8818136856236275, 0.4228839560571652], [0.8552501845393693, 0.3743182949206993, 0.35837541200957834], [-0.4743135442816902, 0.28686309963906903, 0.8323077698642533]], "fy": 1117.671125637516, "fx": 1117.671125637516}, {"id": 60, "img_name": "disk_000039", "width": 1280, "height": 720, "position": [-3.7722194772288478, -3.836243238962931, 1.1896597480803297], "rotation": [[0.20091451057052617, -0.8825802439876911, 0.4250711380049624], [0.8571777119733422, 0.3684454284143736, 0.3598532150428758], [-0.47421485588112, 0.2920617729234288, 0.830554147096065]], "fy": 1117.671125637516, "fx": 1117.671125637516}, {"id": 61, "img_name": "disk_000040", "width": 1280, "height": 720, "position": [-3.766473613855059, -3.888646004565552, 1.2053489522522551], "rotation": [[0.1973693123813164, -0.8826382832508572, 0.426608738154888], [0.8576749534422691, 0.36623401203509365, 0.3609242616761587], [-0.47480420045312116, 0.29465625628630104, 0.8293001036195606]], "fy": 1117.671125637516, "fx": 1117.671125637516}, {"id": 62, "img_name": "disk_000042", "width": 1280, "height": 720, "position": [-3.764889866088299, -4.035114840285653, 1.2288193921831185], "rotation": [[0.18910375001367674, -0.8834883723386237, 0.4285884595660666], [0.8590454362968477, 0.3602803826504652, 0.3636467850191896], [-0.47568972041481317, 0.2994099895121796, 0.8270870256943904]], "fy": 1117.671125637516, "fx": 1117.671125637516}, {"id": 63, "img_name": "disk_000043", "width": 1280, "height": 720, "position": [-3.798868685622686, -4.059264153650026, 1.2287845664685668], "rotation": [[0.18504145177701922, -0.8829316859764593, 0.43149889805539454], [0.8603232242004492, 0.35776082773985685, 0.36311312291934034], [-0.47497748475648455, 0.3040375437896761, 0.8258072177819373]], "fy": 1117.671125637516, "fx": 1117.671125637516}, {"id": 64, "img_name": "disk_000044", "width": 1280, "height": 720, "position": [-3.816981917750024, -4.0782273956369, 1.2124417239159835], "rotation": [[0.18418673794525878, -0.8832452235750471, 0.4312228201254537], [0.8602716165563317, 0.3570688413068284, 0.3639156335132561], [-0.47540297781212965, 0.30394031914121544, 0.8255981414027624]], "fy": 1117.671125637516, "fx": 1117.671125637516}, {"id": 65, "img_name": "disk_000045", "width": 1280, "height": 720, "position": [-3.9118566956258713, -4.078046692614231, 1.169069777908483], "rotation": [[0.18283707809821131, -0.8821485652827684, 0.43403284627094973], [0.8611868768988888, 0.3566704554183145, 0.36213719677607054], [-0.4742655015175011, 0.30757128442240095, 0.8249073518093457]], "fy": 1117.671125637516, "fx": 1117.671125637516}, {"id": 66, "img_name": "disk_000046", "width": 1280, "height": 720, "position": [-3.953266204271354, -4.0711896640991405, 1.1472645886311617], "rotation": [[0.18306123810837865, -0.8816815743357118, 0.4348864042242848], [0.8616813092772244, 0.35685869913575213, 0.3607730451314611], [-0.4732799428926986, 0.3086899258609507, 0.8250555286327368]], "fy": 1117.671125637516, "fx": 1117.671125637516}, {"id": 67, "img_name": "disk_000047", "width": 1280, "height": 720, "position": [-3.992293831759958, -4.028965085775757, 1.1104969009875554], "rotation": [[0.18445698872826743, -0.8807920069002826, 0.43609753483581204], [0.8623992559201495, 0.35787706178110174, 0.3580384505039897], [-0.4714267097838988, 0.310047495122115, 0.825607296522281]], "fy": 1117.671125637516, "fx": 1117.671125637516}, {"id": 68, "img_name": "disk_000048", "width": 1280, "height": 720, "position": [-4.003492585209431, -4.0070305558813155, 1.0695230210002522], "rotation": [[0.1856856869118416, -0.8805015479332128, 0.43616264141177186], [0.862685672246472, 0.3585892762317347, 0.35663309138700694], [-0.4704192349136355, 0.31004960096542133, 0.8261809658691326]], "fy": 1117.671125637516, "fx": 1117.671125637516}, {"id": 69, "img_name": "disk_000050", "width": 1280, "height": 720, "position": [-4.038555994279894, -3.907045049093373, 0.9086318574029465], "rotation": [[0.19112642453501258, -0.8790099931938015, 0.4368204685106867], [0.8626037527307588, 0.36277158018000255, 0.3525784258693609], [-0.4683860113402989, 0.3094159215023324, 0.8275725538595319]], "fy": 1117.671125637516, "fx": 1117.671125637516}, {"id": 70, "img_name": "disk_000051", "width": 1280, "height": 720, "position": [-4.011340819009009, -3.78021076570339, 0.7526127812760068], "rotation": [[0.19683118276150172, -0.8778672354317382, 0.4365851605908584], [0.8629957356484232, 0.3664550514694829, 0.34777730734643314], [-0.4652911408412426, 0.30831771309468414, 0.8297254618527258]], "fy": 1117.671125637516, "fx": 1117.671125637516}, {"id": 71, "img_name": "disk_000052", "width": 1280, "height": 720, "position": [-3.9700605723706253, -3.703433948422233, 0.6981064952821939], "rotation": [[0.1999598805778756, -0.8770520725448837, 0.43680168063322006], [0.8627795469754478, 0.368891868718758, 0.3457314601161188], [-0.4643570818670936, 0.3077311346580102, 0.8304661638393048]], "fy": 1117.671125637516, "fx": 1117.671125637516}, {"id": 72, "img_name": "disk_000053", "width": 1280, "height": 720, "position": [-3.891536755189182, -3.542061897933347, 0.6066145820326829], "rotation": [[0.20666296462648878, -0.8755526004092602, 0.4366898933664168], [0.8616824478866718, 0.3742899315667237, 0.3426520190102635], [-0.4634584965839155, 0.3054745341994309, 0.8318001748616175]], "fy": 1117.671125637516, "fx": 1117.671125637516}, {"id": 73, "img_name": "disk_000054", "width": 1280, "height": 720, "position": [-3.8487877791517633, -3.453656604150021, 0.5648571570454609], "rotation": [[0.21024598850857235, -0.8748341466686741, 0.4364193397851957], [0.8609420493871753, 0.37718568190148616, 0.3413352442475306], [-0.46322285340110725, 0.30396739494722746, 0.832483279649467]], "fy": 1117.671125637516, "fx": 1117.671125637516}, {"id": 74, "img_name": "disk_000055", "width": 1280, "height": 720, "position": [-3.745488912007351, -3.2727723029330598, 0.48353247623222506], "rotation": [[0.2186442331271653, -0.8732891537013482, 0.4353857523482102], [0.8592066128670176, 0.38379461026266454, 0.3383277900777832], [-0.46255669460707294, 0.30011289735849833, 0.834250294044459]], "fy": 1117.671125637516, "fx": 1117.671125637516}, {"id": 75, "img_name": "disk_000056", "width": 1280, "height": 720, "position": [-3.693141536241864, -3.190087877786661, 0.44118745965266787], "rotation": [[0.2232151570106215, -0.8724395065367814, 0.4347692504243841], [0.8580876504991218, 0.3874704963940577, 0.33697507101422164], [-0.4624506219496529, 0.29785218122081925, 0.835118854056343]], "fy": 1117.671125637516, "fx": 1117.671125637516}, {"id": 76, "img_name": "disk_000058", "width": 1280, "height": 720, "position": [-3.5701865036031486, -2.9593676854767073, 0.29207653297529584], "rotation": [[0.23853707054099726, -0.8692611370237382, 0.43299554459361067], [0.8544987795791587, 0.3997295913793758, 0.3317349687226323], [-0.46144544821186373, 0.2908630767833474, 0.8381329064585622]], "fy": 1117.671125637516, "fx": 1117.671125637516}, {"id": 77, "img_name": "disk_000059", "width": 1280, "height": 720, "position": [-3.541465519947908, -2.8284038061010945, 0.20532742505803186], "rotation": [[0.2501161775044856, -0.8666537086039747, 0.431686514861794], [0.8517120184454575, 0.4089825464339928, 0.327597183058603], [-0.46046556373534564, 0.2857352377207685, 0.8404325306284535]], "fy": 1117.671125637516, "fx": 1117.671125637516}, {"id": 78, "img_name": "disk_000060", "width": 1280, "height": 720, "position": [-3.535654388608646, -2.7706856683429915, 0.17721021568482806], "rotation": [[0.2561090648834721, -0.8651024367582687, 0.43128403726479186], [0.850172952050883, 0.4139112833664826, 0.3253972973197503], [-0.4600153241856189, 0.2833288256016608, 0.8414931242128979]], "fy": 1117.671125637516, "fx": 1117.671125637516}, {"id": 79, "img_name": "disk_000061", "width": 1280, "height": 720, "position": [-3.5045612299772504, -2.668912677018955, 0.13372650386904253], "rotation": [[0.26905583326784194, -0.862267913144674, 0.42907226028453094], [0.8467148961691224, 0.4240810389003083, 0.3212929458462284], [-0.4590020078276995, 0.27685613304813067, 0.844196563842673]], "fy": 1117.671125637516, "fx": 1117.671125637516}, {"id": 80, "img_name": "disk_000062", "width": 1280, "height": 720, "position": [-3.497029984384318, -2.62070161202171, 0.12395357044029016], "rotation": [[0.275586592070806, -0.8605073257020791, 0.428461401626629], [0.8447214428323095, 0.42952027119182373, 0.3193086604754148], [-0.45880029892111085, 0.27393334782088596, 0.8452590174979152]], "fy": 1117.671125637516, "fx": 1117.671125637516}, {"id": 81, "img_name": "disk_000063", "width": 1280, "height": 720, "position": [-3.481791884769895, -2.5249312734170712, 0.07546452674157784], "rotation": [[0.28954892240484303, -0.8569032895531464, 0.4264717738458086], [0.840914058549251, 0.4405593037766219, 0.31427861204683505], [-0.45719248426502046, 0.2676270767483265, 0.8481454946662893]], "fy": 1117.671125637516, "fx": 1117.671125637516}, {"id": 82, "img_name": "disk_000064", "width": 1280, "height": 720, "position": [-3.5183923003121316, -2.4687251113789426, 0.051718407739870895], "rotation": [[0.2968551411333902, -0.855324566370907, 0.4246138379105122], [0.8396066034047963, 0.4456094308116391, 0.31063320281448914], [-0.45490414012375785, 0.26429551894450787, 0.8504176044533167]], "fy": 1117.671125637516, "fx": 1117.671125637516}, {"id": 83, "img_name": "disk_000066", "width": 1280, "height": 720, "position": [-3.5484968486110966, -2.310413419499056, 0.03789970333804029], "rotation": [[0.3199878724692057, -0.849325864823241, 0.41982536466355286], [0.8332369345006543, 0.4631839400393329, 0.3019550441267584], [-0.450914595524013, 0.2531920477264116, 0.8559029235325246]], "fy": 1117.671125637516, "fx": 1117.671125637516}, {"id": 84, "img_name": "disk_000067", "width": 1280, "height": 720, "position": [-3.544467187102269, -2.1983925149125723, 0.04766975952336562], "rotation": [[0.3353501258175533, -0.8448190577379728, 0.4169185205731149], [0.8282485583015718, 0.4752702347415568, 0.2968543913100724], [-0.44893721029284167, 0.24576200611858062, 0.8591020996150875]], "fy": 1117.671125637516, "fx": 1117.671125637516}, {"id": 85, "img_name": "disk_000068", "width": 1280, "height": 720, "position": [-3.5315831921380934, -2.15115497646971, 0.05166081003161528], "rotation": [[0.3429530130030129, -0.842504561887362, 0.4154146050286865], [0.8253972062170519, 0.4814011833409881, 0.2949107536984397], [-0.44844473777851446, 0.24174152286456865, 0.8604988978969575]], "fy": 1117.671125637516, "fx": 1117.671125637516}, {"id": 86, "img_name": "disk_000069", "width": 1280, "height": 720, "position": [-3.476871641956286, -2.052692401773396, 0.06398144302343056], "rotation": [[0.3583982853943794, -0.837489796382424, 0.4125063756861161], [0.8195859271381594, 0.4938354101110979, 0.2905262393614168], [-0.4470230162569401, 0.23396031431789854, 0.8633846154876851]], "fy": 1117.671125637516, "fx": 1117.671125637516}, {"id": 87, "img_name": "disk_000070", "width": 1280, "height": 720, "position": [-3.4393346287548283, -2.008276748069876, 0.0650479812745793], "rotation": [[0.36628973814772403, -0.8347971389280928, 0.41102988281284636], [0.8164779391963504, 0.5002227843354048, 0.2883417084596256], [-0.4463133456814308, 0.22998022277840655, 0.8648199203287598]], "fy": 1117.671125637516, "fx": 1117.671125637516}, {"id": 88, "img_name": "disk_000071", "width": 1280, "height": 720, "position": [-3.3713311795211127, -1.9264092044801315, 0.06739560862015195], "rotation": [[0.3822424995768558, -0.8292569322445853, 0.40770530023723855], [0.8099961355547711, 0.5130337028084219, 0.28408217150855647], [-0.4447436698858956, 0.22165143831470915, 0.8677981954287796]], "fy": 1117.671125637516, "fx": 1117.671125637516}, {"id": 89, "img_name": "disk_000072", "width": 1280, "height": 720, "position": [-3.3382456538142242, -1.8881039175848218, 0.06491778561865774], "rotation": [[0.39032180897620045, -0.8261913978354193, 0.4062716573677056], [0.8066861627985432, 0.519578430782377, 0.2815949023243932], [-0.4437412761811868, 0.21782109266202546, 0.8692799614650121]], "fy": 1117.671125637516, "fx": 1117.671125637516}, {"id": 90, "img_name": "disk_000074", "width": 1280, "height": 720, "position": [-3.228410473398423, -1.7984063167603215, 0.02383973872700684], "rotation": [[0.4147713972774762, -0.8171447603474785, 0.40029879919524075], [0.7959315170978752, 0.5390144058261624, 0.27560205079451694], [-0.4409735911489084, 0.204298582835346, 0.8739590270491546]], "fy": 1117.671125637516, "fx": 1117.671125637516}, {"id": 91, "img_name": "disk_000075", "width": 1280, "height": 720, "position": [-3.145439932327311, -1.7368306635881992, 0.0008969163464383779], "rotation": [[0.4313480422352619, -0.8105522378332765, 0.3961615026769689], [0.7885242812287839, 0.5520773202099426, 0.2709983218074202], [-0.43837007695831187, 0.19548836858819973, 0.8772775919709151]], "fy": 1117.671125637516, "fx": 1117.671125637516}, {"id": 92, "img_name": "disk_000076", "width": 1280, "height": 720, "position": [-3.0990162842232936, -1.7103832941002202, -0.016151838712435918], "rotation": [[0.4396801690766901, -0.8070625464677487, 0.39412104106439994], [0.7845311288146052, 0.5587360354211938, 0.26893298541214267], [-0.43725536799629405, 0.1909557247395312, 0.8788308451275627]], "fy": 1117.671125637516, "fx": 1117.671125637516}, {"id": 93, "img_name": "disk_000077", "width": 1280, "height": 720, "position": [-3.0009984264553458, -1.638334717551762, -0.06171321611781655], "rotation": [[0.4562214414851167, -0.7997187366937613, 0.3902716214512359], [0.7766312547004005, 0.5719281131974466, 0.26408734834688746], [-0.43440291268789166, 0.18261482830083398, 0.8820124341146972]], "fy": 1117.671125637516, "fx": 1117.671125637516}, {"id": 94, "img_name": "disk_000078", "width": 1280, "height": 720, "position": [-2.960614997014044, -1.6028386090398037, -0.0762571943777824], "rotation": [[0.4644506619382774, -0.7960130417860578, 0.3881350537269257], [0.7724819220383682, 0.5784709455322302, 0.26199817804510805], [-0.4330788181717093, 0.17814208509376783, 0.8835768980510075]], "fy": 1117.671125637516, "fx": 1117.671125637516}, {"id": 95, "img_name": "disk_000079", "width": 1280, "height": 720, "position": [-2.882566034126816, -1.5291828178979219, -0.09667361232314839], "rotation": [[0.4808217010167619, -0.7882752134384987, 0.38396963383819427], [0.764302379514194, 0.5914098521482406, 0.2570530284803839], [-0.4297119552680477, 0.16987223039827734, 0.8868433124510925]], "fy": 1117.671125637516, "fx": 1117.671125637516}, {"id": 96, "img_name": "disk_000080", "width": 1280, "height": 720, "position": [-2.8586914923038704, -1.4954644216741129, -0.1043203270911337], "rotation": [[0.4890049786386235, -0.7843476190470474, 0.38167125037375715], [0.7598434344586429, 0.5979167429850212, 0.25521270259976914], [-0.42838310654918854, 0.16521011153501472, 0.8883656527972333]], "fy": 1117.671125637516, "fx": 1117.671125637516}, {"id": 97, "img_name": "disk_000082", "width": 1280, "height": 720, "position": [-2.785289200398264, -1.33993529247049, -0.1654291317729663], "rotation": [[0.5139565303051319, -0.7720944937847037, 0.3737897505604612], [0.7467411326476365, 0.6171464106547151, 0.2480080414585915], [-0.422168646122417, 0.1516588292297674, 0.8937411447101569]], "fy": 1117.671125637516, "fx": 1117.671125637516}, {"id": 98, "img_name": "disk_000083", "width": 1280, "height": 720, "position": [-2.7924534758383084, -1.2078878505223893, -0.19957481214936096], "rotation": [[0.5303912388358001, -0.7635991026618507, 0.3682411494934285], [0.7379670261699872, 0.629658872141753, 0.2427640274402303], [-0.4172407003781516, 0.1429899127462913, 0.8974765082166538]], "fy": 1117.671125637516, "fx": 1117.671125637516}, {"id": 99, "img_name": "disk_000084", "width": 1280, "height": 720, "position": [-2.7791434660986853, -1.1434228182762516, -0.20057552796305825], "rotation": [[0.5387191820500595, -0.7591457144942854, 0.3653483639709858], [0.7332510961799182, 0.6360411681063447, 0.240404788689545], [-0.4148788652634202, 0.13838141724551603, 0.8992920051456365]], "fy": 1117.671125637516, "fx": 1117.671125637516}, {"id": 100, "img_name": "disk_000085", "width": 1280, "height": 720, "position": [-2.763642548854895, -1.0184439455133694