[{"id": 0, "img_name": "C0309_000001", "width": 3840, "height": 2160, "position": [-1.1261901590841907, 0.6795473676435677, -2.6899009122315185], "rotation": [[0.9269220458419768, -0.08893660525019513, 0.3645624791153023], [0.08406058948608948, 0.9960310461703786, 0.029257005314833336], [-0.36571756620016965, 0.0035263736773075943, 0.9307191985025949]], "fy": 4082.2639622002275, "fx": 4082.263962200228}, {"id": 1, "img_name": "C0309_000009", "width": 3840, "height": 2160, "position": [-0.20066353161358624, 0.7752178548463904, -2.9229637373067394], "rotation": [[0.9919998606061737, -0.024635930798568777, 0.12381174205631675], [0.02435095653143503, 0.9996961934607733, 0.003814668536582473], [-0.12386810514953371, -0.0007692163076539542, 0.9922983930415973]], "fy": 4082.2639622002275, "fx": 4082.263962200228}, {"id": 2, "img_name": "C0309_000017", "width": 3840, "height": 2160, "position": [1.1353720920177974, 0.8086499238162911, -2.8575652404070606], "rotation": [[0.973686781786602, 0.0632608648651418, -0.21893404018234486], [-0.06600194616527578, 0.9978058323691127, -0.005221493328378849], [0.21812334601423655, 0.019534171768890864, 0.9757256899645809]], "fy": 4082.2639622002275, "fx": 4082.263962200228}, {"id": 3, "img_name": "C0309_000025", "width": 3840, "height": 2160, "position": [2.340351914485349, 0.7225461996815105, -2.3601443741571897], "rotation": [[0.8380668083387204, 0.13847180376850787, -0.5277021738841393], [-0.15282690598775922, 0.9881139609358411, 0.01657519260496398], [0.5237250820489306, 0.06675597175368582, 0.8492677308529164]], "fy": 4082.2639622002275, "fx": 4082.263962200228}, {"id": 4, "img_name": "C0309_000033", "width": 3840, "height": 2160, "position": [3.2387994765155517, 0.5470149511844444, -1.5360188162011097], "rotation": [[0.6184773422793861, 0.1916747228768626, -0.7620673052277631], [-0.22657611400494995, 0.9721052377423374, 0.060619067267069934], [0.7524287618435668, 0.1351747290139379, 0.6446539777171669]], "fy": 4082.2639622002275, "fx": 4082.263962200228}, {"id": 5, "img_name": "C0309_000041", "width": 3840, "height": 2160, "position": [3.849160739713075, 0.2638253146288058, -0.43797862616439254], "rotation": [[0.3194493907426531, 0.22212589512030967, -0.9212014836457597], [-0.2776677674490652, 0.9514090897148492, 0.1331215794971411], [0.9060092150050129, 0.21326235186962322, 0.36560425544711245]], "fy": 4082.2639622002275, "fx": 4082.263962200228}, {"id": 6, "img_name": "C0309_000049", "width": 3840, "height": 2160, "position": [4.047571212028884, -0.04021375836255674, 0.7506940354816947], "rotation": [[-0.006499719617907303, 0.2205561935059299, -0.9753526127258093], [-0.3020274645112295, 0.9293875675872859, 0.21217483332173503], [0.9532770658763411, 0.295962353552547, 0.0605732693011579]], "fy": 4082.2639622002275, "fx": 4082.263962200228}, {"id": 7, "img_name": "C0309_000057", "width": 3840, "height": 2160, "position": [3.848947100943313, -0.3560743860559623, 1.9114725423059755], "rotation": [[-0.326426864132455, 0.19245849391520525, -0.9254216501101226], [-0.2987330350353527, 0.9078637961322388, 0.29418004937610515], [0.896774261534762, 0.37248228923299403, -0.23885742202521087]], "fy": 4082.2639622002275, "fx": 4082.263962200228}, {"id": 8, "img_name": "C0309_000065", "width": 3840, "height": 2160, "position": [3.3349083591614845, -0.6347324559531022, 2.882449535578069], "rotation": [[-0.5931461310302133, 0.14461753374403746, -0.7919996440514864], [-0.27124736125809756, 0.8903244809621612, 0.3657146259175007], [0.7580254192666682, 0.43175002899044557, -0.4888653968244646]], "fy": 4082.2639622002275, "fx": 4082.263962200228}, {"id": 9, "img_name": "C0309_000073", "width": 3840, "height": 2160, "position": [2.485389320384928, -0.8761960079089658, 3.6890387046836213], "rotation": [[-0.8148090646735079, 0.07716909170324511, -0.5745703781187982], [-0.21921522246145755, 0.876499921956506, 0.4285937155995323], [0.5366850793221817, 0.4751766177916746, -0.6972634419909078]], "fy": 4082.2639622002275, "fx": 4082.263962200228}, {"id": 10, "img_name": "C0309_000081", "width": 3840, "height": 2160, "position": [1.4401001936384823, -1.0440196408891476, 4.18969831240953], "rotation": [[-0.9521184765660424, 0.0003965379290243431, -0.30572904562574527], [-0.15129563388364123, 0.8683563341136287, 0.47229959577844993], [0.2656690379952195, 0.4959406413699233, -0.8267181154954107]], "fy": 4082.2639622002275, "fx": 4082.263962200228}, {"id": 11, "img_name": "C0309_000089", "width": 3840, "height": 2160, "position": [0.31115088227385157, -1.1241940595968272, 4.352831230842749], "rotation": [[-0.9968453965553143, -0.07795818984247319, -0.014892145680265262], [-0.07513847115714288, 0.8665298978897051, 0.49343707422063876], [-0.025562971631728226, 0.49299944898523146, -0.8696539988878409]], "fy": 4082.2639622002275, "fx": 4082.263962200228}, {"id": 12, "img_name": "C0309_000097", "width": 3840, "height": 2160, "position": [-0.7897991874686681, -1.117942173992651, 4.1909605008261686], "rotation": [[-0.9513134006222426, -0.15028539481388967, 0.26910428072064874], [0.001628700648760419, 0.8706134476138095, 0.4919650111219225], [-0.30822096153691614, 0.4684511980341494, -0.827981469556915]], "fy": 4082.2639622002275, "fx": 4082.263962200228}, {"id": 13, "img_name": "C0309_000105", "width": 3840, "height": 2160, "position": [-1.7149750946901312, -1.038113373079079, 3.770832885420737], "rotation": [[-0.8354490252184442, -0.2082792547493442, 0.5085712126168855], [0.06804761255636058, 0.8790760984524058, 0.47179946540355033], [-0.545338838417851, 0.42877146030345137, -0.7202503635141844]], "fy": 4082.2639622002275, "fx": 4082.263962200228}, {"id": 14, "img_name": "C0309_000113", "width": 3840, "height": 2160, "position": [-2.52277801945733, -0.888260648483613, 3.0945043153535776], "rotation": [[-0.648300504756913, -0.25493758996422067, 0.7174352101445581], [0.12848095036195378, 0.8921339977403396, 0.43311612238512753], [-0.7504659225614579, 0.37296615838313607, -0.5456162972042757]], "fy": 4082.2639622002275, "fx": 4082.263962200228}, {"id": 15, "img_name": "C0309_000121", "width": 3840, "height": 2160, "position": [-3.099799812003584, -0.6848275441219739, 2.2384140517774034], "rotation": [[-0.4118738695695247, -0.2832763855207203, 0.8660914530072109], [0.17540197973848023, 0.9080331212224588, 0.38040767114612833], [-0.8942002354448625, 0.30859413502092903, -0.3243078765016922]], "fy": 4082.2639622002275, "fx": 4082.263962200228}, {"id": 16, "img_name": "C0309_000129", "width": 3840, "height": 2160, "position": [-3.4144785537754885, -0.44866780737263684, 1.2797206524400204], "rotation": [[-0.1478895771140402, -0.29265903163768786, 0.9447112596883352], [0.20486498133380435, 0.9254319313164063, 0.3187570860750958], [-0.9675531057281199, 0.24067910524363517, -0.07690614991658862]], "fy": 4082.2639622002275, "fx": 4082.263962200228}, {"id": 17, "img_name": "C0309_000137", "width": 3840, "height": 2160, "position": [-3.451349819547158, -0.19529998568620188, 0.29378755174065185], "rotation": [[0.12199880245869235, -0.28287492246713497, 0.9513664228034626], [0.21566094809474237, 0.9431806667301262, 0.25278565104331224], [-0.9688171384041063, 0.17433303802127337, 0.17607198581475555]], "fy": 4082.2639622002275, "fx": 4082.263962200228}, {"id": 18, "img_name": "C0309_000145", "width": 3840, "height": 2160, "position": [-3.2409075978792736, 0.042307048412758466, -0.5869665558415463], "rotation": [[0.36206497479803906, -0.25785021800301217, 0.8957802292416899], [0.20931132977824077, 0.9589289869969031, 0.19142613490210275], [-0.9083488984145683, 0.11818825226261957, 0.40116557152396265]], "fy": 4082.2639622002275, "fx": 4082.263962200228}, {"id": 19, "img_name": "C0309_000153", "width": 3840, "height": 2160, "position": [-2.7969317652484964, 0.27461050790991115, -1.4105524137939092], "rotation": [[0.5855020817644621, -0.21832170561410627, 0.7807195047564963], [0.18726627319133723, 0.9734308958895037, 0.13177114195750791], [-0.7887449874164075, 0.06905015413093421, 0.6108301081642795]], "fy": 4082.2639622002275, "fx": 4082.263962200228}, {"id": 20, "img_name": "C0309_000161", "width": 3840, "height": 2160, "position": [-2.1790624206993776, 0.47404987568859436, -2.0712609196991156], "rotation": [[0.7646426011580967, -0.16840010330137312, 0.6220635801124084], [0.15133272587529434, 0.985184609778228, 0.08068265448827089], [-0.6264344327807443, 0.03244518244990382, 0.7787985693120264]], "fy": 4082.2639622002275, "fx": 4082.263962200228}, {"id": 21, "img_name": "C0309_000169", "width": 3840, "height": 2160, "position": [-1.4473684183798468, 0.6289746073667397, -2.548580259136659], "rotation": [[0.8934313979306767, -0.11310484582669787, 0.43472707649990683], [0.10582673367644403, 0.9935388533184017, 0.041003041181478087], [-0.43655588374343546, 0.009372342144517674, 0.8996283230155184]], "fy": 4082.2639622002275, "fx": 4082.263962200228}, {"id": 22, "img_name": "C0309_000177", "width": 3840, "height": 2160, "position": [-0.704501347210274, 0.7306460438661839, -2.8275514069796728], "rotation": [[0.9677155638868603, -0.05972154110184652, 0.24486715773977596], [0.057814093618853805, 0.9982150190468654, 0.01497685976086823], [-0.24532451567294752, -0.00033656750699297665, 0.9694409568055947]], "fy": 4082.2639622002275, "fx": 4082.263962200228}, {"id": 23, "img_name": "C0309_000185", "width": 3840, "height": 2160, "position": [0.09881919535850424, 0.7935283265069631, -2.9489468215371994], "rotation": [[0.9991848539981872, -0.004590420112619629, 0.040106802213729385], [0.00463587781334911, 0.999988712948426, -0.0010404867371677266], [-0.040101573254939134, 0.0012255688231109939, 0.9991948567739622]], "fy": 4082.2639622002275, "fx": 4082.263962200228}, {"id": 24, "img_name": "C0309_000193", "width": 3840, "height": 2160, "position": [0.8758493721253107, 0.811630676718652, -2.9073275891507557], "rotation": [[0.9864156734176572, 0.04654709926042939, -0.157535668299054], [-0.048033036689770235, 0.9988298454819049, -0.005636236417416477], [0.157088976769056, 0.013126588476582931, 0.9874972131872664]], "fy": 4082.2639622002275, "fx": 4082.263962200228}, {"id": 25, "img_name": "C0309_000201", "width": 3840, "height": 2160, "position": [1.5963532378419583, 0.7912397334032837, -2.723906843280495], "rotation": [[0.9355960374503407, 0.09256048053562388, -0.3407236595105117], [-0.09859301761174655, 0.995127762061199, -0.00039249621611034445], [0.3390272431316259, 0.033960191667365705, 0.9401634080288835]], "fy": 4082.2639622002275, "fx": 4082.263962200228}, {"id": 26, "img_name": "C0309_000002", "width": 3840, "height": 2160, "position": [-1.0858382642810873, 0.684456959918028, -2.7051970857149317], "rotation": [[0.9309729613476869, -0.08619443243144731, 0.35476733933289173], [0.08156392901552652, 0.9962742488023898, 0.02801689948556577], [-0.35586046524314646, 0.002853242200517545, 0.9345347442903749]], "fy": 4082.2639622002275, "fx": 4082.263962200228}, {"id": 27, "img_name": "C0309_000003", "width": 3840, "height": 2160, "position": [-1.0406846813905954, 0.6904069490087498, -2.7220768003961724], "rotation": [[0.9354097352017414, -0.08305646313004109, 0.3436717201373081], [0.07875397532513478, 0.9965422083518541, 0.026484681302552767], [-0.3446830988898298, 0.0022914854435167995, 0.9387163098797026]], "fy": 4082.2639622002275, "fx": 4082.263962200228}, {"id": 28, "img_name": "C0309_000004", "width": 3840, "height": 2160, "position": [-0.9910286910858627, 0.6984429279752555, -2.739777223429193], "rotation": [[0.9401397481452938, -0.07929972614039983, 0.3314344692263637], [0.07548382461332484, 0.9968486361338028, 0.02439239348489537], [-0.33232430873929253, 0.0020856826783428118, 0.9431628723336793]], "fy": 4082.2639622002275, "fx": 4082.263962200228}, {"id": 29, "img_name": "C0309_000005", "width": 3840, "height": 2160, "position": [-0.8120083319956946, 0.7194200097047486, -2.7967725485196233], "rotation": [[0.9569854860041115, -0.06686361535953946, 0.2823261173156427], [0.06423018375715038, 0.9977620631594079, 0.018583563016932907], [-0.2829368535062147, 0.00034965830917895363, 0.9591384752302815]], "fy": 4082.2639622002275, "fx": 4082.263962200228}, {"id": 30, "img_name": "C0309_000006", "width": 3840, "height": 2160, "position": [-0.6699658313979339, 0.7355629392340988, -2.835138259154463], "rotation": [[0.9678667579613982, -0.05679562231116991, 0.24496570396604328], [0.054978289161576745, 0.9983857712211619, 0.014256210716450864], [-0.24537996363631293, -0.00033031713963150325, 0.9694269257331514]], "fy": 4082.2639622002275, "fx": 4082.263962200228}, {"id": 31, "img_name": "C0309_000007", "width": 3840, "height": 2160, "position": [-0.5164524980969538, 0.7498397204923145, -2.870444818613102], "rotation": [[0.9776174187132997, -0.046239669915711136, 0.20524637768893997], [0.04506326041522684, 0.9989299480711527, 0.010404874209404249], [-0.2055078713555624, -0.000922915299555656, 0.9786550275956567]], "fy": 4082.2639622002275, "fx": 4082.263962200228}, {"id": 32, "img_name": "C0309_000008", "width": 3840, "height": 2160, "position": [-0.358290902358567, 0.7652631851739063, -2.9003611614102285], "rotation": [[0.9857565182645563, -0.03542457065669613, 0.16440555493269723], [0.034837630984564036, 0.9993721520898361, 0.006452991144647839], [-0.16453092768936398, -0.0006335780285822921, 0.9863717212149581]], "fy": 4082.2639622002275, "fx": 4082.263962200228}, {"id": 33, "img_name": "C0309_000010", "width": 3840, "height": 2160, "position": [-0.042976635031490316, 0.7860500735673374, -2.9399268298935617], "rotation": [[0.9964337646656273, -0.013851825542792665, 0.08323388470699404], [0.013826249529788191, 0.9999040223387795, 0.0008837050806790642], [-0.0832381370420144, 0.0002702588788973391, 0.9965296480797313]], "fy": 4082.2639622002275, "fx": 4082.263962200228}, {"id": 34, "img_name": "C0309_000011", "width": 3840, "height": 2160, "position": [0.11605390560046293, 0.7943442612905381, -2.949739940181879], "rotation": [[0.9990954258082535, -0.0032963638757611486, 0.0423965106373547], [0.0033510347808106437, 0.9999936428786081, -0.001218510676464073], [-0.04239222446301386, 0.0013594806248845598, 0.9991001206673473]], "fy": 4082.2639622002275, "fx": 4082.263962200228}, {"id": 35, "img_name": "C0309_000012", "width": 3840, "height": 2160, "position": [0.27479654106405077, 0.8006107344361013, -2.9532510626578574], "rotation": [[0.9999716609432323, 0.0073504484261657285, 0.0016273347434749435], [-0.0073456626192924725, 0.9999687347516621, -0.0029275860095075304], [-0.00164880293442611, 0.0029155491924871945, 0.9999943904951617]], "fy": 4082.2639622002275, "fx": 4082.263962200228}, {"id": 36, "img_name": "C0309_000013", "width": 3840, "height": 2160, "position": [0.43276927921841307, 0.8056469562670514, -2.95030109060033], "rotation": [[0.999082180023686, 0.01786602969769848, -0.03893074032123992], [-0.018046038979364395, 0.9998280077310437, -0.0042773161827445675], [0.03884762587693257, 0.004975936033839642, 0.9992327566810012]], "fy": 4082.2639622002275, "fx": 4082.263962200228}, {"id": 37, "img_name": "C0309_000014", "width": 3840, "height": 2160, "position": [0.5915077892594567, 0.809875899948333, -2.9407085314587995], "rotation": [[0.9964290506793605, 0.028176765375902354, -0.07959407550301607], [-0.028696254087882175, 0.9995736444032661, -0.005390214809887612], [0.07940826130543457, 0.007655018440498769, 0.9968127851954566]], "fy": 4082.2639622002275, "fx": 4082.263962200228}, {"id": 38, "img_name": "C0309_000015", "width": 3840, "height": 2160, "position": [0.826033233979477, 0.8108849520812396, -2.9147985342571694], "rotation": [[0.9892349814869253, 0.043538939863345054, -0.13970866872939114], [-0.04477731870748504, 0.9989805513589407, -0.005731468917765574], [0.1393167008363715, 0.01192554913465311, 0.9901760642158071]], "fy": 4082.2639622002275, "fx": 4082.263962200228}, {"id": 39, "img_name": "C0309_000016", "width": 3840, "height": 2160, "position": [0.9815404280087894, 0.8109647275869437, -2.8892604408194416], "rotation": [[0.9822983335171712, 0.05345276351406513, -0.17953491594143442], [-0.055388483474952004, 0.998448133786479, -0.005782736086160844], [0.17894719854675978, 0.015624538745404443, 0.9837346054303772]], "fy": 4082.2639622002275, "fx": 4082.263962200228}, {"id": 40, "img_name": "C0309_000018", "width": 3840, "height": 2160, "position": [1.2864552156155966, 0.8046242825370065, -2.8206324978277344], "rotation": [[0.9635174621401705, 0.07281009665125483, -0.2575515287793871], [-0.07647347357742086, 0.9970626787489884, -0.004221668496553252], [0.2564876371094093, 0.023763511346730916, 0.9662553428253351]], "fy": 4082.2639622002275, "fx": 4082.263962200228}, {"id": 41, "img_name": "C0309_000019", "width": 3840, "height": 2160, "position": [1.4357470323922839, 0.7988274427611729, -2.777657882419316], "rotation": [[0.951643217860116, 0.0826154867450027, -0.29588826818704766], [-0.08734276190641506, 0.9961744662487713, -0.0027703314847451564], [0.29452746534644825, 0.028480065727844863, 0.9552185393996153]], "fy": 4082.2639622002275, "fx": 4082.263962200228}, {"id": 42, "img_name": "C0309_000020", "width": 3840, "height": 2160, "position": [1.5829191232916788, 0.7913393147105311, -2.72803309173002], "rotation": [[0.9382396116821393, 0.09182452766418683, -0.3335786072124493], [-0.097722160415781, 0.995213324254607, -0.0009047595077503267], [0.3318987954696746, 0.03344690337450517, 0.9427218541120362]], "fy": 4082.2639622002275, "fx": 4082.263962200228}, {"id": 43, "img_name": "C0309_000021", "width": 3840, "height": 2160, "position": [1.727702437834596, 0.7829706356030144, -2.6737471314881294], "rotation": [[0.9233123089971331, 0.1007503078494857, -0.37059918446026907], [-0.10797321833154835, 0.9941530002541522, 0.0012634115701686552], [0.3685595802275536, 0.03884826320315628, 0.9287920371474918]], "fy": 4082.2639622002275, "fx": 4082.263962200228}, {"id": 44, "img_name": "C0309_000022", "width": 3840, "height": 2160, "position": [1.8694565947844421, 0.7721690101862593, -2.613445383485489], "rotation": [[0.906881089797174, 0.10949354786525892, -0.4069125851385879], [-0.11809288665889987, 0.9929944704493754, 0.004006466963939251], [0.40450062928116504, 0.044420092670357604, 0.9134583166616299]], "fy": 4082.2639622002275, "fx": 4082.263962200228}, {"id": 45, "img_name": "C0309_000023", "width": 3840, "height": 2160, "position": [2.008040412423815, 0.760973564894665, -2.547535507124181], "rotation": [[0.8889764549926792, 0.11806128669627658, -0.4424730444357813], [-0.1282801341998041, 0.9917140957040124, 0.006881827639028125], [0.4396192325619177, 0.050642718781604056, 0.8967553988664232]], "fy": 4082.2639622002275, "fx": 4082.263962200228}, {"id": 46, "img_name": "C0309_000024", "width": 3840, "height": 2160, "position": [2.1438497315396496, 0.7465671830853454, -2.476185483181015], "rotation": [[0.8696260677351749, 0.1263789309571307, -0.4772618444057622], [-0.13816189269383441, 0.990354010282523, 0.010498843964077775], [0.4739850142385459, 0.05680933134140431, 0.8786984159254116]], "fy": 4082.2639622002275, "fx": 4082.263962200228}, {"id": 47, "img_name": "C0309_000026", "width": 3840, "height": 2160, "position": [2.4676287184247623, 0.707923224906901, -2.276343051010061], "rotation": [[0.8153840660401908, 0.14559434929635176, -0.5603134036418707], [-0.16216860385616222, 0.9865530377842804, 0.02035798521345695], [0.5557428980842752, 0.07426566563076184, 0.828030459667584]], "fy": 4082.2639622002275, "fx": 4082.263962200228}, {"id": 48, "img_name": "C0309_000027", "width": 3840, "height": 2160, "position": [2.591011124692937, 0.6874675369228918, -2.187210531108698], "rotation": [[0.791292096145715, 0.15298919147280188, -0.5919891264793796], [-0.17133241499063673, 0.984882923670191, 0.02551137464608382], [0.586942946248438, 0.08123997756865128, 0.8055420807716059]], "fy": 4082.2639622002275, "fx": 4082.263962200228}, {"id": 49, "img_name": "C0309_000028", "width": 3840, "height": 2160, "position": [2.711044394510615, 0.668155681779464, -2.093263900902206], "rotation": [[0.7659220061677829, 0.15972374414076243, -0.622777493191248], [-0.18026635667132715, 0.9831464820032648, 0.030447258941480863], [0.6171446516987444, 0.08894560406371955, 0.7818063432828973]], "fy": 4082.2639622002275, "fx": 4082.263962200228}, {"id": 50, "img_name": "C0309_000029", "width": 3840, "height": 2160, "position": [2.826389871666795, 0.6479139369786436, -1.994988405665516], "rotation": [[0.7394156141022122, 0.16607121696168756, -0.6524453237771822], [-0.18893232550695474, 0.9813420303668785, 0.03567065760462853], [0.6461958882570997, 0.0968925710892049, 0.7569958412483792]], "fy": 4082.2639622002275, "fx": 4082.263962200228}, {"id": 51, "img_name": "C0309_000030", "width": 3840, "height": 2160, "position": [2.9375504051822494, 0.6249052916836008, -1.8920943968029276], "rotation": [[0.7116433100349178, 0.1724279250223849, -0.6810524281984616], [-0.19754793232731796, 0.979412486257901, 0.041545110365942925], [0.6741947891490612, 0.10497519914051966, 0.731055123673763]], "fy": 4082.2639622002275, "fx": 4082.263962200228}, {"id": 52, "img_name": "C0309_000031", "width": 3840, "height": 2160, "position": [3.043816133025137, 0.6008902804713905, -1.78496793406295], "rotation": [[0.6827890612103557, 0.17829427065940148, -0.7085268173763877], [-0.20576507752146306, 0.9774395129753783, 0.047673172194026156], [0.7010419607727252, 0.1132393550162092, 0.7040717418782304]], "fy": 4082.2639622002275, "fx": 4082.263962200228}, {"id": 53, "img_name": "C0309_000032", "width": 3840, "height": 2160, "position": [3.1454112734352693, 0.5768007978645494, -1.673373094906996], "rotation": [[0.652875621350711, 0.18358861787392314, -0.7348800190732263], [-0.2136354191104647, 0.9754261637393694, 0.05388605380052352], [0.7267140639532299, 0.12181551001346044, 0.6760529940564878]], "fy": 4082.2639622002275, "fx": 4082.263962200228}, {"id": 54, "img_name": "C0309_000034", "width": 3840, "height": 2160, "position": [3.3358638944602337, 0.5003274686416003, -1.4086625705075149], "rotation": [[0.5839681589668397, 0.1995147187699256, -0.7868767796212043], [-0.23422628547966032, 0.9695126296920258, 0.07199519468723974], [0.7772510768749572, 0.1422643239249054, 0.6128960969323505]], "fy": 4082.2639622002275, "fx": 4082.263962200228}, {"id": 55, "img_name": "C0309_000035", "width": 3840, "height": 2160, "position": [3.4641069350644806, 0.45654193909537816, -1.2242120159186354], "rotation": [[0.5339480710113308, 0.20563430294112975, -0.8201304718867568], [-0.24428094277095364, 0.96612855382199, 0.08320119283258218], [0.8094604860412972, 0.15591712844888506, 0.5660950190507251]], "fy": 4082.2639622002275, "fx": 4082.263962200228}, {"id": 56, "img_name": "C0309_000036", "width": 3840, "height": 2160, "position": [3.542061050387774, 0.4271815849690991, -1.0985330994766622], "rotation": [[0.49977882999501805, 0.2092692781255455, -0.8404924094372439], [-0.2507793347089172, 0.9637723194459046, 0.09084405072878465], [0.8290541878380228, 0.1653761938813269, 0.5341534125375986]], "fy": 4082.2639622002275, "fx": 4082.263962200228}, {"id": 57, "img_name": "C0309_000037", "width": 3840, "height": 2160, "position": [3.6141559679538307, 0.39570839168438976, -0.9707236579191779], "rotation": [[0.46493252291288495, 0.21275707421306572, -0.8594022204475361], [-0.2569033607501522, 0.9613517392584104, 0.09901260859156541], [0.8472534522639236, 0.17474913675645273, 0.5016216969288089]], "fy": 4082.2639622002275, "fx": 4082.263962200228}, {"id": 58, "img_name": "C0309_000038", "width": 3840, "height": 2160, "position": [3.682109230485141, 0.3643406863563918, -0.8395547199837122], "rotation": [[0.4291988578781954, 0.2155332470350983, -0.8771167310105079], [-0.2626337826797416, 0.9589307422797695, 0.10712295601830778], [0.8641827564765352, 0.18438343454138534, 0.4681782913328423]], "fy": 4082.2639622002275, "fx": 4082.263962200228}, {"id": 59, "img_name": "C0309_000039", "width": 3840, "height": 2160, "position": [3.7429438914147477, 0.33077173856864955, -0.7074750644221034], "rotation": [[0.39307782081824477, 0.2184140344975354, -0.893188186394832], [-0.26816243598682216, 0.9563822318971866, 0.11585307262636306], [0.8795332482097498, 0.1939802465352213, 0.4345030831280043]], "fy": 4082.2639622002275, "fx": 4082.263962200228}, {"id": 60, "img_name": "C0309_000040", "width": 3840, "height": 2160, "position": [3.799336030042634, 0.29876407197190163, -0.5731435233386435], "rotation": [[0.35648281691574296, 0.22010374544676137, -0.9080056951826482], [-0.272943700688045, 0.9539929346070498, 0.12409358152033591], [0.8935444798657376, 0.20359720518744026, 0.4001580194639758]], "fy": 4082.2639622002275, "fx": 4082.263962200228}, {"id": 61, "img_name": "C0309_000042", "width": 3840, "height": 2160, "position": [3.893712714661118, 0.2303519968662571, -0.3011163005297705], "rotation": [[0.2820305738194045, 0.2232807694450891, -0.9330618700960328], [-0.28198966403616277, 0.9488762289633128, 0.14182993860653917], [0.9170281265085982, 0.22311342430336098, 0.3305749764996724]], "fy": 4082.2639622002275, "fx": 4082.263962200228}, {"id": 62, "img_name": "C0309_000043", "width": 3840, "height": 2160, "position": [3.93254112041355, 0.19562480331484092, -0.16239459639368636], "rotation": [[0.24413749554399203, 0.22414375917968307, -0.9434810323956213], [-0.2858799131059911, 0.9463187049429632, 0.15084291152581192], [0.926644245949878, 0.23289586491793535, 0.295110077008747]], "fy": 4082.2639622002275, "fx": 4082.263962200228}, {"id": 63, "img_name": "C0309_000044", "width": 3840, "height": 2160, "position": [3.965264157212788, 0.16022181275772895, -0.022770554852031607], "rotation": [[0.20596921661094322, 0.22467840132606248, -0.9524160318822018], [-0.28936040503829363, 0.9437440054316918, 0.1600556409746986], [0.9347979663032804, 0.2426249537646772, 0.25939524669110503]], "fy": 4082.2639622002275, "fx": 4082.263962200228}, {"id": 64, "img_name": "C0309_000045", "width": 3840, "height": 2160, "position": [3.993380189977906, 0.12431146474916377, 0.11715007846191826], "rotation": [[0.16753759896773668, 0.2247548064425939, -0.9599043858182321], [-0.29237203963420816, 0.9411913858675862, 0.16934392699115366], [0.9415146007217619, 0.2522777282076329, 0.22339696613458487]], "fy": 4082.2639622002275, "fx": 4082.263962200228}, {"id": 65, "img_name": "C0309_000046", "width": 3840, "height": 2160, "position": [4.024288201826253, 0.07095301032221193, 0.32801870715477144], "rotation": [[0.10972451426597851, 0.22403720295864316, -0.9683841503554064], [-0.2965597636131162, 0.9372708072632027, 0.18323684252332234], [0.948690064022401, 0.26707820117458464, 0.16928200401259547]], "fy": 4082.2639622002275, "fx": 4082.263962200228}, {"id": 66, "img_name": "C0309_000047", "width": 3840, "height": 2160, "position": [4.037096454059121, 0.03441218377162583, 0.4688672676891034], "rotation": [[0.07104101202797138, 0.22323665037635557, -0.9721720899813915], [-0.29875047917773023, 0.93465496789996, 0.1927906693048218], [0.9516834167942184, 0.27674083346819167, 0.13309089108655192]], "fy": 4082.2639622002275, "fx": 4082.263962200228}, {"id": 67, "img_name": "C0309_000048", "width": 3840, "height": 2160, "position": [4.045635988875688, -0.0031489572706924355, 0.610197263895], "rotation": [[0.032152242301621996, 0.22212048612428206, -0.9744889547649526], [-0.30056084830220964, 0.9320128845418671, 0.20252199760965225], [0.9532205462445894, 0.2863816905667338, 0.09672702582683725]], "fy": 4082.2639622002275, "fx": 4082.263962200228}, {"id": 68, "img_name": "C0309_000050", "width": 3840, "height": 2160, "position": [4.044329339667302, -0.07834095038231195, 0.890356533201982], "rotation": [[-0.045071399853901295, 0.21883253103366215, -0.9747209304598988], [-0.30316884455692894, 0.9267003293249333, 0.2220701495453106], [0.951870380149118, 0.3055140307587546, 0.024575524497197566]], "fy": 4082.2639622002275, "fx": 4082.263962200228}, {"id": 69, "img_name": "C0309_000051", "width": 3840, "height": 2160, "position": [4.035863746131097, -0.1152718855154338, 1.029580340181532], "rotation": [[-0.08344295484860131, 0.21645275532931643, -0.9727206577412044], [-0.30395055916464175, 0.9240820388861711, 0.23170335127373262], [0.9490265174744253, 0.31499300011004083, -0.011317199832109113]], "fy": 4082.2639622002275, "fx": 4082.263962200228}, {"id": 70, "img_name": "C0309_000052", "width": 3840, "height": 2160, "position": [4.0217924378587835, -0.15355867967153283, 1.1687068932997826], "rotation": [[-0.12176434616470573, 0.21389433146297399, -0.9692381848498793], [-0.3039421873368651, 0.9215583440570191, 0.2415561327223277], [0.9448770241465094, 0.3240052985166944, -0.04720143825291911]], "fy": 4082.2639622002275, "fx": 4082.263962200228}, {"id": 71, "img_name": "C0309_000053", "width": 3840, "height": 2160, "position": [4.002089314394508, -0.19030185094409063, 1.3068038602763172], "rotation": [[-0.15978155034421954, 0.21071070444774237, -0.964401812109835], [-0.30385756801233293, 0.9190212304045277, 0.2511385203973671], [0.9392233145164294, 0.3331680913546261, -0.08281659478563104]], "fy": 4082.2639622002275, "fx": 4082.263962200228}, {"id": 72, "img_name": "C0309_000054", "width": 3840, "height": 2160, "position": [3.977508860966182, -0.22714566998068803, 1.444305483110653], "rotation": [[-0.19762881820340772, 0.20711817250401943, -0.9581466029967021], [-0.3034385922120366, 0.9164930829722286, 0.2607018404623128], [0.9321308228848042, 0.3422608529800846, -0.1182777981932498]], "fy": 4082.2639622002275, "fx": 4082.263962200228}, {"id": 73, "img_name": "C0309_000055", "width": 3840, "height": 2160, "position": [3.9470053874414663, -0.26376331910214923, 1.5799188918776244], "rotation": [[-0.23500820945977177, 0.20326334539790916, -0.9505025796409824], [-0.3025633830087837, 0.914008350895889, 0.27026678255911774], [0.9237026257128383, 0.35110218870042326, -0.1532994205500474]], "fy": 4082.2639622002275, "fx": 4082.263962200228}, {"id": 74, "img_name": "C0309_000056", "width": 3840, "height": 2160, "position": [3.8912041385658513, -0.31924099710236414, 1.7791668841137989], "rotation": [[-0.2900123949884758, 0.1971353313931326, -0.9364990506506494], [-0.30060575397755784, 0.9102637569121325, 0.28470348351889624], [0.9085862597621823, 0.3640845423369828, -0.20472775728424686]], "fy": 4082.2639622002275, "fx": 4082.263962200228}, {"id": 75, "img_name": "C0309_000058", "width": 3840, "height": 2160, "position": [3.80083290604253, -0.3918934823634069, 2.0400569521499334], "rotation": [[-0.3618986680095767, 0.18748820616524084, -0.9131689474800563], [-0.2966706952378713, 0.9054750083947118, 0.3034823022182258], [0.8837510128310869, 0.38074030745579945, -0.27206794298206316]], "fy": 4082.2639622002275, "fx": 4082.263962200228}, {"id": 76, "img_name": "C0309_000059", "width": 3840, "height": 2160, "position": [3.747624146252579, -0.4281247312128111, 2.1681009951778836], "rotation": [[-0.3971663483518274, 0.18225799801731316, -0.8994670165690323], [-0.2940666303792199, 0.9031338499995524, 0.31284831129861834], [0.8693582165219846, 0.3887560560862132, -0.30509837794063555]], "fy": 4082.2639622002275, "fx": 4082.263962200228}, {"id": 77, "img_name": "C0309_000060", "width": 3840, "height": 2160, "position": [3.6910257680825307, -0.4638834914977317, 2.293552581159793], "rotation": [[-0.4315986934600149, 0.17666325924802578, -0.8845974568330349], [-0.2911701294016438, 0.9008620023240763, 0.32197454637422196], [0.8537813089707683, 0.3965321495169349, -0.3373717991350804]], "fy": 4082.2639622002275, "fx": 4082.263962200228}, {"id": 78, "img_name": "C0309_000061", "width": 3840, "height": 2160, "position": [3.629161275764676, -0.4994657478295854, 2.4167240665262777], "rotation": [[-0.4654949580948424, 0.17082653149687999, -0.8684081644739564], [-0.28796832803679445, 0.8985729439880705, 0.33112068250156945], [0.8368922786332622, 0.4042090554024706, -0.36908854424740467]], "fy": 4082.2639622002275, "fx": 4082.263962200228}, {"id": 79, "img_name": "C0309_000062", "width": 3840, "height": 2160, "position": [3.563338213476787, -0.5341395340366053, 2.537949951551375], "rotation": [[-0.49859429218244194, 0.16461157984688882, -0.8510621361471801], [-0.2841589539617797, 0.8965139083236551, 0.3398771852678441], [0.8189367623244402, 0.4112977509816418, -0.40022086321305944]], "fy": 4082.2639622002275, "fx": 4082.263962200228}, {"id": 80, "img_name": "C0309_000063", "width": 3840, "height": 2160, "position": [3.4920224398303805, -0.5691749582435057, 2.65487851813643], "rotation": [[-0.5308254611752596, 0.15837217587261182, -0.8325518504438311], [-0.2803377225917619, 0.8942667648156701, 0.34885199531918837], [0.7997718993939066, 0.41857521099019845, -0.43030187274095555]], "fy": 4082.2639622002275, "fx": 4082.263962200228}, {"id": 81, "img_name": "C0309_000064", "width": 3840, "height": 2160, "position": [3.4149529940410805, -0.6031430688201468, 2.7695027313978846], "rotation": [[-0.5624504376596323, 0.15181882932193985, -0.8127733683135805], [-0.27601268691969866, 0.8921352178037429, 0.35764752174960834], [0.7794013740274364, 0.4254947663809555, -0.4598779206991348]], "fy": 4082.2639622002275, "fx": 4082.263962200228}, {"id": 82, "img_name": "C0309_000066", "width": 3840, "height": 2160, "position": [3.2049416940175903, -0.6826360398199353, 3.043759969360915], "rotation": [[-0.6375477171641436, 0.13387999339034087, -0.7586890375566202], [-0.2636460848943509, 0.887410865201777, 0.3781437534082959], [0.7238947784441252, 0.4411100811494062, -0.5304698351930055]], "fy": 4082.2639622002275, "fx": 4082.263962200228}, {"id": 83, "img_name": "C0309_000067", "width": 3840, "height": 2160, "position": [3.1130834110083594, -0.7120691752537864, 3.1484398425526865], "rotation": [[-0.6660614194723179, 0.12614663127950207, -0.73515250996467], [-0.25800546237105115, 0.8857922458820762, 0.38575287234431266], [0.6998538182200772, 0.44660846896585027, -0.5574455207199696]], "fy": 4082.2639622002275, "fx": 4082.263962200228}, {"id": 84, "img_name": "C0309_000068", "width": 3840, "height": 2160, "position": [3.0165282812482124, -0.7416662312573253, 3.2476677735770703], "rotation": [[-0.6935030465937941, 0.11853983361198908, -0.7106348093165487], [-0.2521805367843696, 0.8840314755601067, 0.3935648956476778], [0.6748766563100792, 0.4521467218351387, -0.58318508271514]], "fy": 4082.2639622002275, "fx": 4082.263962200228}, {"id": 85, "img_name": "C0309_000069", "width": 3840, "height": 2160, "position": [2.9170142220825808, -0.7708773057929261, 3.3427801780441766], "rotation": [[-0.7198595932990687, 0.11063309555901422, -0.6852462944827422], [-0.24631347018396618, 0.8822539314044635, 0.4011953077084782], [0.6489467161032803, 0.4575896837652681, -0.6078485345629864]], "fy": 4082.2639622002275, "fx": 4082.263962200228}, {"id": 86, "img_name": "C0309_000070", "width": 3840, "height": 2160, "position": [2.8145120988105754, -0.7978826431938402, 3.4361011356380247], "rotation": [[-0.7452273379147981, 0.10233239922291253, -0.6589114469287249], [-0.23994417532705561, 0.8808085173236007, 0.4081704895467327], [0.6221438801041466, 0.46228177108716134, -0.6318485234369665]], "fy": 4082.2639622002275, "fx": 4082.263962200228}, {"id": 87, "img_name": "C0309_000071", "width": 3840, "height": 2160, "position": [2.7084269565640917, -0.8234606589099186, 3.5244047943906263], "rotation": [[-0.7694001744060185, 0.09399239127754845, -0.6318138982373815], [-0.2332501847130468, 0.8794712820744721, 0.4148790369946572], [0.5946576518933542, 0.4665787118892298, -0.6547416151860743]], "fy": 4082.2639622002275, "fx": 4082.263962200228}, {"id": 88, "img_name": "C0309_000072", "width": 3840, "height": 2160, "position": [2.598600194159753, -0.8508060734765185, 3.6084927921503613], "rotation": [[-0.7926600642511122, 0.08573559750321436, -0.603605359371658], [-0.22638708304835886, 0.8778814043692215, 0.4219871188692597], [0.5660732383448956, 0.47114079337655557, -0.6764520985600029]], "fy": 4082.2639622002275, "fx": 4082.263962200228}, {"id": 89, "img_name": "C0309_000074", "width": 3840, "height": 2160, "position": [2.3705089766303042, -0.8992117046576907, 3.765210428744792], "rotation": [[-0.8355928237920893, 0.06827107858822914, -0.5450905362006954], [-0.21199146457768503, 0.8753175150707448, 0.4346019635903461], [0.5067980384466476, 0.47870482307866524, -0.7169361481944212]], "fy": 4082.2639622002275, "fx": 4082.263962200228}, {"id": 90, "img_name": "C0309_000075", "width": 3840, "height": 2160, "position": [2.253843140875682, -0.9214985275760476, 3.8367817756070974], "rotation": [[-0.8551041386835282, 0.05927523686608478, -0.5150566554280909], [-0.2046577827172827, 0.8741743088599901, 0.44037991518960545], [0.4763529195665196, 0.48198104114542534, -0.7353789308899358]], "fy": 4082.2639622002275, "fx": 4082.263962200228}, {"id": 91, "img_name": "C0309_000076", "width": 3840, "height": 2160, "position": [2.0731412065343164, -0.9553007791607554, 3.9358712195075776], "rotation": [[-0.8822681350892824, 0.04599398925423178, -0.46849492073934085], [-0.1929779957019959, 0.8724112489276663, 0.449063587835075], [0.4293744647518296, 0.4866037049765972, -0.7608248177617031]], "fy": 4082.2639622002275, "fx": 4082.263962200228}, {"id": 92, "img_name": "C0309_000077", "width": 3840, "height": 2160, "position": [1.9499724134588403, -0.9747408346238912, 3.9968749081112853], "rotation": [[-0.8988126192953724, 0.036871626092971226, -0.4367795308672918], [-0.18491112258675044, 0.8715573917477468, 0.4540876453214429], [0.39742137856323123, 0.4889050992566194, -0.7765488083705852]], "fy": 4082.2639622002275, "fx": 4082.263962200228}, {"id": 93, "img_name": "C0309_000078", "width": 3840, "height": 2160, "position": [1.8247991375923038, -0.9942268367319215, 4.050940727988047], "rotation": [[-0.9140048629980773, 0.02787525944416657, -0.4047444629970691], [-0.17683854386182524, 0.8705038260430147, 0.45929426106724], [0.3651345502971402, 0.49137160963510407, -0.7907153099718708]], "fy": 4082.2639622002275, "fx": 4082.263962200228}, {"id": 94, "img_name": "C0309_000079", "width": 3840, "height": 2160, "position": [1.6981921389126016, -1.0131152308035833, 4.101807351905701], "rotation": [[-0.9279972879225312, 0.01886192991357795, -0.37210920602473874], [-0.16842429493409294, 0.869617329970621, 0.46411093101835255], [0.3323466420537146, 0.49336591594343393, -0.8038257164963787]], "fy": 4082.2639622002275, "fx": 4082.263962200228}, {"id": 95, "img_name": "C0309_000080", "width": 3840, "height": 2160, "position": [1.5699336813058384, -1.0290283307200068, 4.14784490276735], "rotation": [[-0.9406839633817897, 0.009695603734250156, -0.3391455090437662], [-0.15990372487337, 0.8689448904301346, 0.4683647896319525], [0.29923983659925446, 0.49481387678963684, -0.815852160338171]], "fy": 4082.2639622002275, "fx": 4082.263962200228}, {"id": 96, "img_name": "C0309_000082", "width": 3840, "height": 2160, "position": [1.309022730814134, -1.0581092214684908, 4.226054802818837], "rotation": [[-0.9622446364893852, -0.008811787061063052, -0.27204340086868667], [-0.14252732786787867, 0.8678058200457891, 0.4760241795387053], [0.2318862228728836, 0.49682533259028344, -0.836297416316887]], "fy": 4082.2639622002275, "fx": 4082.263962200228}, {"id": 97, "img_name": "C0309_000083", "width": 3840, "height": 2160, "position": [1.1773128781432882, -1.071448145393533, 4.257943648509059], "rotation": [[-0.9710594560876176, -0.018128627183862357, -0.23814887280700947], [-0.13378809969373506, 0.8672805940645679, 0.4795050735282677], [0.19784912717310593, 0.4974894210286674, -0.8446064165286704]], "fy": 4082.2639622002275, "fx": 4082.263962200228}, {"id": 98, "img_name": "C0309_000084", "width": 3840, "height": 2160, "position": [1.044325814063206, -1.0834543824339313, 4.2855377771766126], "rotation": [[-0.9786116716200466, -0.027375866407170296, -0.20388663052656147], [-0.12480024480550703, 0.8668947749015657, 0.48261614990056956], [0.1635362194301413, 0.4977388986073123, -0.8517698596144828]], "fy": 4082.2639622002275, "fx": 4082.2639622