[{"id": 0, "img_name": "C0296_000001", "width": 3840, "height": 2160, "position": [-5.104985405626068, 1.1702989037833396, -0.06842638520809029], "rotation": [[0.41237622240333055, -0.7688767167047496, 0.48864552152422625], [0.7717101368789521, 0.5798754536789723, 0.26116646580078956], [-0.484158358220353, 0.2693938617153894, 0.8324768053438136]], "fy": 5843.288208345406, "fx": 5898.515318211818}, {"id": 1, "img_name": "C0296_000009", "width": 3840, "height": 2160, "position": [-4.8794918411368515, 1.3383915470438994, -0.22426322602957233], "rotation": [[0.4896946746752887, -0.7331220691942483, 0.4719440191961406], [0.7319263677133703, 0.6397945533774869, 0.23440717078283763], [-0.47379628305905436, 0.23064032849622376, 0.8498953588710662]], "fy": 5843.288208345406, "fx": 5898.515318211818}, {"id": 2, "img_name": "C0296_000017", "width": 3840, "height": 2160, "position": [-4.144128491518526, 1.665891053604545, -0.4562941653468195], "rotation": [[0.6732659401006387, -0.623369985614219, 0.3976466206768665], [0.6081270183729387, 0.772750339057641, 0.18176480135367257], [-0.420588282558184, 0.11944360393771154, 0.8993546141834867]], "fy": 5843.288208345406, "fx": 5898.515318211818}, {"id": 3, "img_name": "C0296_000025", "width": 3840, "height": 2160, "position": [-3.56494468109258, 2.0472141481904775, -0.7168714150207754], "rotation": [[0.8173601981830708, -0.4783793981289951, 0.32105366821120696], [0.46609828406400494, 0.8766171513387108, 0.1195606940904669], [-0.33863652493303426, 0.05191841122900836, 0.9394837851483836]], "fy": 5843.288208345406, "fx": 5898.515318211818}, {"id": 4, "img_name": "C0296_000033", "width": 3840, "height": 2160, "position": [-3.032115590382118, 2.2580008432843965, -0.7083311643357901], "rotation": [[0.912426439560659, -0.3202805614140344, 0.25475155420717255], [0.31500674679927, 0.9470358471097222, 0.06240075127842276], [-0.2612446015932187, 0.02331236301797778, 0.9649910838287152]], "fy": 5843.288208345406, "fx": 5898.515318211818}, {"id": 5, "img_name": "C0296_000041", "width": 3840, "height": 2160, "position": [-2.1415409858548458, 2.3839128031788315, -0.9438349628809652], "rotation": [[0.9736133586076914, -0.17062638965236038, 0.1515376622983606], [0.16349940709627622, 0.9848133222064529, 0.0584008928344004], [-0.15920104214425623, -0.03208357147965074, 0.9867247197781623]], "fy": 5843.288208345406, "fx": 5898.515318211818}, {"id": 6, "img_name": "C0296_000049", "width": 3840, "height": 2160, "position": [-1.5674532432503807, 2.5129100268928926, -1.140494594168055], "rotation": [[0.9986988177604145, -0.004809178592173651, 0.050769510586759194], [0.002794945712499572, 0.9992088966282608, 0.039670759728014746], [-0.05092013042417169, -0.03947724281408562, 0.9979221851514192]], "fy": 5843.288208345406, "fx": 5898.515318211818}, {"id": 7, "img_name": "C0296_000057", "width": 3840, "height": 2160, "position": [-1.028584336419438, 2.6860126983664596, -1.2609574878037235], "rotation": [[0.9880842057691043, 0.15383754818919998, -0.004859123045796713], [-0.15377227648672864, 0.9880363556819461, 0.011757841418728638], [0.006609787721833782, -0.010870538987302277, 0.9999190677691858]], "fy": 5843.288208345406, "fx": 5898.515318211818}, {"id": 8, "img_name": "C0296_000065", "width": 3840, "height": 2160, "position": [-0.41271181278902347, 2.4361413520777155, -1.411673581501971], "rotation": [[0.9493183466803947, 0.30040099612778215, -0.09248739471645898], [-0.30350618560744086, 0.9525927650035485, -0.02123721641166502], [0.0817231420958808, 0.048231375559177836, 0.9954873492202932]], "fy": 5843.288208345406, "fx": 5898.515318211818}, {"id": 9, "img_name": "C0296_000073", "width": 3840, "height": 2160, "position": [0.4485425876992769, 2.490469045891842, -1.8701676281214166], "rotation": [[0.8750193971880429, 0.42831849575593905, -0.2255755322237846], [-0.4440898076551625, 0.8957150518507405, -0.02188123910626616], [0.19267926012281372, 0.11932230336946385, 0.9739799231180952]], "fy": 5843.288208345406, "fx": 5898.515318211818}, {"id": 10, "img_name": "C0296_000081", "width": 3840, "height": 2160, "position": [1.4809024572738743, 2.5888098757461866, -2.088623624581163], "rotation": [[0.7689476687403505, 0.5460641088998639, -0.3324657451680967], [-0.5876448385015023, 0.8085180976025179, -0.031177389752008948], [0.2517797182485585, 0.21934556029380442, 0.9425998613717664]], "fy": 5843.288208345406, "fx": 5898.515318211818}, {"id": 11, "img_name": "C0296_000089", "width": 3840, "height": 2160, "position": [1.8509964925475952, 2.1985036827764532, -1.7012990452210834], "rotation": [[0.697318624463665, 0.6071627919623781, -0.3809200441464747], [-0.6481463663660932, 0.7610523805733803, 0.026562413106122805], [0.3060278153085633, 0.22836947711995229, 0.9242263565693349]], "fy": 5843.288208345406, "fx": 5898.515318211818}, {"id": 12, "img_name": "C0296_000097", "width": 3840, "height": 2160, "position": [2.3227712079770715, 1.3620939554201152, -1.2151118997323205], "rotation": [[0.5473508658531991, 0.7072183438078966, -0.4474921718101545], [-0.7496160939336342, 0.6520498348233719, 0.1136077665588704], [0.3721326932230416, 0.27326402450456094, 0.8870422941134976]], "fy": 5843.288208345406, "fx": 5898.515318211818}, {"id": 13, "img_name": "C0296_000105", "width": 3840, "height": 2160, "position": [2.7092975639767056, 0.807129380192138, -0.9679221645169717], "rotation": [[0.3492039717983147, 0.7882982529084056, -0.5065989049947076], [-0.8404496017714167, 0.5025585565949611, 0.20268044818249267], [0.4143682576676798, 0.354994030449449, 0.8380203967581619]], "fy": 5843.288208345406, "fx": 5898.515318211818}, {"id": 14, "img_name": "C0296_000113", "width": 3840, "height": 2160, "position": [3.1931359277302276, 0.021446045326950415, -0.44740194653134174], "rotation": [[0.13338369198202765, 0.8221043903025314, -0.5534917905069113], [-0.8813434565753583, 0.3538131528308795, 0.31312930944846445], [0.45325765549524155, 0.4460500244694265, 0.7717492296113947]], "fy": 5843.288208345406, "fx": 5898.515318211818}, {"id": 15, "img_name": "C0296_000121", "width": 3840, "height": 2160, "position": [2.7333087974014023, -0.4358760890609677, -0.11238413137904442], "rotation": [[-0.03477527976356428, 0.827806779741283, -0.5599344741411559], [-0.8858291358322806, 0.2338676608975445, 0.40076509241318153], [0.46270662630656234, 0.5099429895593017, 0.7251625509989614]], "fy": 5843.288208345406, "fx": 5898.515318211818}, {"id": 16, "img_name": "C0296_000129", "width": 3840, "height": 2160, "position": [2.806899803198326, -1.2721274818222519, 0.3685706750620608], "rotation": [[-0.2245263454645601, 0.7855387281679149, -0.5766427201835325], [-0.8573713430093426, 0.12200075454623868, 0.5000301951647567], [0.46314393052126374, 0.6066668957825894, 0.6461060107929903]], "fy": 5843.288208345406, "fx": 5898.515318211818}, {"id": 17, "img_name": "C0296_000137", "width": 3840, "height": 2160, "position": [2.936990539602644, -2.09258456976577, 0.9129965292917983], "rotation": [[-0.38373037878486976, 0.7278739224387355, -0.5682873827838076], [-0.8144627539595125, 0.023259779407234994, 0.5797494330093074], [0.4352027329995838, 0.6853163763515188, 0.5839007154423742]], "fy": 5843.288208345406, "fx": 5898.515318211818}, {"id": 18, "img_name": "C0296_000145", "width": 3840, "height": 2160, "position": [2.170150845806943, -2.5612177497103326, 1.3130919130807202], "rotation": [[-0.5118025845670826, 0.6631545302124298, -0.5461539924684109], [-0.7521362220261036, -0.038672517012270036, 0.6578719783850312], [0.41514963320079323, 0.7474827793913829, 0.5185752371320673]], "fy": 5843.288208345406, "fx": 5898.515318211818}, {"id": 19, "img_name": "C0296_000153", "width": 3840, "height": 2160, "position": [1.4903246814289302, -2.8083344109965958, 1.4734382932888428], "rotation": [[-0.6248887532545462, 0.5993519243224464, -0.5002912320508514], [-0.692747731320421, -0.13016698774262278, 0.7093357005342544], [0.3600203144357113, 0.7898315175485161, 0.496539572522291]], "fy": 5843.288208345406, "fx": 5898.515318211818}, {"id": 20, "img_name": "C0296_000161", "width": 3840, "height": 2160, "position": [0.787055155497808, -3.3052266131930206, 1.7892583005503484], "rotation": [[-0.7956512480911929, 0.4609007426454974, -0.3930770876555321], [-0.5405630691540924, -0.2473929280641758, 0.8041071492099429], [0.2733690905673757, 0.852271813785169, 0.4459844120030472]], "fy": 5843.288208345406, "fx": 5898.515318211818}, {"id": 21, "img_name": "C0296_000169", "width": 3840, "height": 2160, "position": [0.25989256039635905, -3.911215794383698, 2.208290315982469], "rotation": [[-0.904635686584633, 0.31877155414346175, -0.28287624648689047], [-0.38349252795134864, -0.3192957664048534, 0.8665931540010119], [0.18592405859122696, 0.8924320197218943, 0.41109285400267714]], "fy": 5843.288208345406, "fx": 5898.515318211818}, {"id": 22, "img_name": "C0296_000177", "width": 3840, "height": 2160, "position": [-0.44553431189021536, -3.824548632682894, 2.264702533288352], "rotation": [[-0.9336728782263146, 0.26386729307207135, -0.2421342770270371], [-0.3240272236458786, -0.33448771421514256, 0.884943120983192], [0.15251660500067565, 0.9047054883695278, 0.3978022932476905]], "fy": 5843.288208345406, "fx": 5898.515318211818}, {"id": 23, "img_name": "C0296_000185", "width": 3840, "height": 2160, "position": [-1.2610623447333618, -3.5119757960594296, 2.2679564407398813], "rotation": [[-0.9858187774566451, 0.12022641571290482, -0.11707667136843622], [-0.15656020186224553, -0.40773260439374637, 0.8995793608721498], [0.060417226076161026, 0.9051517730630151, 0.42077312950584395]], "fy": 5843.288208345406, "fx": 5898.515318211818}, {"id": 24, "img_name": "C0296_000193", "width": 3840, "height": 2160, "position": [-2.0175193787378496, -3.9294616113217598, 2.4443835756981493], "rotation": [[-0.9961374307295977, -0.08252566201787136, 0.029995569805356864], [0.06217218513995146, -0.4216552699901772, 0.904622270721009], [-0.06200676168257433, 0.9029929946561174, 0.42515739803938224]], "fy": 5843.288208345406, "fx": 5898.515318211818}, {"id": 25, "img_name": "C0296_000201", "width": 3840, "height": 2160, "position": [-2.2488413849774034, -4.2501036105872565, 2.672710048896249], "rotation": [[-0.9756639059581139, -0.2039033379072465, 0.08064348331291418], [0.1557719125613785, -0.38570002830774996, 0.9093792385030414], [-0.1543212683576936, 0.8998104894663566, 0.40807600907035485]], "fy": 5843.288208345406, "fx": 5898.515318211818}, {"id": 26, "img_name": "C0296_000002", "width": 3840, "height": 2160, "position": [-5.1073055046818014, 1.1689146769836993, -0.06679056682273365], "rotation": [[0.4121038032033503, -0.7690666032211201, 0.48857651928358425], [0.7719770361886463, 0.5795443308465028, 0.2611126656848971], [-0.48396478279181404, 0.26956433071459535, 0.8325341798530943]], "fy": 5843.288208345406, "fx": 5898.515318211818}, {"id": 27, "img_name": "C0296_000003", "width": 3840, "height": 2160, "position": [-5.109066749238488, 1.16832453845143, -0.0664231086215854], "rotation": [[0.41219718545472067, -0.7691134927232175, 0.488423909748796], [0.7720051949064543, 0.5795313842447153, 0.2610581423990675], [-0.4838403242193174, 0.26945836410565843, 0.8326408173233213]], "fy": 5843.288208345406, "fx": 5898.515318211818}, {"id": 28, "img_name": "C0296_000004", "width": 3840, "height": 2160, "position": [-5.113245582533519, 1.1687231354067298, -0.06895222425070155], "rotation": [[0.41133269453226445, -0.7697074439875147, 0.4882170266172963], [0.7724038201897414, 0.5787338543963076, 0.26164759569292295], [-0.483939823702411, 0.2694764858866177, 0.8325771259103141]], "fy": 5843.288208345406, "fx": 5898.515318211818}, {"id": 29, "img_name": "C0296_000005", "width": 3840, "height": 2160, "position": [-5.099204913079491, 1.1942073718323838, -0.09000879167129568], "rotation": [[0.412654155228029, -0.7694543191168457, 0.48750035791317436], [0.7727775874075031, 0.5790546241075087, 0.2598279097794352], [-0.4822150439105778, 0.26951028383373976, 0.8335663490893669]], "fy": 5843.288208345406, "fx": 5898.515318211818}, {"id": 30, "img_name": "C0296_000006", "width": 3840, "height": 2160, "position": [-5.076062809432591, 1.1997935085884446, -0.1056143873685983], "rotation": [[0.4150708739925314, -0.7680538556855041, 0.4876570970771438], [0.7702267512043941, 0.581936294611631, 0.26096149283526393], [-0.4842178448717069, 0.26728902667396554, 0.8331204324270793]], "fy": 5843.288208345406, "fx": 5898.515318211818}, {"id": 31, "img_name": "C0296_000007", "width": 3840, "height": 2160, "position": [-5.028377850769316, 1.249433795872928, -0.1408200694674426], "rotation": [[0.43774192563413783, -0.7577594962007033, 0.4839241184935638], [0.7604458237376844, 0.5991927473727191, 0.2503801123409109], [-0.47969172986620395, 0.258396202397769, 0.8385268313443405]], "fy": 5843.288208345406, "fx": 5898.515318211818}, {"id": 32, "img_name": "C0296_000008", "width": 3840, "height": 2160, "position": [-4.95852453318915, 1.296880470853845, -0.18351347025080397], "rotation": [[0.464516971479256, -0.7457099276694722, 0.47764075096554565], [0.7463595531596565, 0.619964058694532, 0.2420578099015206], [-0.47662501047999767, 0.2440517766831317, 0.8445515553728791]], "fy": 5843.288208345406, "fx": 5898.515318211818}, {"id": 33, "img_name": "C0296_000010", "width": 3840, "height": 2160, "position": [-4.794049832062766, 1.39822068580234, -0.2560175844436946], "rotation": [[0.5208781637863399, -0.7157744568304836, 0.46513746939974315], [0.7127979208081081, 0.6645139666571818, 0.22436646854905862], [-0.469686131988383, 0.21468142692502287, 0.8563333593590915]], "fy": 5843.288208345406, "fx": 5898.515318211818}, {"id": 34, "img_name": "C0296_000011", "width": 3840, "height": 2160, "position": [-4.709655837560333, 1.4529517395051743, -0.28549014445259974], "rotation": [[0.5414439374478869, -0.7072919499948015, 0.45450694172199374], [0.7017778064894956, 0.6779168321829105, 0.21894446547442079], [-0.4629755640632893, 0.20041673112701636, 0.8634157520943434]], "fy": 5843.288208345406, "fx": 5898.515318211818}, {"id": 35, "img_name": "C0296_000012", "width": 3840, "height": 2160, "position": [-4.61974895979177, 1.501499995599196, -0.3122905094269279], "rotation": [[0.5607376980588439, -0.6986041553369947, 0.4444383738175103], [0.6902628839852287, 0.6908592656998013, 0.21505958706629663], [-0.45728588975395196, 0.18618729586793906, 0.8696113533581084]], "fy": 5843.288208345406, "fx": 5898.515318211818}, {"id": 36, "img_name": "C0296_000013", "width": 3840, "height": 2160, "position": [-4.531839297243754, 1.5318814801739162, -0.3381233072647841], "rotation": [[0.5778825016318958, -0.6905183350835367, 0.43501292305070954], [0.6795373139732083, 0.7023120689273646, 0.2121009117308126], [-0.4519743944359452, 0.17303810780410522, 0.875086829989936]], "fy": 5843.288208345406, "fx": 5898.515318211818}, {"id": 37, "img_name": "C0296_000014", "width": 3840, "height": 2160, "position": [-4.41577748439176, 1.5699948952739058, -0.3700341079858927], "rotation": [[0.5977133237124919, -0.6795037517544594, 0.4254567357654357], [0.6656801053945752, 0.7163855745452608, 0.20895383668486175], [-0.446775984066325, 0.15832359247778136, 0.8805253319050487]], "fy": 5843.288208345406, "fx": 5898.515318211818}, {"id": 38, "img_name": "C0296_000015", "width": 3840, "height": 2160, "position": [-4.334767836171369, 1.5967160945035124, -0.3920873682961563], "rotation": [[0.6153819234481565, -0.6677369089218407, 0.418846641095226], [0.653039816873313, 0.7294748043136876, 0.2034834328626699], [-0.4414114700269094, 0.14830350749396515, 0.8849643969073955]], "fy": 5843.288208345406, "fx": 5898.515318211818}, {"id": 39, "img_name": "C0296_000016", "width": 3840, "height": 2160, "position": [-4.2549986450712485, 1.6223496775415107, -0.4171734340752423], "rotation": [[0.6386654231598082, -0.6497407722624461, 0.41224192668856846], [0.6348598566986593, 0.7476571473140413, 0.19483775923261876], [-0.43480965906090546, 0.13727971055487445, 0.88999710193759]], "fy": 5843.288208345406, "fx": 5898.515318211818}, {"id": 40, "img_name": "C0296_000018", "width": 3840, "height": 2160, "position": [-4.053777725393047, 1.6940848027211843, -0.49653955037954095], "rotation": [[0.6953631561002453, -0.604696823932915, 0.3883449912947906], [0.5887601002417711, 0.7892104143071266, 0.1746667292659753], [-0.41210632790774465, 0.10718522787501493, 0.9048092071944094]], "fy": 5843.288208345406, "fx": 5898.515318211818}, {"id": 41, "img_name": "C0296_000019", "width": 3840, "height": 2160, "position": [-4.001361891318726, 1.781306750603503, -0.5278787421308612], "rotation": [[0.7166287852234133, -0.5822258243712191, 0.38400035628169554], [0.5702807840204944, 0.8061165530868498, 0.1579744606458472], [-0.40152585416904973, 0.10577897841551724, 0.9097185257865118]], "fy": 5843.288208345406, "fx": 5898.515318211818}, {"id": 42, "img_name": "C0296_000020", "width": 3840, "height": 2160, "position": [-3.900656100072643, 1.8165311984814765, -0.580297901358394], "rotation": [[0.7451320512876071, -0.5570210994839093, 0.3667502159149459], [0.5431838096599299, 0.8259496345516203, 0.15085937195736285], [-0.3869490600418197, 0.08680262619173221, 0.9180063883323311]], "fy": 5843.288208345406, "fx": 5898.515318211818}, {"id": 43, "img_name": "C0296_000021", "width": 3840, "height": 2160, "position": [-3.823790974731054, 1.8424196333492913, -0.608731437725242], "rotation": [[0.7600474027173447, -0.5437551156339714, 0.35589088193504576], [0.5289233228397675, 0.8357751342678769, 0.1473772149813246], [-0.37758186420795875, 0.07622531837518828, 0.9228334826282821]], "fy": 5843.288208345406, "fx": 5898.515318211818}, {"id": 44, "img_name": "C0296_000022", "width": 3840, "height": 2160, "position": [-3.7685525785824665, 1.919198944938237, -0.6317461373155194], "rotation": [[0.774365839053403, -0.5274720651312378, 0.3494721273768571], [0.5150935203199292, 0.8462802808696108, 0.13597187773828523], [-0.36747273726297264, 0.07471885115176614, 0.9270279826688181]], "fy": 5843.288208345406, "fx": 5898.515318211818}, {"id": 45, "img_name": "C0296_000023", "width": 3840, "height": 2160, "position": [-3.719971422646223, 1.9939862267987436, -0.6456115676733419], "rotation": [[0.7862533204509945, -0.5139153681920375, 0.3430695416614946], [0.5035751394297711, 0.8546836408983319, 0.12620599402983068], [-0.3580751248384508, 0.07353141040952205, 0.9307928537838666]], "fy": 5843.288208345406, "fx": 5898.515318211818}, {"id": 46, "img_name": "C0296_000024", "width": 3840, "height": 2160, "position": [-3.6356327863091784, 2.0229850886736167, -0.6833389604739177], "rotation": [[0.8041340963822142, -0.49431085432178185, 0.33018954304343107], [0.48255099237014887, 0.8671841964768803, 0.12302889556251358], [-0.3471496720409574, 0.06040156190379004, 0.9358625735231846]], "fy": 5843.288208345406, "fx": 5898.515318211818}, {"id": 47, "img_name": "C0296_000026", "width": 3840, "height": 2160, "position": [-3.493368685824345, 2.0726143739679466, -0.7545680742591483], "rotation": [[0.8308933246820858, -0.4606846934178242, 0.31206713420236204], [0.4480512630396127, 0.8864883600839805, 0.11570848337188819], [-0.3299490092231792, 0.04368066718973061, 0.9429876195510216]], "fy": 5843.288208345406, "fx": 5898.515318211818}, {"id": 48, "img_name": "C0296_000027", "width": 3840, "height": 2160, "position": [-3.4239805614634253, 2.145676248495724, -0.7893651792261354], "rotation": [[0.8466593633588859, -0.4351881158853947, 0.306233940360709], [0.42386751665124606, 0.8994605908256069, 0.10633425543800977], [-0.32172076520584064, 0.03977372680263298, 0.9459988371512925]], "fy": 5843.288208345406, "fx": 5898.515318211818}, {"id": 49, "img_name": "C0296_000028", "width": 3840, "height": 2160, "position": [-3.351494854544239, 2.1694255824256126, -0.8096054071359089], "rotation": [[0.8575771349610596, -0.4188020202867045, 0.29860730968239035], [0.40594868119081856, 0.9076016775769142, 0.107074100972206], [-0.3158593450120092, 0.0293949428192291, 0.9483505741576999]], "fy": 5843.288208345406, "fx": 5898.515318211818}, {"id": 50, "img_name": "C0296_000029", "width": 3840, "height": 2160, "position": [-3.2821169665381773, 2.190764174598186, -0.8128420101694882], "rotation": [[0.8664105835786583, -0.40360910328336796, 0.2939938645783006], [0.38972755557459426, 0.9146735149567911, 0.10716712864698984], [-0.31216203018422994, 0.021726775724541784, 0.9497804031079369]], "fy": 5843.288208345406, "fx": 5898.515318211818}, {"id": 51, "img_name": "C0296_000030", "width": 3840, "height": 2160, "position": [-3.22904223603854, 2.2054443570272024, -0.7984275718236802], "rotation": [[0.8743195196949913, -0.3885788874194155, 0.2908123548479485], [0.37582410705675523, 0.9211755005411734, 0.10095512744636169], [-0.3071182476430089, 0.021027255042152946, 0.9514390345734611]], "fy": 5843.288208345406, "fx": 5898.515318211818}, {"id": 52, "img_name": "C0296_000031", "width": 3840, "height": 2160, "position": [-3.198119047229552, 2.191013556148951, -0.7301318734055489], "rotation": [[0.8864970853657484, -0.3654601223877609, 0.2838341356890602], [0.3542301645585533, 0.9306315828872345, 0.09190129188221832], [-0.2977312683526091, 0.01907238519753713, 0.9544591850718517]], "fy": 5843.288208345406, "fx": 5898.515318211818}, {"id": 53, "img_name": "C0296_000032", "width": 3840, "height": 2160, "position": [-3.094655429352335, 2.1886488407351496, -0.7269764950432505], "rotation": [[0.9027652976572769, -0.34163170054513886, 0.2613476583564603], [0.33314460234644583, 0.9396794512573132, 0.07757063111888976], [-0.2720836108132884, 0.01703848782583043, 0.9621227565437853]], "fy": 5843.288208345406, "fx": 5898.515318211818}, {"id": 54, "img_name": "C0296_000034", "width": 3840, "height": 2160, "position": [-2.9625783644535315, 2.3193367120238593, -0.6960419907616658], "rotation": [[0.9239237158254137, -0.29914681887933275, 0.2384872073922113], [0.29453690865944515, 0.9540206407185597, 0.05561138840459246], [-0.24415768833419432, 0.01886260420314452, 0.9695520746148594]], "fy": 5843.288208345406, "fx": 5898.515318211818}, {"id": 55, "img_name": "C0296_000035", "width": 3840, "height": 2160, "position": [-2.866367889874257, 2.3613547265862387, -0.7202453369583655], "rotation": [[0.9306063551101278, -0.2912642466506191, 0.2216685599080082], [0.28604413390331535, 0.9565764046946599, 0.05603869592469671], [-0.22836498262243524, 0.01125702467287461, 0.9735105105274258]], "fy": 5843.288208345406, "fx": 5898.515318211818}, {"id": 56, "img_name": "C0296_000036", "width": 3840, "height": 2160, "position": [-2.7638225552648863, 2.402678610968355, -0.7495466245461984], "rotation": [[0.9360060680049616, -0.2833100993416238, 0.2088732349271453], [0.2775633725512894, 0.959017048390765, 0.056963805296164065], [-0.2164514145849949, 0.004657092108213484, 0.9762822832650658]], "fy": 5843.288208345406, "fx": 5898.515318211818}, {"id": 57, "img_name": "C0296_000037", "width": 3840, "height": 2160, "position": [-2.611134299400439, 2.4176804488372263, -0.7937169862019369], "rotation": [[0.9437836244558346, -0.2676593164219236, 0.19398701127023088], [0.2605234491229598, 0.9634814082404028, 0.06189594843094953], [-0.20346990604530352, -0.007878217288117925, 0.9790495038690723]], "fy": 5843.288208345406, "fx": 5898.515318211818}, {"id": 58, "img_name": "C0296_000038", "width": 3840, "height": 2160, "position": [-2.4954575601060687, 2.4193082783147526, -0.8344198141457692], "rotation": [[0.9516374583627832, -0.24587946519466172, 0.1841994474378492], [0.23849446459650459, 0.969189335510896, 0.06158264600335281], [-0.1936660481283399, -0.014673804126223851, 0.9809577673247798]], "fy": 5843.288208345406, "fx": 5898.515318211818}, {"id": 59, "img_name": "C0296_000039", "width": 3840, "height": 2160, "position": [-2.373209815761537, 2.4053540986557347, -0.8716292654601641], "rotation": [[0.9594993007882023, -0.221635747975687, 0.17389274569748045], [0.2140745834719446, 0.974889682708646, 0.06133660619523412], [-0.18312062827072284, -0.021626413653067535, 0.9828525493349662]], "fy": 5843.288208345406, "fx": 5898.515318211818}, {"id": 60, "img_name": "C0296_000040", "width": 3840, "height": 2160, "position": [-2.256921062394069, 2.4093972368620244, -0.9087129120624794], "rotation": [[0.9665044149420432, -0.19724652174786503, 0.16420421905635565], [0.1900351559972076, 0.9800218765757539, 0.05868356599640579], [-0.17249885617781813, -0.02551335123629478, 0.9846792439805147]], "fy": 5843.288208345406, "fx": 5898.515318211818}, {"id": 61, "img_name": "C0296_000042", "width": 3840, "height": 2160, "position": [-2.0363908464815452, 2.4193446572051838, -0.9878782479414564], "rotation": [[0.9790515184144211, -0.14951138537238245, 0.1382189203200758], [0.14371898114128598, 0.9883016921022884, 0.05103547636168837], [-0.14423237760685775, -0.030101678222064412, 0.989085896279028]], "fy": 5843.288208345406, "fx": 5898.515318211818}, {"id": 62, "img_name": "C0296_000043", "width": 3840, "height": 2160, "position": [-1.934537745792585, 2.3941768961367034, -1.0368774998624248], "rotation": [[0.9833868112583715, -0.13136260307118489, 0.12527667762777986], [0.12544828465663027, 0.9906284167012992, 0.05401914383425781], [-0.13119873215775146, -0.03740596928619145, 0.9906501330651298]], "fy": 5843.288208345406, "fx": 5898.515318211818}, {"id": 63, "img_name": "C0296_000044", "width": 3840, "height": 2160, "position": [-1.8294364981518916, 2.428244852027346, -1.074695402367775], "rotation": [[0.988851296008511, -0.09820250684174539, 0.11193472219238026], [0.09309377953668507, 0.994401082972598, 0.0500003439438111], [-0.11621816808857158, -0.039022478559431355, 0.9924568421715955]], "fy": 5843.288208345406, "fx": 5898.515318211818}, {"id": 64, "img_name": "C0296_000045", "width": 3840, "height": 2160, "position": [-1.7808048053310472, 2.4452438744215486, -1.0999774080727527], "rotation": [[0.9925958682491779, -0.07406194467860801, 0.09627185821974907], [0.06943282282395213, 0.9963035342854861, 0.05058014121121739], [-0.09966205621678861, -0.04352121230700987, 0.9940691015366938]], "fy": 5843.288208345406, "fx": 5898.515318211818}, {"id": 65, "img_name": "C0296_000046", "width": 3840, "height": 2160, "position": [-1.7255767797296855, 2.4632591413042544, -1.1325583075920596], "rotation": [[0.9951122369634822, -0.055322280853730796, 0.08179902864139216], [0.05145142909212547, 0.9974875369475752, 0.04869665366981276], [-0.08428752155516467, -0.04424995904405601, 0.995458464645656]], "fy": 5843.288208345406, "fx": 5898.515318211818}, {"id": 66, "img_name": "C0296_000047", "width": 3840, "height": 2160, "position": [-1.6438217117616494, 2.4884222172215607, -1.128450563328891], "rotation": [[0.9971440864167652, -0.033176749187926576, 0.0678452226571333], [0.030426367424651334, 0.9986884244318966, 0.04117847825110023], [-0.06912240656556091, -0.03899659240315275, 0.9968457045558895]], "fy": 5843.288208345406, "fx": 5898.515318211818}, {"id": 67, "img_name": "C0296_000048", "width": 3840, "height": 2160, "position": [-1.6069734770561812, 2.500264712732487, -1.1345899836051954], "rotation": [[0.9981079127991515, -0.0181617039509817, 0.05874305846070779], [0.015707975164638177, 0.9989955555610988, 0.04196593243809696], [-0.0594462271632805, -0.04096379473106347, 0.9973906524513267]], "fy": 5843.288208345406, "fx": 5898.515318211818}, {"id": 68, "img_name": "C0296_000050", "width": 3840, "height": 2160, "position": [-1.5146073690136856, 2.5300863537910665, -1.1528217569240446], "rotation": [[0.9988735641834389, 0.010071449282156395, 0.04636991141710531], [-0.011785343809912177, 0.9992517696288367, 0.036837570019213665], [-0.04596420832294848, -0.03734256020943471, 0.998244872138219]], "fy": 5843.288208345406, "fx": 5898.515318211818}, {"id": 69, "img_name": "C0296_000051", "width": 3840, "height": 2160, "position": [-1.439642145404237, 2.5004366411641716, -1.1935661196635434], "rotation": [[0.9985503263781668, 0.03305163423755913, 0.04248335161311594], [-0.034651842505299096, 0.9986956859811819, 0.03749902150142919], [-0.041188536039108964, -0.03891678656830894, 0.9983932032131188]], "fy": 5843.288208345406, "fx": 5898.515318211818}, {"id": 70, "img_name": "C0296_000052", "width": 3840, "height": 2160, "position": [-1.3819735606927825, 2.5212822877322694, -1.2319325308766726], "rotation": [[0.998021945928399, 0.04996971525662799, 0.03814738526378121], [-0.051049996466528094, 0.9983065964762602, 0.027889734540738013], [-0.03668914425357044, -0.029781991020697157, 0.9988828458356785]], "fy": 5843.288208345406, "fx": 5898.515318211818}, {"id": 71, "img_name": "C0296_000053", "width": 3840, "height": 2160, "position": [-1.3190359666240772, 2.59585111204247, -1.2661119379923338], "rotation": [[0.9971327812521149, 0.0695923832150082, 0.029717280341196316], [-0.07006886712455722, 0.9974247519212115, 0.01530418618519072], [-0.028575696182297206, -0.017342561903169917, 0.9994411764252721]], "fy": 5843.288208345406, "fx": 5898.515318211818}, {"id": 72, "img_name": "C0296_000054", "width": 3840, "height": 2160, "position": [-1.2229877828463336, 2.6278310198638386, -1.297747245048098], "rotation": [[0.9947463807199995, 0.10109430468601875, 0.016111474312181438], [-0.10134511129076335, 0.9947291142469504, 0.01559351425881896], [-0.014450137090161916, -0.017144411028892168, 0.9997485997532318]], "fy": 5843.288208345406, "fx": 5898.515318211818}, {"id": 73, "img_name": "C0296_000055", "width": 3840, "height": 2160, "position": [-1.1484542026375035, 2.651377121559639, -1.3002796251128164], "rotation": [[0.9928333352915971, 0.11929730686806014, 0.00707961212152069], [-0.11940100762296514, 0.9927057820593336, 0.01669220310766762], [-0.0050366370113315235, -0.017417888505639734, 0.9998356112119738]], "fy": 5843.288208345406, "fx": 5898.515318211818}, {"id": 74, "img_name": "C0296_000056", "width": 3840, "height": 2160, "position": [-1.0896406417503597, 2.6679556228788748, -1.2800497164913993], "rotation": [[0.990425192100575, 0.13803047788108974, 0.0023507506155994212], [-0.1380500637049668, 0.9903210127233639, 0.014369122089593745], [-0.000344620941542142, -0.014556061778140492, 0.9998939955324853]], "fy": 5843.288208345406, "fx": 5898.515318211818}, {"id": 75, "img_name": "C0296_000058", "width": 3840, "height": 2160, "position": [-0.9346050539191963, 2.6577560101286717, -1.2509663833291578], "rotation": [[0.9824052004601497, 0.186104046790633, -0.015662243677169806], [-0.18591756851234245, 0.9824841117467441, 0.012634392888843271], [0.01773921721248177, -0.00950020701674914, 0.999797512619094]], "fy": 5843.288208345406, "fx": 5898.515318211818}, {"id": 76, "img_name": "C0296_000059", "width": 3840, "height": 2160, "position": [-0.8738528709834403, 2.6282887360071774, -1.2564267069082589], "rotation": [[0.9783197942604006, 0.20599800510763122, -0.02133546460623292], [-0.20579396992820514, 0.9785291973848003, 0.011377688985352062], [0.023221156290686506, -0.006740308385729076, 0.9997076303316829]], "fy": 5843.288208345406, "fx": 5898.515318211818}, {"id": 77, "img_name": "C0296_000060", "width": 3840, "height": 2160, "position": [-0.8223081490471685, 2.6083427935629033, -1.257431894851507], "rotation": [[0.9742232565694833, 0.22416323201572036, -0.025296082135719575], [-0.2240021830276863, 0.9745464681115305, 0.00906661404123176], [0.02668460900934631, -0.003166528636858563, 0.9996388871679665]], "fy": 5843.288208345406, "fx": 5898.515318211818}, {"id": 78, "img_name": "C0296_000061", "width": 3840, "height": 2160, "position": [-0.7319089477979659, 2.549939182746276, -1.2777946760794638], "rotation": [[0.9689676755684031, 0.24294967098540873, -0.0455752243181248], [-0.24308076304877674, 0.9700022175410211, 0.00272774652897402], [0.04487077377525635, 0.008435362089649205, 0.998957185432502]], "fy": 5843.288208345406, "fx": 5898.515318211818}, {"id": 79, "img_name": "C0296_000062", "width": 3840, "height": 2160, "position": [-0.671433251994749, 2.5684763210353174, -1.2975575263273247], "rotation": [[0.9658256618130016, 0.2534232064179322, -0.05438262068282232], [-0.25424097136142376, 0.9671029215502324, -0.008571324880355844], [0.05042141870948599, 0.02210469583276454, 0.9984833814127623]], "fy": 5843.288208345406, "fx": 5898.515318211818}, {"id": 80, "img_name": "C0296_000063", "width": 3840, "height": 2160, "position": [-0.5878341334737456, 2.5109956548277568, -1.3248639080223739], "rotation": [[0.9612375975384286, 0.2675190263395722, -0.06675216569428337], [-0.26880641375127884, 0.9631320210173338, -0.010946324371332852], [0.06136279821460299, 0.028465428810987792, 0.9977095400756075]], "fy": 5843.288208345406, "fx": 5898.515318211818}, {"id": 81, "img_name": "C0296_000064", "width": 3840, "height": 2160, "position": [-0.4908209507716784, 2.470363240603858, -1.3577357702288528], "rotation": [[0.9547459691030021, 0.28589840850415926, -0.08198923402714714], [-0.2882832767785963, 0.9573636612811504, -0.01864329338249269], [0.0731634253665359, 0.04143573425365274, 0.9964588266032349]], "fy": 5843.288208345406, "fx": 5898.515318211818}, {"id": 82, "img_name": "C0296_000066", "width": 3840, "height": 2160, "position": [-0.327545216268871, 2.3983289565616626, -1.4676424288968408], "rotation": [[0.9440260441598755, 0.3152027764876507, -0.0972730057227225], [-0.31917808855378466, 0.9472799616256469, -0.02803608549112271], [0.08330771713958486, 0.05751420691437258, 0.9948627745915523]], "fy": 5843.288208345406, "fx": 5898.515318211818}, {"id": 83, "img_name": "C0296_000067", "width": 3840, "height": 2160, "position": [-0.23908511683477723, 2.4267622518263763, -1.522331554493386], "rotation": [[0.9387137229995483, 0.3285172580005148, -0.10436933193304675], [-0.33364141833349065, 0.9420251974588515, -0.035664146211965383], [0.08660225300039247, 0.06830035540489486, 0.9938989441723042]], "fy": 5843.288208345406, "fx": 5898.515318211818}, {"id": 84, "img_name": "C0296_000068", "width": 3840, "height": 2160, "position": [-0.11772911742543588, 2.347980123734912, -1.6020240253976017], "rotation": [[0.9313810373011719, 0.3449396529883062, -0.11638728088627223], [-0.35028189264728427, 0.936212725584029, -0.028431112147791864], [0.09915623550351994, 0.06724855575275086, 0.9927968939868516]], "fy": 5843.288208345406, "fx": 5898.515318211818}, {"id": 85, "img_name": "C0296_000069", "width": 3840, "height": 2160, "position": [-0.015071905926946827, 2.3585314184950956, -1.6648737072341884], "rotation": [[0.9231508746383709, 0.35998099417860413, -0.1349301540968333], [-0.36767744459674034, 0.9292403115263513, -0.03641071503308599], [0.11227537303087581, 0.08322335768636988, 0.9901858983777664]], "fy": 5843.288208345406, "fx": 5898.515318211818}, {"id": 86, "img_name": "C0296_000070", "width": 3840, "height": 2160, "position": [0.13944963385573042, 2.465677572199083, -1.7315856417836186], "rotation": [[0.911283636498035, 0.3787466324676145, -0.1615955514404993], [-0.38975091594883776, 0.9199765433581707, -0.04168192879166937], [0.13287722667168836, 0.10096607383271676, 0.9859764168411166]], "fy": 5843.288208345406, "fx": 5898.515318211818}, {"id": 87, "img_name": "C0296_000071", "width": 3840, "height": 2160, "position": [0.27011070139018223, 2.434349379194916, -1.7966771889123816], "rotation": [[0.8939600813315436, 0.4070690907274111, -0.18743032934949086], [-0.4187688293180128, 0.9077231210352715, -0.025911447848519738], [0.15958709401866103, 0.10165377962645661, 0.9819360816826801]], "fy": 5843.288208345406, "fx": 5898.515318211818}, {"id": 88, "img_name": "C0296_000072", "width": 3840, "height": 2160, "position": [0.3622060924219463, 2.4637863842617898, -1.8324733317061874], "rotation": [[0.8841371457336822, 0.4181597968334206, -0.2084319837408119], [-0.43195381651822246, 0.9015895429188443, -0.023498861562446068], [0.17809381777377747, 0.11080920725111978, 0.9777545252562827]], "fy": 5843.288208345406, "fx": 5898.515318211818}, {"id": 89, "img_name": "C0296_000074", "width": 3840, "height": 2160, "position": [0.5935713033026024, 2.5043628299119014, -1.9258932678047387], "rotation": [[0.8611684272146206, 0.443789864753146, -0.2478699173176947], [-0.46225853390697486, 0.8865474459762541, -0.01872628802392255], [0.21143790530288245, 0.13070647258405002, 0.9686123219460736]], "fy": 5843.288208345406, "fx": 5898.515318211818}, {"id": 90, "img_name": "C0296_000075", "width": 3840, "height": 2160, "position": [0.7288355772513906, 2.506596787784103, -1.9636895550905564], "rotation": [[0.8544959160354, 0.45213670901178765, -0.2557520788631305], [-0.4730894718156482, 0.8806958971932832, -0.023687303014662927], [0.21452990732299745, 0.14123431959303487, 0.9664521642756453]], "fy": 5843.288208345406, "fx": 5898.515318211818}, {"id": 91, "img_name": "C0296_000076", "width": 3840, "height": 2160, "position": [0.8858874879376416, 2.4951117301079346, -1.9940736168265185], "rotation": [[0.848947434707365, 0.45825702439728827, -0.26322756826428223], [-0.4817887152934781, 0.8758027618206933, -0.029140284883748407], [0.21718169103228763, 0.1515586420425749, 0.9642935710158843]], "fy": 5843.288208345406, "fx": 5898.515318211818}, {"id": 92, "img_name": "C0296_000077", "width": 3840, "height": 2160, "position": [0.9843936018173453, 2.5456040217084417, -2.033387917732517], "rotation": [[0.841980472781904, 0.46959550418084395, -0.26561051543020747], [-0.4961921118307042, 0.8673126633604789, -0.03952381726931821], [0.2118071566565858, 0.16507212492632262, 0.9632699112716856]], "fy": 5843.288208345406, "fx": 5898.515318211818}, {"id": 93, "img_name": "C0296_000078", "width": 3840, "height": 2160, "position": [1.1229762455906425, 2.5604012273690335, -2.07708984315546], "rotation": [[0.8236231903358786, 0.49259693254930237, -0.28105711587498944], [-0.5229669206380372, 0.8513989671841501, -0.040316232414887035], [0.2194320857562039, 0.18018895837642326, 0.9588438345319333]], "fy": 5843.288208345406, "fx": 5898.515318211818}, {"id": 94, "img_name": "C0296_000079", "width": 3840, "height": 2160, "position": [1.2361121495676957, 2.572093024594418, -2.1009427818869533], "rotation": [[0.8074546837804621, 0.5104558218417412, -0.29572248407733], [-0.5443286407573892, 0.8379228147519054, -0.039895956805883155], [0.2274274928239922, 0.19318439498602508, 0.9544404250877455]], "fy": 5843.288208345406, "fx": 5898.515318211818}, {"id": 95, "img_name": "C0296_000080", "width": 3840, "height": 2160, "position": [1.3168013058332078, 2.582341732514411, -2.1144616482383207], "rotation": [[0.790344780214001, 0.5281066531192969, -0.3105776735691359], [-0.5651406406522032, 0.8241772621696544, -0.03671371413723274], [0.23658229999663843, 0.2045365577437632, 0.9498387294033829]], "fy": 5843.288208345406, "fx": 5898.515318211818}, {"id": 96, "img_name": "C0296_000082", "width": 3840, "height": 2160, "position": [1.5043927033568292, 2.5277995565537292, -2.065626460533227], "rotation": [[0.7553768317663726, 0.563109245602344, -0.3351325402699], [-0.6031912345145374, 0.7973503758606839, -0.01981698058873866], [0.2560589319579097, 0.21711829870369106, 0.9419625617467976]], "fy": 5843.288208345406, "fx": 5898.515318211818}, {"id": 97, "img_name": "C0296_000083", "width": 3840, "height": 2160, "position": [1.5735182124071425, 2.519969561311635, -2.00702383537834], "rotation": [[0.7428107820778515, 0.5768869595253853, -0.339755173556558], [-0.6174755133711897, 0.786453937531191, -0.014635386181138608], [0.25875883060463145, 0.2206618228675763, 0.9404000358958318]], "fy": 5843.288208345406, "fx": 5898.515318211818}, {"id": 98, "img_name": "C0296_000084", "width": 3840, "height": 2160, "position": [1.579152995302372, 2.561003511861224, -1.9622692864031472], "rotation": [[0.741270193332866, 0.5786178952120308, -0.3401761776148571], [-0.6190578607059534, 0.7852319779729743, -0.013345631001152294], [0.2593951918876368, 0.22048145524975507, 0.9402670164993169]], "fy": 5843.288208345406, "fx": 5898.515318211818}, {"id": 99, "img_name": "C0296_000085", "width": 3840, "height": 2160, "position": [1.6327659077517378, 2.4541468304981957, -1.89556399687132], "rotation": [[0.7358096914437827, 0.580