[{"id": 0, "img_name": "pot1_000001", "width": 1280, "height": 720, "position": [-5.532487000476609, -0.7985648492912255, 0.9274310356736262], "rotation": [[0.39366259493845207, -0.4743490707725449, 0.7874152147396868], [0.5274550794104854, 0.8180999743684693, 0.22913657748685298], [-0.7528750896067703, 0.3251236549307558, 0.5722531856215954]], "fy": 1111.095284674149, "fx": 1111.095284674149}, {"id": 1, "img_name": "pot1_000009", "width": 1280, "height": 720, "position": [-5.445428567303969, -0.7464180914377848, 0.8664579111502231], "rotation": [[0.4429962000423472, -0.4706481280923158, 0.7630496093120288], [0.5175619387657969, 0.8292245304372079, 0.21098890412100188], [-0.7320409867548606, 0.3014581523933146, 0.610932873617535]], "fy": 1111.095284674149, "fx": 1111.095284674149}, {"id": 2, "img_name": "pot1_000017", "width": 1280, "height": 720, "position": [-5.2132423950574776, -0.6291545425635374, 0.6325562917977924], "rotation": [[0.5278049425959489, -0.46198128954125944, 0.71273784148527], [0.4994991061294069, 0.8475243845596123, 0.17945211214353043], [-0.6869662186361207, 0.2612962029778575, 0.6780868003155228]], "fy": 1111.095284674149, "fx": 1111.095284674149}, {"id": 3, "img_name": "pot1_000025", "width": 1280, "height": 720, "position": [-4.834422263010299, -0.4235183658023036, 0.410847616697714], "rotation": [[0.5972200882780687, -0.4459544301225857, 0.6666729426121742], [0.4765614308383101, 0.8658527499082318, 0.15227678126915947], [-0.6451491058619534, 0.22676785868017688, 0.7296293370439055]], "fy": 1111.095284674149, "fx": 1111.095284674149}, {"id": 4, "img_name": "pot1_000033", "width": 1280, "height": 720, "position": [-4.490073402240302, -0.21443735329831062, 0.1737464935095579], "rotation": [[0.6708353067097044, -0.41775682406652104, 0.6127472784252498], [0.44034038738697795, 0.8892051908289206, 0.12415503146787457], [-0.5967246722799244, 0.1865297953377862, 0.7804654386605857]], "fy": 1111.095284674149, "fx": 1111.095284674149}, {"id": 5, "img_name": "pot1_000041", "width": 1280, "height": 720, "position": [-4.231169689807644, -0.003490510706347931, 0.03616817103926484], "rotation": [[0.7316884731359382, -0.38865423581125763, 0.5599820204845568], [0.40491947126466377, 0.9086906053061106, 0.10159530313532876], [-0.5483358460567251, 0.1524115114234534, 0.8222521092188663]], "fy": 1111.095284674149, "fx": 1111.095284674149}, {"id": 6, "img_name": "pot1_000049", "width": 1280, "height": 720, "position": [-3.7243148217119324, 0.05661480861408312, 0.024272662936495396], "rotation": [[0.7696468914844021, -0.3663142866859064, 0.5229316454357993], [0.3795053030020881, 0.9211190080354363, 0.08669197211453311], [-0.5134387864406916, 0.1317331256958906, 0.8479545955843983]], "fy": 1111.095284674149, "fx": 1111.095284674149}, {"id": 7, "img_name": "pot1_000057", "width": 1280, "height": 720, "position": [-3.2379134575474033, 0.0928446577697265, -0.042152731098844556], "rotation": [[0.8065877292550621, -0.3435107499497258, 0.4810577924575582], [0.3528640802512188, 0.9327135112310013, 0.07438041970571255], [-0.47423957646280823, 0.10975368165174886, 0.873527877906746]], "fy": 1111.095284674149, "fx": 1111.095284674149}, {"id": 8, "img_name": "pot1_000065", "width": 1280, "height": 720, "position": [-2.7589017133607494, 0.14916099477178185, -0.1673176185013445], "rotation": [[0.8403711532032399, -0.3246859047892566, 0.43399929503979395], [0.3269273986690106, 0.9423087244908982, 0.07192178910351382], [-0.43231331330803374, 0.08144526370218418, 0.898037787711136]], "fy": 1111.095284674149, "fx": 1111.095284674149}, {"id": 9, "img_name": "pot1_000073", "width": 1280, "height": 720, "position": [-2.338976251026491, 0.20537319071035134, -0.2192046243109994], "rotation": [[0.8668612602852633, -0.31105950021183504, 0.38960690797855263], [0.303265896341902, 0.9492723751337164, 0.0831369588326119], [-0.3957036157689081, 0.04608627925919072, 0.9172211856098048]], "fy": 1111.095284674149, "fx": 1111.095284674149}, {"id": 10, "img_name": "pot1_000081", "width": 1280, "height": 720, "position": [-1.8286566259737136, 0.21481435402130725, -0.36729141772100876], "rotation": [[0.89877393976326, -0.2806843852696525, 0.3367813549889976], [0.2705607987231553, 0.9595637018111363, 0.07768111971899673], [-0.34496704102959774, 0.02130206638582552, 0.9383730401982878]], "fy": 1111.095284674149, "fx": 1111.095284674149}, {"id": 11, "img_name": "pot1_000089", "width": 1280, "height": 720, "position": [-1.135549000953596, 0.33347795257089335, -0.5023712234361798], "rotation": [[0.9468868653601066, -0.20738840415859003, 0.245754580891313], [0.20083542792086706, 0.9782586083553736, 0.051722587623301064], [-0.2511381992058431, 0.0003807875538792122, 0.967951166072176]], "fy": 1111.095284674149, "fx": 1111.095284674149}, {"id": 12, "img_name": "pot1_000097", "width": 1280, "height": 720, "position": [-0.4031278879994904, 0.4724806859066405, -0.665128520597794], "rotation": [[0.9813156916578738, -0.12452079754029355, 0.14667680213979956], [0.12118981398921412, 0.9921304780646918, 0.03146654541550713], [-0.1494407651589363, -0.013102880410647203, 0.9886838585886067]], "fy": 1111.095284674149, "fx": 1111.095284674149}, {"id": 13, "img_name": "pot1_000105", "width": 1280, "height": 720, "position": [0.19729112408910712, 0.6231787895244953, -0.8366658052014985], "rotation": [[0.9945398008306338, -0.07079495156498941, 0.07667241613953592], [0.06956811336688937, 0.9974045557283252, 0.018558820408474175], [-0.07778728794819237, -0.01312353021458685, 0.9968835994178918]], "fy": 1111.095284674149, "fx": 1111.095284674149}, {"id": 14, "img_name": "pot1_000113", "width": 1280, "height": 720, "position": [0.7219460022207101, 0.6916380011349837, -0.8785406812502002], "rotation": [[0.9991570900921524, -0.034126977813595694, 0.02281356403311118], [0.03398237225875599, 0.9993999969515704, 0.006696601292335847], [-0.023028410588875812, -0.005915697635235482, 0.9997173084563648]], "fy": 1111.095284674149, "fx": 1111.095284674149}, {"id": 15, "img_name": "pot1_000121", "width": 1280, "height": 720, "position": [1.2006509315463185, 0.6869606795925324, -0.6878720337736859], "rotation": [[0.9996557324051814, 0.004381357614525922, -0.025869294055187876], [-0.0044769056146406775, 0.9999833656185682, -0.003636729613093397], [0.02585292992250089, 0.003751291992738953, 0.9996587186749323]], "fy": 1111.095284674149, "fx": 1111.095284674149}, {"id": 16, "img_name": "pot1_000129", "width": 1280, "height": 720, "position": [1.7358071047721872, 0.5342879838492448, -0.5526821367910688], "rotation": [[0.9943594575839295, 0.05578426368113978, -0.09020745556187061], [-0.056438136602123684, 0.9983949783982016, -0.004712095726419785], [0.08979980985655715, 0.009776657650137185, 0.9959118490684395]], "fy": 1111.095284674149, "fx": 1111.095284674149}, {"id": 17, "img_name": "pot1_000137", "width": 1280, "height": 720, "position": [2.1860727133202182, 0.3634803083562417, -0.42307159078214407], "rotation": [[0.9830330091842845, 0.10509466176328393, -0.15033700450305354], [-0.1058889052836318, 0.9943742057050436, 0.002734733313773501], [0.14977864531342322, 0.013230687711693487, 0.9886310263747297]], "fy": 1111.095284674149, "fx": 1111.095284674149}, {"id": 18, "img_name": "pot1_000145", "width": 1280, "height": 720, "position": [2.4781633356664154, 0.19161518824075546, -0.2991287196834096], "rotation": [[0.9634795248773689, 0.1600926732069574, -0.21465679846566707], [-0.16098620650152215, 0.9868652685896333, 0.01343067264734673], [0.21398749135949263, 0.021616605583700405, 0.9765971922469928]], "fy": 1111.095284674149, "fx": 1111.095284674149}, {"id": 19, "img_name": "pot1_000153", "width": 1280, "height": 720, "position": [3.058114742716681, 0.017639554882003767, -0.14586225129793526], "rotation": [[0.9241139275925053, 0.2331040818722699, -0.30278034256543146], [-0.2348286092426963, 0.9715345053914533, 0.031244665383474965], [0.3014448093941825, 0.04222785630683081, 0.9525480749237986]], "fy": 1111.095284674149, "fx": 1111.095284674149}, {"id": 20, "img_name": "pot1_000161", "width": 1280, "height": 720, "position": [3.7986364967775748, -0.13947833249456526, 0.037183255241219106], "rotation": [[0.8715584998448666, 0.29738153003839374, -0.38980765377322923], [-0.3024908602309157, 0.9518489011595995, 0.04982919664236563], [0.38585626964574055, 0.07448419264036403, 0.9195471952117447]], "fy": 1111.095284674149, "fx": 1111.095284674149}, {"id": 21, "img_name": "pot1_000169", "width": 1280, "height": 720, "position": [4.32901784173132, -0.21990761353057406, 0.15005497656936204], "rotation": [[0.8131577748789054, 0.3524193656327386, -0.46322243456141615], [-0.3612060622147504, 0.9296106311679357, 0.07317277525737333], [0.4564040028015763, 0.10781774040745905, 0.8832161236527153]], "fy": 1111.095284674149, "fx": 1111.095284674149}, {"id": 22, "img_name": "pot1_000177", "width": 1280, "height": 720, "position": [4.634622441194293, -0.24755056527691513, 0.3633412997139122], "rotation": [[0.762819477505289, 0.3956636915898541, -0.5114261314168902], [-0.4057739160952555, 0.9087258395843033, 0.0978001916589305], [0.5034421255271335, 0.1329194930372959, 0.8537437757403741]], "fy": 1111.095284674149, "fx": 1111.095284674149}, {"id": 23, "img_name": "pot1_000185", "width": 1280, "height": 720, "position": [4.7277234375007975, -0.3362325334806569, 0.6188443738551778], "rotation": [[0.7294459596602052, 0.4222204978769735, -0.5381806788690235], [-0.4315476340180969, 0.8944912987891775, 0.11684158490808436], [0.5307308465774202, 0.1470209766086835, 0.8346913207457257]], "fy": 1111.095284674149, "fx": 1111.095284674149}, {"id": 24, "img_name": "pot1_000193", "width": 1280, "height": 720, "position": [4.868213671285306, -0.4591974129780356, 0.7906995649938381], "rotation": [[0.6982933250831576, 0.43431583516751754, -0.5689957710449606], [-0.44158562931826384, 0.8869879440282535, 0.13510928586934376], [0.5633724914511714, 0.15691444315700478, 0.8111653921394987]], "fy": 1111.095284674149, "fx": 1111.095284674149}, {"id": 25, "img_name": "pot1_000201", "width": 1280, "height": 720, "position": [4.951394857139673, -0.4804250062953016, 0.7975332925769333], "rotation": [[0.6818877477920954, 0.4318177162068002, -0.590391869338465], [-0.43804967152159374, 0.8874764138593715, 0.1431715758212273], [0.5857828818690827, 0.16099402104815244, 0.7943169018067661]], "fy": 1111.095284674149, "fx": 1111.095284674149}, {"id": 26, "img_name": "pot1_000209", "width": 1280, "height": 720, "position": [4.913722562807403, -0.45556892101284535, 0.8051295248448155], "rotation": [[0.6791291655815473, 0.43173854402978373, -0.5936205909969378], [-0.4418244734015833, 0.8862517054029, 0.13910086043538694], [0.5861524640909775, 0.1678086537383991, 0.7926320360486203]], "fy": 1111.095284674149, "fx": 1111.095284674149}, {"id": 27, "img_name": "pot1_000002", "width": 1280, "height": 720, "position": [-5.532487000476606, -0.7985648492912263, 0.9274310356736268], "rotation": [[0.39366259493845185, -0.4743490707725453, 0.7874152147396869], [0.5274550794104856, 0.818099974368469, 0.22913657748685318], [-0.7528750896067703, 0.325123654930756, 0.5722531856215953]], "fy": 1111.095284674149, "fx": 1111.095284674149}, {"id": 28, "img_name": "pot1_000003", "width": 1280, "height": 720, "position": [-5.525411949858082, -0.799446784006936, 0.9263321684863083], "rotation": [[0.3983530997074177, -0.4741627657704795, 0.7851652561788387], [0.5260772035269933, 0.8193338059507687, 0.22789227796361652], [-0.7513704704622812, 0.32227594695092776, 0.5758303831287233]], "fy": 1111.095284674149, "fx": 1111.095284674149}, {"id": 29, "img_name": "pot1_000004", "width": 1280, "height": 720, "position": [-5.518543644466814, -0.7969598638549491, 0.9180756815711048], "rotation": [[0.40353783606574767, -0.47387796761862716, 0.7826856882995963], [0.5251237895937637, 0.8204664218843949, 0.2260085311728357], [-0.749267789555949, 0.3198038810988033, 0.5799338386127199]], "fy": 1111.095284674149, "fx": 1111.095284674149}, {"id": 30, "img_name": "pot1_000005", "width": 1280, "height": 720, "position": [-5.5136230680325475, -0.793681728872532, 0.9121918085700562], "rotation": [[0.40896699599537384, -0.47336329257810994, 0.780175101772756], [0.523773152590097, 0.8218546663198344, 0.22409058899057935], [-0.7472668069788397, 0.31698911761750503, 0.5840464181036682]], "fy": 1111.095284674149, "fx": 1111.095284674149}, {"id": 31, "img_name": "pot1_000006", "width": 1280, "height": 720, "position": [-5.504246856641635, -0.7867822315235595, 0.9058601858491848], "rotation": [[0.4147419990679898, -0.47301822149091494, 0.7773305836943889], [0.5228646640510799, 0.8230377054547976, 0.22185914109284124], [-0.7447157963249059, 0.31442439081164425, 0.5886728167385407]], "fy": 1111.095284674149, "fx": 1111.095284674149}, {"id": 32, "img_name": "pot1_000007", "width": 1280, "height": 720, "position": [-5.4939190727396525, -0.7780644579004522, 0.8987769008044606], "rotation": [[0.420975415944882, -0.4725393848728774, 0.7742649604069628], [0.5218035245042821, 0.8243672859668963, 0.21940751956686033], [-0.7419573983625627, 0.311649013429428, 0.5936110775950207]], "fy": 1111.095284674149, "fx": 1111.095284674149}, {"id": 33, "img_name": "pot1_000008", "width": 1280, "height": 720, "position": [-5.478487726097318, -0.7677733731641897, 0.8909163031847588], "rotation": [[0.4279240229372539, -0.4718769251218961, 0.7708522544111166], [0.5204725511219414, 0.8259328263676831, 0.21666400221750964], [-0.738910924348676, 0.3084917079368507, 0.599035484768966]], "fy": 1111.095284674149, "fx": 1111.095284674149}, {"id": 34, "img_name": "pot1_000010", "width": 1280, "height": 720, "position": [-5.4275436148912775, -0.7378339463511516, 0.8447673131321191], "rotation": [[0.4507718013900036, -0.47029529924519403, 0.7587009388286564], [0.516196152340095, 0.8307611971247165, 0.2082723353237039], [-0.7282488004664975, 0.29775520962660124, 0.617248345286827]], "fy": 1111.095284674149, "fx": 1111.095284674149}, {"id": 35, "img_name": "pot1_000011", "width": 1280, "height": 720, "position": [-5.410121613485526, -0.7261184299356236, 0.8228678011429682], "rotation": [[0.4584338774830949, -0.46963147398405364, 0.7545095483951014], [0.5149778041841386, 0.832292820700168, 0.2051499983149924], [-0.7243177763754646, 0.2945079612752831, 0.6234010102429886]], "fy": 1111.095284674149, "fx": 1111.095284674149}, {"id": 36, "img_name": "pot1_000012", "width": 1280, "height": 720, "position": [-5.3748599622066555, -0.7051121679781345, 0.7851643897882874], "rotation": [[0.4743231495301125, -0.46810446351406326, 0.7455841743613161], [0.5119914060266716, 0.8356391209398674, 0.1989272724130044], [-0.7161580481811723, 0.2873768793641145, 0.6360284421566985]], "fy": 1111.095284674149, "fx": 1111.095284674149}, {"id": 37, "img_name": "pot1_000013", "width": 1280, "height": 720, "position": [-5.360595310738359, -0.6966402745732426, 0.7613812112407358], "rotation": [[0.482395726713181, -0.46737772339939676, 0.7408457508272954], [0.510223724267707, 0.8373960113441736, 0.1960603768721751], [-0.7120155293554017, 0.2834183901140952, 0.6424234601116944]], "fy": 1111.095284674149, "fx": 1111.095284674149}, {"id": 38, "img_name": "pot1_000014", "width": 1280, "height": 720, "position": [-5.330602628687979, -0.6786693311064881, 0.7161289468930689], "rotation": [[0.4976133738150418, -0.46568870563239406, 0.7317888764164406], [0.50681763538056, 0.8407631365764228, 0.19040281678965065], [-0.7039295523471572, 0.27613651989659194, 0.6543942295831543]], "fy": 1111.095284674149, "fx": 1111.095284674149}, {"id": 39, "img_name": "pot1_000015", "width": 1280, "height": 720, "position": [-5.305672204235977, -0.6673353444030811, 0.6927044123475071], "rotation": [[0.505462469811767, -0.46500607232688407, 0.7268266948254675], [0.505118263430435, 0.8423990397097896, 0.187668318703627], [-0.6995450175369774, 0.2722741460277658, 0.660684158917134]], "fy": 1111.095284674149, "fx": 1111.095284674149}, {"id": 40, "img_name": "pot1_000016", "width": 1280, "height": 720, "position": [-5.278524268656203, -0.6558726654469529, 0.6740331927639568], "rotation": [[0.5130409488125153, -0.4639861620444103, 0.7221536029632839], [0.503216307454201, 0.8441540592942423, 0.18487096064339523], [-0.695386462877811, 0.26855309644156217, 0.666571002698089]], "fy": 1111.095284674149, "fx": 1111.095284674149}, {"id": 41, "img_name": "pot1_000018", "width": 1280, "height": 720, "position": [-5.176283013190095, -0.6114120630664747, 0.6093546019498206], "rotation": [[0.5352735052081762, -0.4607506807892771, 0.7079485043238455], [0.4975912357853751, 0.8492650597093506, 0.17649878307358544], [-0.6825578632553695, 0.2577938488581348, 0.6838545860043442]], "fy": 1111.095284674149, "fx": 1111.095284674149}, {"id": 42, "img_name": "pot1_000019", "width": 1280, "height": 720, "position": [-5.140478808226592, -0.593913519322605, 0.587611726208965], "rotation": [[0.5424001926590416, -0.4593359941403004, 0.7034290834835993], [0.49547646603386564, 0.851077125205688, 0.17369743394251136], [-0.6784578856568964, 0.2543190347550955, 0.689214571778057]], "fy": 1111.095284674149, "fx": 1111.095284674149}, {"id": 43, "img_name": "pot1_000020", "width": 1280, "height": 720, "position": [-5.065946384739355, -0.5537843359296125, 0.5424667879442625], "rotation": [[0.5566822324540496, -0.45655155884784326, 0.6940213009581045], [0.4912214446717322, 0.8546407281030197, 0.1681984487507438], [-0.6699301339427804, 0.24728505814372298, 0.7000312247709124]], "fy": 1111.095284674149, "fx": 1111.095284674149}, {"id": 44, "img_name": "pot1_000021", "width": 1280, "height": 720, "position": [-5.029459517107224, -0.5318258288346113, 0.5213290207887346], "rotation": [[0.563646082381884, -0.45482483228980025, 0.6895197355755017], [0.48886484431046157, 0.8565408816197645, 0.16537497425954345], [-0.6658184871365939, 0.24386900181571158, 0.7051337831507902]], "fy": 1111.095284674149, "fx": 1111.095284674149}, {"id": 45, "img_name": "pot1_000022", "width": 1280, "height": 720, "position": [-4.989970718987947, -0.5091803699942425, 0.5022481083134543], "rotation": [[0.5704421034765347, -0.4531228594378374, 0.6850368463346657], [0.4865548606410175, 0.8583816056495507, 0.16262037593456535], [-0.6617100378321813, 0.24054249798606708, 0.7101261384393313]], "fy": 1111.095284674149, "fx": 1111.095284674149}, {"id": 46, "img_name": "pot1_000023", "width": 1280, "height": 720, "position": [-4.911041804169057, -0.46692682451173195, 0.45772473818457765], "rotation": [[0.584025075002752, -0.449766733426281, 0.6757400367531012], [0.4817067930251844, 0.8620702303302546, 0.15745946631350535], [-0.6533553989379914, 0.2335482893994184, 0.7201263216944533]], "fy": 1111.095284674149, "fx": 1111.095284674149}, {"id": 47, "img_name": "pot1_000024", "width": 1280, "height": 720, "position": [-4.871450417038866, -0.44493099072103265, 0.4338253848775731], "rotation": [[0.5906647164923714, -0.4478754360545291, 0.6712099421715622], [0.4791873339612161, 0.863953631796214, 0.1548018768532011], [-0.6492262253345349, 0.23019929601346997, 0.7249231631371524]], "fy": 1111.095284674149, "fx": 1111.095284674149}, {"id": 48, "img_name": "pot1_000026", "width": 1280, "height": 720, "position": [-4.756085244125156, -0.38215890251901946, 0.3652210545378569], "rotation": [[0.6105083287257904, -0.4418455724184566, 0.6573066793291004], [0.4708625292904465, 0.8698131455735791, 0.14735525201905456], [-0.6368422560309936, 0.2195394769092839, 0.739076693592588]], "fy": 1111.095284674149, "fx": 1111.095284674149}, {"id": 49, "img_name": "pot1_000027", "width": 1280, "height": 720, "position": [-4.718403305693729, -0.3626951554300542, 0.3471081003545109], "rotation": [[0.6170256740517465, -0.439528929245374, 0.6527584836043134], [0.4677845611027104, 0.8718842949833089, 0.14489782798718157], [-0.632816657456907, 0.21594466077648988, 0.7435798420661995]], "fy": 1111.095284674149, "fx": 1111.095284674149}, {"id": 50, "img_name": "pot1_000028", "width": 1280, "height": 720, "position": [-4.682374025795268, -0.34061706849503254, 0.33072827676839645], "rotation": [[0.6236793356030955, -0.43698674906463514, 0.6481255028801158], [0.46471827917413716, 0.8739854385989656, 0.14207876026486901], [-0.6285387874611321, 0.21258418158201461, 0.7481623877194008]], "fy": 1111.095284674149, "fx": 1111.095284674149}, {"id": 51, "img_name": "pot1_000029", "width": 1280, "height": 720, "position": [-4.615117334023858, -0.3026891575992553, 0.28825376837784533], "rotation": [[0.6373799946998759, -0.43205659211910413, 0.6380233879434296], [0.45819171101641504, 0.878233172043386, 0.13699215845610394], [-0.6195216689610108, 0.20502096655961388, 0.7577330037412423]], "fy": 1111.095284674149, "fx": 1111.095284674149}, {"id": 52, "img_name": "pot1_000030", "width": 1280, "height": 720, "position": [-4.5869587380940695, -0.285557218261365, 0.26567542218329604], "rotation": [[0.6441104279441922, -0.4294065229745894, 0.6330338021309944], [0.454789527777289, 0.8803917998980025, 0.13444985718276528], [-0.6150514141416634, 0.20129658889119023, 0.7623591287989612]], "fy": 1111.095284674149, "fx": 1111.095284674149}, {"id": 53, "img_name": "pot1_000031", "width": 1280, "height": 720, "position": [-4.561959591790498, -0.2713219514639637, 0.24312416704363182], "rotation": [[0.6506754542380774, -0.42671971836163214, 0.6281176125642721], [0.4511950057206855, 0.8825803146015944, 0.13219324903512022], [-0.6107737061013532, 0.1973886274310659, 0.7668071528722836]], "fy": 1111.095284674149, "fx": 1111.095284674149}, {"id": 54, "img_name": "pot1_000032", "width": 1280, "height": 720, "position": [-4.511927632315151, -0.23504005534492314, 0.1969538969335124], "rotation": [[0.6641565309048079, -0.42082190552542775, 0.6179037354527313], [0.4440488974507571, 0.8869861217064269, 0.12679194206635663], [-0.601428864562766, 0.19016977606901486, 0.7759631287249432]], "fy": 1111.095284674149, "fx": 1111.095284674149}, {"id": 55, "img_name": "pot1_000034", "width": 1280, "height": 720, "position": [-4.451846784134954, -0.1630601402666198, 0.1342316863789498], "rotation": [[0.6840765876612922, -0.4117208150946484, 0.6021006499178362], [0.43300282243877447, 0.8934995830410395, 0.11902542108954654], [-0.5869819230382973, 0.1792887769027583, 0.7894984208362772]], "fy": 1111.095284674149, "fx": 1111.095284674149}, {"id": 56, "img_name": "pot1_000035", "width": 1280, "height": 720, "position": [-4.438551273400389, -0.13528900962952117, 0.11752245158445486], "rotation": [[0.6902841566051445, -0.4085868796789696, 0.5971302578953168], [0.4294318696048665, 0.8955703247288674, 0.11637036922129278], [-0.5823195450159587, 0.17609814087387263, 0.7936582339226201]], "fy": 1111.095284674149, "fx": 1111.095284674149}, {"id": 57, "img_name": "pot1_000036", "width": 1280, "height": 720, "position": [-4.421659007436406, -0.11221946293228192, 0.09689977009524309], "rotation": [[0.6965495024567938, -0.4059734209581804, 0.5916116733996257], [0.4259730781681209, 0.8974821431350622, 0.1143360810491232], [-0.5773783225088809, 0.17236990523060514, 0.7980744880445829]], "fy": 1111.095284674149, "fx": 1111.095284674149}, {"id": 58, "img_name": "pot1_000037", "width": 1280, "height": 720, "position": [-4.387721794010624, -0.07255540363545297, 0.06918161107117088], "rotation": [[0.7076396513097136, -0.4004513042462097, 0.5821381939211483], [0.419443981996377, 0.9010933163579311, 0.1099890048236119], [-0.5686060761733819, 0.1663417811091824, 0.8056162498337125]], "fy": 1111.095284674149, "fx": 1111.095284674149}, {"id": 59, "img_name": "pot1_000038", "width": 1280, "height": 720, "position": [-4.362850761143392, -0.05963007005474416, 0.058469400805751796], "rotation": [[0.7127403446618129, -0.39807115189164183, 0.5775297041044917], [0.41631185041140945, 0.9027316914907696, 0.10844324038519859], [-0.5645224922874096, 0.16314058725490446, 0.8091350347696831]], "fy": 1111.095284674149, "fx": 1111.095284674149}, {"id": 60, "img_name": "pot1_000039", "width": 1280, "height": 720, "position": [-4.335213025437768, -0.04686673730737973, 0.05189497989409698], "rotation": [[0.7175001593411798, -0.3957694108945972, 0.5732016178846018], [0.4133408192268683, 0.9042722735671692, 0.10696271508579068], [-0.5606629009540787, 0.16018186120096767, 0.8124031528963626]], "fy": 1111.095284674149, "fx": 1111.095284674149}, {"id": 61, "img_name": "pot1_000040", "width": 1280, "height": 720, "position": [-4.267510011077525, -0.01744906968135249, 0.04320592828882357], "rotation": [[0.7271372908810172, -0.39090349867007934, 0.5643277548886872], [0.4075730649020652, 0.9073083330892499, 0.10332369269990278], [-0.5524088675759576, 0.1548742826756537, 0.8190594603501933]], "fy": 1111.095284674149, "fx": 1111.095284674149}, {"id": 62, "img_name": "pot1_000042", "width": 1280, "height": 720, "position": [-4.193062661875632, 0.005524596894790861, 0.03122942948363347], "rotation": [[0.7358099119062488, -0.3865124378019267, 0.5560502755731088], [0.4022560108087865, 0.910020743961295, 0.10026139500492136], [-0.5447695616576976, 0.14990123743499628, 0.8250792348052016]], "fy": 1111.095284674149, "fx": 1111.095284674149}, {"id": 63, "img_name": "pot1_000043", "width": 1280, "height": 720, "position": [-4.106318410739244, 0.02491149334471241, 0.025210613747990076], "rotation": [[0.7435669272058034, -0.38224624433176246, 0.5486310540426799], [0.39737159010874123, 0.9124957112374502, 0.09719771781122445], [-0.5377769464565862, 0.14573738596366548, 0.8303954300165118]], "fy": 1111.095284674149, "fx": 1111.095284674149}, {"id": 64, "img_name": "pot1_000044", "width": 1280, "height": 720, "position": [-4.060599125334979, 0.03224198936277445, 0.01952028615614226], "rotation": [[0.7471887798976025, -0.3802607697191226, 0.5450785945235352], [0.3949339705819746, 0.9136766164814796, 0.09603228298499944], [-0.5345428758065047, 0.14351580926007892, 0.8328668119314975]], "fy": 1111.095284674149, "fx": 1111.095284674149}, {"id": 65, "img_name": "pot1_000045", "width": 1280, "height": 720, "position": [-4.011202415727994, 0.03851577369295232, 0.01612682977989728], "rotation": [[0.75066098250303, -0.37835454129668983, 0.5416234212326466], [0.392632807232214, 0.9147897277410069, 0.09486428571641473], [-0.5313638753552377, 0.14144820642095793, 0.8352513614881196]], "fy": 1111.095284674149, "fx": 1111.095284674149}, {"id": 66, "img_name": "pot1_000046", "width": 1280, "height": 720, "position": [-3.9205632041957137, 0.051673725360250514, 0.01618033950441472], "rotation": [[0.7569108071980322, -0.3743730426676347, 0.5356592712448844], [0.3882647554212985, 0.9169236489485318, 0.09220358830625214], [-0.5256771914820564, 0.1381877234876057, 0.8393852771122748]], "fy": 1111.095284674149, "fx": 1111.095284674149}, {"id": 67, "img_name": "pot1_000047", "width": 1280, "height": 720, "position": [-3.871788368599414, 0.05625047967743864, 0.01574216155141281], "rotation": [[0.7601799972003719, -0.3724628838401727, 0.5323511735855428], [0.38610870493802574, 0.9179628556111097, 0.09090799573952607], [-0.5225384577497844, 0.13643898225858778, 0.8416281627255101]], "fy": 1111.095284674149, "fx": 1111.095284674149}, {"id": 68, "img_name": "pot1_000048", "width": 1280, "height": 720, "position": [-3.8248865686203932, 0.05653552661228776, 0.020779802551940837], "rotation": [[0.7631603015391604, -0.37046426143183336, 0.5294738758016527], [0.38382771415743144, 0.91902819923122, 0.08979674193701044], [-0.5198679062986471, 0.13469743880114107, 0.8435602882906911]], "fy": 1111.095284674149, "fx": 1111.095284674149}, {"id": 69, "img_name": "pot1_000050", "width": 1280, "height": 720, "position": [-3.6870738740171363, 0.04775212816830553, 0.026909425412778062], "rotation": [[0.772291346736175, -0.36458724754738914, 0.5202328466006774], [0.3770652036649838, 0.9221393299768268, 0.08649212851452773], [-0.5112610956659127, 0.12936458184413568, 0.8496333897763096]], "fy": 1111.095284674149, "fx": 1111.095284674149}, {"id": 70, "img_name": "pot1_000051", "width": 1280, "height": 720, "position": [-3.645352193605457, 0.05144848584666713, 0.02627166799954393], "rotation": [[0.775501109719844, -0.3624558124739406, 0.5169369524682347], [0.3748302540525738, 0.9231896233668948, 0.08498941083790407], [-0.5080357364105139, 0.12785422680360134, 0.851793981675311]], "fy": 1111.095284674149, "fx": 1111.095284674149}, {"id": 71, "img_name": "pot1_000052", "width": 1280, "height": 720, "position": [-3.56243346065151, 0.06499821152499366, 0.020861279296477103], "rotation": [[0.7820950487979218, -0.35812335202333867, 0.5099754890005443], [0.3702834410903974, 0.9253000000619915, 0.08191509714047167], [-0.5012160291730807, 0.12477008704351589, 0.8562796958232297]], "fy": 1111.095284674149, "fx": 1111.095284674149}, {"id": 72, "img_name": "pot1_000053", "width": 1280, "height": 720, "position": [-3.522473165540919, 0.07131262419653177, 0.01642719422887014], "rotation": [[0.7854481665961788, -0.35611577642177095, 0.506214116134883], [0.3678683880504368, 0.9263529338885529, 0.08088937476111314], [-0.4977389141546748, 0.12268575980768849, 0.8586059501753613]], "fy": 1111.095284674149, "fx": 1111.095284674149}, {"id": 73, "img_name": "pot1_000054", "width": 1280, "height": 720, "position": [-3.4353281830363795, 0.08265872969342777, 0.00830596319049733], "rotation": [[0.7923096722768838, -0.3518043924258079, 0.4984767323420472], [0.36292707128956014, 0.928509705701858, 0.07844531434465274], [-0.4904378901978103, 0.11875771927482023, 0.8633465584404467]], "fy": 1111.095284674149, "fx": 1111.095284674149}, {"id": 74, "img_name": "pot1_000055", "width": 1280, "height": 720, "position": [-3.3890356630471996, 0.08562266533877111, 0.002326877804936114], "rotation": [[0.7957783414983645, -0.34976873016665216, 0.4943669351804586], [0.3604486068536259, 0.9295574122294008, 0.07745849977026517], [-0.4866350100633866, 0.11655407657816004, 0.8657953073409558]], "fy": 1111.095284674149, "fx": 1111.095284674149}, {"id": 75, "img_name": "pot1_000056", "width": 1280, "height": 720, "position": [-3.3413460644337682, 0.08754115868590057, -0.010890738026403711], "rotation": [[0.7993817593954183, -0.3476920940070081, 0.4899989903162123], [0.3579179679329716, 0.930618925436069, 0.07644045951555033], [-0.4825800772686519, 0.11427433388665174, 0.8683650416951065]], "fy": 1111.095284674149, "fx": 1111.095284674149}, {"id": 76, "img_name": "pot1_000058", "width": 1280, "height": 720, "position": [-3.1839222112327112, 0.09691277534524462, -0.0581687881871487], "rotation": [[0.8102893873864445, -0.3413511138377296, 0.47635126300939074], [0.3501812278796424, 0.9337951115712, 0.07348331270728178], [-0.4698980914300529, 0.10726652174593704, 0.876179021081264]], "fy": 1111.095284674149, "fx": 1111.095284674149}, {"id": 77, "img_name": "pot1_000059", "width": 1280, "height": 720, "position": [-3.13060800941291, 0.1011307841674363, -0.07351566849435297], "rotation": [[0.8138360932064992, -0.33937846562313634, 0.4716917112539378], [0.34757601216138195, 0.9348137175044198, 0.072898760864349], [-0.4656841517212856, 0.10462108122578506, 0.8787449574243794]], "fy": 1111.095284674149, "fx": 1111.095284674149}, {"id": 78, "img_name": "pot1_000060", "width": 1280, "height": 720, "position": [-3.0310456110181523, 0.11404238926194675, -0.1073999979861712], "rotation": [[0.8208784953634182, -0.3353968825477502, 0.46224174089662357], [0.3423735506057174, 0.9368212997482285, 0.07173704889159001], [-0.45709829106607347, 0.09937194531300468, 0.8838474805016895]], "fy": 1111.095284674149, "fx": 1111.095284674149}, {"id": 79, "img_name": "pot1_000061", "width": 1280, "height": 720, "position": [-2.9815721412883067, 0.12008101174182156, -0.12184674190821537], "rotation": [[0.8243686724574182, -0.3334515103241957, 0.45741270438555437], [0.33975117503823815, 0.9378057002632866, 0.07134148592385105], [-0.4527531677756991, 0.0965948177502257, 0.8863881825999658]], "fy": 1111.095284674149, "fx": 1111.095284674149}, {"id": 80, "img_name": "pot1_000062", "width": 1280, "height": 720, "position": [-2.9337791763060275, 0.12544326220580246, -0.13429940396314277], "rotation": [[0.827697668299271, -0.3316071420120377, 0.4527176529124508], [0.3371914529282696, 0.9387451118774254, 0.07113043651182496], [-0.448573844493939, 0.09377802670587852, 0.888812234244713]], "fy": 1111.095284674149, "fx": 1111.095284674149}, {"id": 81, "img_name": "pot1_000063", "width": 1280, "height": 720, "position": [-2.8420515918920084, 0.13741482612866235, -0.15580436898968372], "rotation": [[0.8342860478681422, -0.32800672445003565, 0.44314600195433795], [0.3320239133200698, 0.9405861718784744, 0.07111803044674282], [-0.4401441937776557, 0.08780228918744333, 0.8936239962631162]], "fy": 1111.095284674149, "fx": 1111.095284674149}, {"id": 82, "img_name": "pot1_000064", "width": 1280, "height": 720, "position": [-2.7988845990046713, 0.14309495472309966, -0.16113864109588258], "rotation": [[0.8373642839056187, -0.3262791857593519, 0.43859200742768323], [0.3294843707261658, 0.9414633097494137, 0.07132240771918723], [-0.436189300059519, 0.08478637470663425, 0.8958516423926972]], "fy": 1111.095284674149, "fx": 1111.095284674149}, {"id": 83, "img_name": "pot1_000066", "width": 1280, "height": 720, "position": [-2.6804325319704048, 0.16659563926903626, -0.1849950208870144], "rotation": [[0.8461264989352084, -0.3216434258519661, 0.42498876974086924], [0.32222017932811226, 0.9438599119842402, 0.07281910863820035], [-0.42455165037178444, 0.07532578015071363, 0.9022648851702478]], "fy": 1111.095284674149, "fx": 1111.095284674149}, {"id": 84, "img_name": "pot1_000067", "width": 1280, "height": 720, "position": [-2.6390186660717383, 0.16858393402265212, -0.19104737785451886], "rotation": [[0.8488267973703449, -0.32038065297220186, 0.42053454705542187], [0.31983656845001196, 0.9445751248074589, 0.07404325139466912], [-0.4209484975007323, 0.07165243049666194, 0.9042501267104126]], "fy": 1111.095284674149, "fx": 1111.095284674149}, {"id": 85, "img_name": "pot1_000068", "width": 1280, "height": 720, "position": [-2.597803579374117, 0.16166864037771356, -0.19195353129832812], "rotation": [[0.8511751514923883, -0.31946518036577953, 0.4164647164115705], [0.31744389145365254, 0.9452056212139658, 0.07626079860769179], [-0.4180074607715412, 0.06729288342299818, 0.9059478078675102]], "fy": 1111.095284674149, "fx": 1111.095284674149}, {"id": 86, "img_name": "pot1_000069", "width": 1280, "height": 720, "position": [-2.51449083656886, 0.17058955719266347, -0.203785751426188], "rotation": [[0.8559021585984692, -0.31693575424437465, 0.40863580678647116], [0.31343654562533924, 0.9464374536759899, 0.07754790871302301], [-0.4113259373938574, 0.061707973235701666, 0.9093971075752365]], "fy": 1111.095284674149, "fx": 1111.095284674149}, {"id": 87, "img_name": "pot1_000070", "width": 1280, "height": 720, "position": [-2.474032830893548, 0.17439898805014276, -0.20498072369266554], "rotation": [[0.85820109760589, -0.315832868866826, 0.4046485821195921], [0.31131891976428927, 0.9470243710900813, 0.07890101874013997], [-0.40813160409951343, 0.058261818584611685, 0.911062102290712]], "fy": 1111.095284674149, "fx": 1111.095284674149}, {"id": 88, "img_name": "pot1_000071", "width": 1280, "height": 720, "position": [-2.4368337533790987, 0.1832477523231153, -0.20812145363214485], "rotation": [[0.8604290094609374, -0.3146472163705306, 0.400822964547126], [0.30926789662889426, 0.947605583001824, 0.07998141770757103], [-0.4049880094432547, 0.055143343152640745, 0.912657615928964]], "fy": 1111.095284674149, "fx": 1111.095284674149}, {"id": 89, "img_name": "pot1_000072", "width": 1280, "height": 720, "position": [-2.372479769313366, 0.20380297135722766, -0.21759444468397385], "rotation": [[0.864697167902468, -0.3122957480570004, 0.39340840556217066], [0.30536742648179943, 0.9487047201409016, 0.08191513185154901], [-0.39881015867870473, 0.049302329842436425, 0.9157072335669156]], "fy": 1111.095284674149, "fx": 1111.095284674149}, {"id": 90, "img_name": "pot1_000074", "width": 1280, "height": 720, "position": [-2.267706093633399, 0.20031069078632052, -0.23833999466299696], "rotation": [[0.8714398840403182, -0.30817173642525725, 0.3816054367700205], [0.2990647054438803, 0.950473289388233, 0.0846216764031378], [-0.38878378369160593, 0.04038201367136175, 0.9204436226680506]], "fy": 1111.095284674149, "fx": 1111.095284674149}, {"id": 91, "img_name": "pot1_000075", "width": 1280, "height": 720, "position": [-2.230452586635466, 0.20154213884194946, -0.25372094867576006], "rotation": [[0.8738819952159053, -0.3062255477242921, 0.37756611653911115], [0.2968380232574629, 0.9511883474073979, 0.08442698445986083], [-0.38499018998679724, 0.03829675805262121, 0.9221257571159092]], "fy": 1111.095284674149, "fx": 1111.095284674149}, {"id": 92, "img_name": "pot1_000076", "width": 1280, "height": 720, "position": [-2.1914887939528787, 0.2037882424641843, -0.2732828632725614], "rotation": [[0.8764708847881271, -0.3039607730113812, 0.37337198152652185], [0.2944460790392599, 0.9519858732094032, 0.08381171605531172], [-0.38092032586503394, 0.03647938705699305, 0.9238879583925869]], "fy": 1111.095284674149, "fx": 1111.095284674149}, {"id": 93, "img_name": "pot1_000077", "width": 1280, "height": 720, "position": [-2.098431943617942, 0.1941919206701551, -0.3034563401936029], "rotation": [[0.8818648631361327, -0.2995417943259403, 0.3641278300513242], [0.2891384664835274, 0.9535781101481171, 0.08418868716103936], [-0.37244235844683954, 0.031040317304133733, 0.927536084654508]], "fy": 1111.095284674149, "fx": 1111.095284674149}, {"id": 94, "img_name": "pot1_000078", "width": 1280, "height": 720, "position": [-2.047138819261776, 0.19541096330868513, -0.31770581593310954], "rotation": [[0.884867786394956, -0.29644949064206444, 0.3593420377558842], [0.28597126002238266, 0.9546075291708812, 0.08333608876996722], [-0.3677355558573327, 0.029020074919366375, 0.9294774855853006]], "fy": 1111.095284674149, "fx": 1111.095284674149}, {"id": 95, "img_name": "pot1_000079", "width": 1280, "height": 720, "position": [-1.9946845447574646, 0.20137186672665403, -0.3295297255664582], "rotation": [[0.8880563637084817, -0.29294890844036314, 0.35431177220136034], [0.2825855503733114, 0.955736510266443, 0.08193369065246657], [-0.3626310819511776, 0.027361651765219694, 0.931531018493532]], "fy": 1111.095284674149, "fx": 1111.095284674149}, {"id": 96, "img_name": "pot1_000080", "width": 1280, "height": 720, "position": [-1.8844894188520642, 0.20931443573661165, -0.35478809222864643], "rotation": [[0.8950092554893228, -0.2851751815562614, 0.34297747508080106], [0.27490747385838954, 0.9581924792549095, 0.07932876852774551], [-0.3512610331437962, 0.023287089205889448, 0.9359879262421443]], "fy": 1111.095284674149, "fx": 1111.095284674149}, {"id": 97, "img_name": "pot1_000082", "width": 1280, "height": 720, "position": [-1.7715368591313354, 0.22194787102412092, -0.3808725296255494], "rotation": [[0.9027443010110222, -0.2758099239746149, 0.33012363264273903], [0.2658406947917802, 0.96102047743599, 0.07594976590698187], [-0.338203270215923, 0.019197077533283025, 0.9408772609801114]], "fy": 1111.095284674149, "fx": 1111.095284674149}, {"id": 98, "img_name": "pot1_000083", "width": 1280, "height": 720, "position": [-1.6598857892176095, 0.2409592744532064, -0.41762671069001744], "rotation": [[0.9111974360109161, -0.2646949628235804, 0.31568308358693525], [0.25528597238034884, 0.9642101778571996, 0.0716086951592278], [-0.32333930307488506, 0.015339803532342055, 0.9461587528077078]], "fy": 1111.095284674149, "fx": 1111.095284674149}, {"id": 99, "img_name": "pot1_000084", "width": 1280, "height": 720, "position": [-1.5996937440362304, 0.24806055773761948, -0.43197147671170577], "rotation": [[0.9156012594122005, -0.25863225835097314, 0.30786959691250404], [0.24955425140900162, 0.9658824079751991, 0.06923763115332553], [-0.3152729125162596, 0.013436104506388765, 0.9489059288091777]], "fy": 1111.095284674149, "fx": 1111.095284674149}, {"id": 100, "img_name": "pot1_000085", "width": 1