[{"id": 0, "img_name": "white_car_000001", "width": 960, "height": 720, "position": [5.0071489576687584, 0.38966637921920355, -1.5847320921877006], "rotation": [[0.9999727581963223, 0.006499267011363379, -0.003498913196261858], [-0.006497449108803487, 0.9999787505418003, 0.0005306787525396312], [0.0035022878691621626, -0.000507930285464406, 0.9999937379736469]], "fy": 743.2441683899816, "fx": 743.2441683899816}, {"id": 1, "img_name": "white_car_000009", "width": 960, "height": 720, "position": [4.988757701727614, 0.3861840687147045, -1.6139853435684435], "rotation": [[0.9999999745633519, 0.00016590383627151107, -0.00015280449093512728], [-0.00016596505025937345, 0.9999999059564437, -0.00040067780783058026], [0.0001527380025794216, 0.0004007031578436979, 0.9999999080540367]], "fy": 743.2441683899816, "fx": 743.2441683899816}, {"id": 2, "img_name": "white_car_000017", "width": 960, "height": 720, "position": [4.6770254108798115, 0.37309939653818613, -1.6107089141486712], "rotation": [[0.9998416177555021, -0.015406417255083063, 0.008909641486769255], [0.015439434033559, 0.9998741467821651, -0.003648900294704494], [-0.008852303699255975, 0.003785882195683504, 0.9999536508334856]], "fy": 743.2441683899816, "fx": 743.2441683899816}, {"id": 3, "img_name": "white_car_000025", "width": 960, "height": 720, "position": [4.229728850923851, 0.3467282639386624, -1.611673921559892], "rotation": [[0.9991155452866404, -0.03697927171695314, 0.02001650893294833], [0.037156857490791936, 0.9992726639985658, -0.008573851329364075], [-0.019684895427409057, 0.0093100187160289, 0.9997628861102612]], "fy": 743.2441683899816, "fx": 743.2441683899816}, {"id": 4, "img_name": "white_car_000033", "width": 960, "height": 720, "position": [3.812164303887536, 0.3476092972248585, -1.4741297705749212], "rotation": [[0.9974544651766171, -0.06088095820022257, 0.03712275350578846], [0.061431484211389054, 0.9980148853137631, -0.013873047240674808], [-0.03620445617344133, 0.016118238761691366, 0.9992144112913938]], "fy": 743.2441683899816, "fx": 743.2441683899816}, {"id": 5, "img_name": "white_car_000041", "width": 960, "height": 720, "position": [3.265629563837086, 0.3124736151547618, -1.3719096197227236], "rotation": [[0.994966229715789, -0.08134808307699941, 0.058520860424686585], [0.08239894477136767, 0.9964746488968514, -0.015769844845839064], [-0.05703170719620051, 0.02051252021557413, 0.998161620624983]], "fy": 743.2441683899816, "fx": 743.2441683899816}, {"id": 6, "img_name": "white_car_000049", "width": 960, "height": 720, "position": [2.690996750401922, 0.2694829373775252, -1.2749535549002418], "rotation": [[0.9914439919800203, -0.09913483008192966, 0.08491817374006576], [0.10076825452900551, 0.9947944275590896, -0.015159346178541245], [-0.08297330682754918, 0.023586698836637252, 0.9962726022490488]], "fy": 743.2441683899816, "fx": 743.2441683899816}, {"id": 7, "img_name": "white_car_000057", "width": 960, "height": 720, "position": [2.194397127224372, 0.23066128550943937, -1.0013387249320418], "rotation": [[0.9876845514083007, -0.11241479255576776, 0.10882160320463861], [0.1144177760338374, 0.9933563209727316, -0.012320394108553895], [-0.10671363285379583, 0.024619788751391987, 0.9939849428260884]], "fy": 743.2441683899816, "fx": 743.2441683899816}, {"id": 8, "img_name": "white_car_000065", "width": 960, "height": 720, "position": [1.5732240950615042, 0.191656636337072, -0.8440590399799248], "rotation": [[0.9846993906505516, -0.12120753897806388, 0.12520320502013332], [0.12321820319044409, 0.9923439410964128, -0.008412905072420178], [-0.12322493438809716, 0.023711496454678703, 0.9920954492794173]], "fy": 743.2441683899816, "fx": 743.2441683899816}, {"id": 9, "img_name": "white_car_000073", "width": 960, "height": 720, "position": [1.0286079244313713, 0.14304591786695922, -0.6805669059670263], "rotation": [[0.9818693518026542, -0.12638256922988267, 0.14127994261567853], [0.128532958846991, 0.9916860861014637, -0.006163207184414668], [-0.13932643137851924, 0.024210593293312946, 0.9899505001219571]], "fy": 743.2441683899816, "fx": 743.2441683899816}, {"id": 10, "img_name": "white_car_000081", "width": 960, "height": 720, "position": [0.5636009607408176, 0.09374647232243974, -0.41803336637042626], "rotation": [[0.9781930048793928, -0.12773973265972952, 0.16377119986446056], [0.13015672777540874, 0.9914850834174067, -0.004068854332132654], [-0.16185694739436546, 0.02529604832377603, 0.9864899586510645]], "fy": 743.2441683899816, "fx": 743.2441683899816}, {"id": 11, "img_name": "white_car_000089", "width": 960, "height": 720, "position": [-0.004876396324085671, 0.02863994784649309, -0.19311905666988402], "rotation": [[0.972383795806556, -0.12633640711277866, 0.19623675978436902], [0.12950751068002536, 0.991572749794494, -0.003359544976440485], [-0.1941585906682911, 0.028680901359961795, 0.9805507878569488]], "fy": 743.2441683899816, "fx": 743.2441683899816}, {"id": 12, "img_name": "white_car_000097", "width": 960, "height": 720, "position": [-0.4389300114651166, -0.010612474630569056, 0.02395826714462388], "rotation": [[0.9641274916944228, -0.12600752300814455, 0.2336242365517168], [0.13019323463155827, 0.9914854419647698, -0.0025179412417744573], [-0.23131774989220483, 0.032843911418662296, 0.9723236992213706]], "fy": 743.2441683899816, "fx": 743.2441683899816}, {"id": 13, "img_name": "white_car_000105", "width": 960, "height": 720, "position": [-0.8510158213624882, -0.07556245241365002, 0.281931161612401], "rotation": [[0.9533537817882662, -0.12969622561130403, 0.2725719277772255], [0.13349200213661042, 0.9910389565740413, 0.004655310751701643], [-0.2707331751292599, 0.03194801425468307, 0.9621241459757738]], "fy": 743.2441683899816, "fx": 743.2441683899816}, {"id": 14, "img_name": "white_car_000113", "width": 960, "height": 720, "position": [-1.4169309580917413, -0.12401359243177353, 0.4365769888131637], "rotation": [[0.9384413676884422, -0.13881024627521804, 0.31632185340260555], [0.14009009528732883, 0.9899600597812019, 0.018810774582304342], [-0.3157571291569414, 0.02666074955833882, 0.9484654130855559]], "fy": 743.2441683899816, "fx": 743.2441683899816}, {"id": 15, "img_name": "white_car_000121", "width": 960, "height": 720, "position": [-1.9085684796154392, -0.13411791363702935, 0.6993527018013659], "rotation": [[0.918483827505776, -0.15312458661910086, 0.36460981827574135], [0.14996067248190548, 0.9879933124832465, 0.03716195900590236], [-0.3659224717328991, 0.020544475196781573, 0.9304185451826368]], "fy": 743.2441683899816, "fx": 743.2441683899816}, {"id": 16, "img_name": "white_car_000129", "width": 960, "height": 720, "position": [-2.4394635452659568, -0.21814221937966918, 1.0294883510124138], "rotation": [[0.8889427322795348, -0.17132007641118374, 0.42477082073261757], [0.16279420105437703, 0.9850353296550372, 0.056599005596027756], [-0.4281108113917031, 0.01883695171354089, 0.9035299122993545]], "fy": 743.2441683899816, "fx": 743.2441683899816}, {"id": 17, "img_name": "white_car_000137", "width": 960, "height": 720, "position": [-3.000300609920909, -0.3003170673315895, 1.2991987690332445], "rotation": [[0.8512158234704876, -0.18899123711136828, 0.4896058967869709], [0.1744764693698778, 0.9817530666453136, 0.07562326208743253], [-0.49496422447453864, 0.021052990942785097, 0.8686582688622043]], "fy": 743.2441683899816, "fx": 743.2441683899816}, {"id": 18, "img_name": "white_car_000145", "width": 960, "height": 720, "position": [-3.395560899752168, -0.3649569781751558, 1.749882970841774], "rotation": [[0.803999049841665, -0.2085689709166153, 0.5568523253291523], [0.18617163441282242, 0.9776785760723196, 0.0973895498976151], [-0.5647350267105434, 0.02536900195091899, 0.8248822724160434]], "fy": 743.2441683899816, "fx": 743.2441683899816}, {"id": 19, "img_name": "white_car_000153", "width": 960, "height": 720, "position": [-3.8598584323873295, -0.430441144523168, 2.225342284389134], "rotation": [[0.7476897686511352, -0.23027600162593861, 0.6228426550338234], [0.196046725598182, 0.9726875781236186, 0.12427613103987548], [-0.634449124230338, 0.029186271416196487, 0.7724134063596884]], "fy": 743.2441683899816, "fx": 743.2441683899816}, {"id": 20, "img_name": "white_car_000161", "width": 960, "height": 720, "position": [-4.284568815181037, -0.5053794989082853, 2.655878174377046], "rotation": [[0.6871642431998942, -0.24962003900936938, 0.6822720417784077], [0.20317311780500416, 0.9676762949816766, 0.1494097464422227], [-0.6975141482930008, 0.03595030257864715, 0.7156686304957016]], "fy": 743.2441683899816, "fx": 743.2441683899816}, {"id": 21, "img_name": "white_car_000169", "width": 960, "height": 720, "position": [-4.6685161518396985, -0.5990909537225867, 3.1657916006862528], "rotation": [[0.6163300936049579, -0.266977952320719, 0.7408508545527498], [0.2092053040531107, 0.962482164770985, 0.1728040024241447], [-0.7591905929823873, 0.04848562129533043, 0.6490599263971367]], "fy": 743.2441683899816, "fx": 743.2441683899816}, {"id": 22, "img_name": "white_car_000177", "width": 960, "height": 720, "position": [-5.128823787935498, -0.6584847581516575, 3.668730625196198], "rotation": [[0.5379633059802474, -0.28201294804075683, 0.7943954799444443], [0.21617047753838067, 0.9570185046871205, 0.19335435430125755], [-0.8147796058196541, 0.06770730258834101, 0.5758037123157332]], "fy": 743.2441683899816, "fx": 743.2441683899816}, {"id": 23, "img_name": "white_car_000002", "width": 960, "height": 720, "position": [5.005922757030861, 0.388851097276444, -1.587545610458145], "rotation": [[0.9999751432735506, 0.006121354747489076, -0.003498835677372413], [-0.006118889348836128, 0.9999810238720482, 0.0007149048516097416], [0.0035031454692263215, -0.0006934780930558061, 0.999993623509648]], "fy": 743.2441683899816, "fx": 743.2441683899816}, {"id": 24, "img_name": "white_car_000003", "width": 960, "height": 720, "position": [5.003493383485646, 0.38918516940130693, -1.5877754003857685], "rotation": [[0.999977982168157, 0.0057872144899185395, -0.003247049021597655], [-0.005785428291585332, 0.9999831079021925, 0.0005592224555888352], [0.0032502305124260684, -0.0005404245734491297, 0.9999945719567165]], "fy": 743.2441683899816, "fx": 743.2441683899816}, {"id": 25, "img_name": "white_car_000004", "width": 960, "height": 720, "position": [5.003203657707992, 0.3885934732602451, -1.5896477687451152], "rotation": [[0.9999805749735862, 0.005380627359623959, -0.003146192097218584], [-0.005379185034632224, 0.9999854231652713, 0.00046671761989909566], [0.0031486574692912053, -0.00044978460445156503, 0.9999949418121828]], "fy": 743.2441683899816, "fx": 743.2441683899816}, {"id": 26, "img_name": "white_car_000005", "width": 960, "height": 720, "position": [5.001883137092434, 0.38729325665225295, -1.5950879045500386], "rotation": [[0.9999862164394311, 0.004499092676694442, -0.002706491499712474], [-0.0044981691451520655, 0.9999898229049489, 0.00034721876478225044], [0.0027080261248930695, -0.0003350397223157523, 0.9999962771645159]], "fy": 743.2441683899816, "fx": 743.2441683899816}, {"id": 27, "img_name": "white_car_000006", "width": 960, "height": 720, "position": [5.000828934919814, 0.387278869950512, -1.5990301303201546], "rotation": [[0.999991318635424, 0.003637795137919806, -0.002032018779460015], [-0.003637587993606229, 0.999993378376372, 0.00010562669649363528], [0.002032389572479392, -9.823413239482791e-05, 0.9999979298691977]], "fy": 743.2441683899816, "fx": 743.2441683899816}, {"id": 28, "img_name": "white_car_000007", "width": 960, "height": 720, "position": [4.998957960747967, 0.38654885943297657, -1.6054948042868846], "rotation": [[0.9999956452041079, 0.00257863319298424, -0.0014353479284856768], [-0.002578653628815521, 0.9999966751904842, -1.2387090876639054e-05], [0.0014353112144635265, 1.608830207778902e-05, 0.9999989698109114]], "fy": 743.2441683899816, "fx": 743.2441683899816}, {"id": 29, "img_name": "white_car_000008", "width": 960, "height": 720, "position": [4.9979022251426946, 0.38737649536792745, -1.6101050197365194], "rotation": [[0.999998521601929, 0.001323352087499246, -0.0010979677630290874], [-0.0013236504612708692, 0.9999990872351657, -0.0002710687951007169], [0.001097608041386872, 0.0002725217198891271, 0.9999993604940454]], "fy": 743.2441683899816, "fx": 743.2441683899816}, {"id": 30, "img_name": "white_car_000010", "width": 960, "height": 720, "position": [4.976263357136458, 0.38432175435461474, -1.6158346136428239], "rotation": [[0.999998962702961, -0.0012289703766460523, 0.0007511489967661944], [0.0012294451694634086, 0.9999990445487963, -0.0006319541672710801], [-0.0007503716261290073, 0.0006328770082525149, 0.9999995182044416]], "fy": 743.2441683899816, "fx": 743.2441683899816}, {"id": 31, "img_name": "white_car_000011", "width": 960, "height": 720, "position": [4.959419907197496, 0.38126811547979894, -1.6202145658466576], "rotation": [[0.9999947982133315, -0.0028254697307830944, 0.0015557207585775047], [0.0028267081771260146, 0.9999956892860405, -0.0007944370446979061], [-0.0015534693944875071, 0.000798830480795474, 0.9999984743001878]], "fy": 743.2441683899816, "fx": 743.2441683899816}, {"id": 32, "img_name": "white_car_000012", "width": 960, "height": 720, "position": [4.919776311004351, 0.3814400065042881, -1.6252261915635102], "rotation": [[0.9999811084016774, -0.0053559245952634876, 0.003016108665579746], [0.005359596441495771, 0.9999849044148517, -0.0012106479274395742], [-0.00300957899664379, 0.0012267901816364244, 0.9999947186961105]], "fy": 743.2441683899816, "fx": 743.2441683899816}, {"id": 33, "img_name": "white_car_000013", "width": 960, "height": 720, "position": [4.885100171336607, 0.3835362271686123, -1.6247025119314051], "rotation": [[0.9999655097443092, -0.00723042455228178, 0.004086597924606493], [0.007238625630034715, 0.9999718095278287, -0.0019956073332120655], [-0.004072053633222652, 0.002025119856681588, 0.9999896585809147]], "fy": 743.2441683899816, "fx": 743.2441683899816}, {"id": 34, "img_name": "white_car_000014", "width": 960, "height": 720, "position": [4.842238605572117, 0.38149706603574246, -1.6234967737405697], "rotation": [[0.9999437877036857, -0.00918280547533177, 0.005300709047698973], [0.009195069688903544, 0.9999550931715914, -0.0022939776830158375], [-0.005279405858839437, 0.0023425891223567757, 0.9999833199358785]], "fy": 743.2441683899816, "fx": 743.2441683899816}, {"id": 35, "img_name": "white_car_000015", "width": 960, "height": 720, "position": [4.792231121219465, 0.3774130921921851, -1.623982838038995], "rotation": [[0.9999159284595419, -0.011297042601620436, 0.006364969862404855], [0.011313464358617702, 0.9999327493803482, -0.0025499491885705022], [-0.006335734929622294, 0.0026217446700961228, 0.9999764921825846]], "fy": 743.2441683899816, "fx": 743.2441683899816}, {"id": 36, "img_name": "white_car_000016", "width": 960, "height": 720, "position": [4.7366618487940935, 0.3704450294956051, -1.6181361549769027], "rotation": [[0.9998821980600262, -0.013364059139038422, 0.007549299701209944], [0.013383136443832083, 0.9999073609103206, -0.002482187801830373], [-0.007515428236380047, 0.0025829287032486116, 0.9999684229103124]], "fy": 743.2441683899816, "fx": 743.2441683899816}, {"id": 37, "img_name": "white_car_000018", "width": 960, "height": 720, "position": [4.618511831517249, 0.3696115801802296, -1.60910216009924], "rotation": [[0.9997972612898357, -0.017627964930039798, 0.009730938791778675], [0.01766952455340746, 0.9998350538509776, -0.004201546485457795], [-0.009655268996801017, 0.004372635731251676, 0.9999438263409406]], "fy": 743.2441683899816, "fx": 743.2441683899816}, {"id": 38, "img_name": "white_car_000019", "width": 960, "height": 720, "position": [4.557717255190158, 0.36322279694464715, -1.6077124113967958], "rotation": [[0.9997428212029936, -0.019856164535290443, 0.010955554893612739], [0.019907843798737904, 0.999791105789661, -0.004628448894800965], [-0.010861363098826063, 0.004845360031432736, 0.9999292741378268]], "fy": 743.2441683899816, "fx": 743.2441683899816}, {"id": 39, "img_name": "white_car_000020", "width": 960, "height": 720, "position": [4.500362928706072, 0.35897514022405824, -1.610155115186057], "rotation": [[0.9996775112130354, -0.02237808884871096, 0.012003945784228727], [0.022442665389866043, 0.9997342303526305, -0.005272137273605589], [-0.011882775143459267, 0.00553983760704505, 0.9999140512334934]], "fy": 743.2441683899816, "fx": 743.2441683899816}, {"id": 40, "img_name": "white_car_000021", "width": 960, "height": 720, "position": [4.444953751696006, 0.35907418245395323, -1.6131985831867903], "rotation": [[0.9996006176887845, -0.024891433680827368, 0.013379897066626532], [0.024977862882049437, 0.9996679523062352, -0.006331784717129017], [-0.013217847103295053, 0.006663457148620704, 0.9998904374264125]], "fy": 743.2441683899816, "fx": 743.2441683899816}, {"id": 41, "img_name": "white_car_000022", "width": 960, "height": 720, "position": [4.365891279781641, 0.3556696648717078, -1.6166149609764893], "rotation": [[0.9994692191542758, -0.028687384640441377, 0.015437419655933766], [0.02879685095114956, 0.999561359063912, -0.006915984499890611], [-0.015232246664209411, 0.007356862700691014, 0.9998569173800639]], "fy": 743.2441683899816, "fx": 743.2441683899816}, {"id": 42, "img_name": "white_car_000023", "width": 960, "height": 720, "position": [4.318501373304908, 0.35219894991632317, -1.617027894243057], "rotation": [[0.999365555905591, -0.03140925276526831, 0.01679120335879509], [0.03153670997961379, 0.9994753442180563, -0.007380530052764701], [-0.01655057682289816, 0.007905386829594156, 0.9998317774835443]], "fy": 743.2441683899816, "fx": 743.2441683899816}, {"id": 43, "img_name": "white_car_000024", "width": 960, "height": 720, "position": [4.271883318658019, 0.3499272223215135, -1.6165386206157966], "rotation": [[0.9992464246946965, -0.034084781485725614, 0.018569071219000942], [0.03423996763819082, 0.9993807805809088, -0.008104321170147581], [-0.018281338873333025, 0.008734018351457363, 0.9997947337190943]], "fy": 743.2441683899816, "fx": 743.2441683899816}, {"id": 44, "img_name": "white_car_000026", "width": 960, "height": 720, "position": [4.187389147674603, 0.3493420229849072, -1.6052615620811697], "rotation": [[0.9989655357254339, -0.0398607796557076, 0.021885535817890153], [0.04007469828938422, 0.9991522415399033, -0.009424265637252708], [-0.0214913235937634, 0.010291572815940406, 0.9997160629594597]], "fy": 743.2441683899816, "fx": 743.2441683899816}, {"id": 45, "img_name": "white_car_000027", "width": 960, "height": 720, "position": [4.145586035779857, 0.3469231286765441, -1.593994707020629], "rotation": [[0.9988099020618798, -0.04268274766230193, 0.023600054981590787], [0.042920962935293856, 0.9990315663135101, -0.009680932283710782], [-0.023163991103542145, 0.010682348111296614, 0.9996746055367137]], "fy": 743.2441683899816, "fx": 743.2441683899816}, {"id": 46, "img_name": "white_car_000028", "width": 960, "height": 720, "position": [4.103918019580768, 0.34881354221559757, -1.5791940984001014], "rotation": [[0.9986430005069662, -0.045544006963523134, 0.025256701450314185], [0.04582160588955019, 0.9988942100390746, -0.010523192676936818], [-0.024749504482847427, 0.011666215329735443, 0.9996256106401705]], "fy": 743.2441683899816, "fx": 743.2441683899816}, {"id": 47, "img_name": "white_car_000029", "width": 960, "height": 720, "position": [4.060410639222805, 0.34675318655508397, -1.5636662073495988], "rotation": [[0.9984604236235283, -0.04833402199084204, 0.0272140547459017], [0.04864291303053714, 0.9987577900544787, -0.010804805291974457], [-0.02665800947984932, 0.012111941367207732, 0.9995712337832103]], "fy": 743.2441683899816, "fx": 743.2441683899816}, {"id": 48, "img_name": "white_car_000030", "width": 960, "height": 720, "position": [4.012950307913678, 0.3497782574547402, -1.5444559871662489], "rotation": [[0.9982692155560869, -0.05109464867342174, 0.029118896784979784], [0.05144872934942265, 0.998608929795187, -0.011542685200635483], [-0.0284886209101908, 0.013020837540293435, 0.9995093077447478]], "fy": 743.2441683899816, "fx": 743.2441683899816}, {"id": 49, "img_name": "white_car_000031", "width": 960, "height": 720, "position": [3.9574818455025236, 0.35457230436736, -1.5233584948607464], "rotation": [[0.9980520801939186, -0.05400866661026884, 0.031226737767065776], [0.05441214425562132, 0.9984438059727958, -0.01221821885807625], [-0.030518253195386456, 0.013893532507581609, 0.9994376448665334]], "fy": 743.2441683899816, "fx": 743.2441683899816}, {"id": 50, "img_name": "white_car_000032", "width": 960, "height": 720, "position": [3.869689637257325, 0.3508644847445669, -1.4919106904255195], "rotation": [[0.9977177903096142, -0.058019863797366594, 0.03453847571384297], [0.05848201887423588, 0.9982099035274986, -0.012523656335722], [-0.03375002767545843, 0.014514954514457857, 0.9993248979823074]], "fy": 743.2441683899816, "fx": 743.2441683899816}, {"id": 51, "img_name": "white_car_000034", "width": 960, "height": 720, "position": [3.75809878428916, 0.3385395043220267, -1.4557919925318603], "rotation": [[0.9971914029738094, -0.0637618293398455, 0.03929039264708385], [0.06435344204894548, 0.9978292403297842, -0.013980044325341038], [-0.038313709446862756, 0.0164692520207173, 0.9991300332821047]], "fy": 743.2441683899816, "fx": 743.2441683899816}, {"id": 52, "img_name": "white_car_000035", "width": 960, "height": 720, "position": [3.697822871337047, 0.330922358320791, -1.4430743846373408], "rotation": [[0.9969067595704901, -0.06659666229056309, 0.0417348450868316], [0.06723923255528094, 0.9976360394077302, -0.0141851499898591], [-0.0406915019143062, 0.016947490864863895, 0.9990280197398587]], "fy": 743.2441683899816, "fx": 743.2441683899816}, {"id": 53, "img_name": "white_car_000036", "width": 960, "height": 720, "position": [3.63192673659184, 0.3228623547345342, -1.4272108070979506], "rotation": [[0.9966126163606458, -0.06931690886025228, 0.044254480641484045], [0.07001605905030006, 0.9974412443860122, -0.014446988362571748], [-0.043139823665065025, 0.01749657520038894, 0.9989158250175059]], "fy": 743.2441683899816, "fx": 743.2441683899816}, {"id": 54, "img_name": "white_car_000037", "width": 960, "height": 720, "position": [3.5652175336913556, 0.3176549871161701, -1.4143618764294736], "rotation": [[0.9963075415434559, -0.07193907164002522, 0.0468620596560373], [0.07270152651073805, 0.997244340977064, -0.014772015171592498], [-0.04567023874081605, 0.018124413391683136, 0.9987921380009779]], "fy": 743.2441683899816, "fx": 743.2441683899816}, {"id": 55, "img_name": "white_car_000038", "width": 960, "height": 720, "position": [3.4972886792497984, 0.3136519860928554, -1.4016253096028284], "rotation": [[0.9959945140810315, -0.07454960076403416, 0.04936886616495662], [0.07538185681391747, 0.9970386755404934, -0.015213649783829832], [-0.048088497416495866, 0.018874228524156798, 0.9986647384952778]], "fy": 743.2441683899816, "fx": 743.2441683899816}, {"id": 56, "img_name": "white_car_000039", "width": 960, "height": 720, "position": [3.4217421638702903, 0.3110564651184418, -1.3919929673416724], "rotation": [[0.9956576871494879, -0.07686748331024006, 0.05250866623408499], [0.07777838858605664, 0.9968497502387446, -0.015527321659226828], [-0.05114970468232386, 0.019543936617342144, 0.9984997457447891]], "fy": 743.2441683899816, "fx": 743.2441683899816}, {"id": 57, "img_name": "white_car_000040", "width": 960, "height": 720, "position": [3.3452766993178433, 0.31300215569287826, -1.3832924526760975], "rotation": [[0.9953066357685498, -0.07928168845054337, 0.05548977087285588], [0.0802818560736077, 0.9966432977250045, -0.01602999330019915], [-0.05403262329803729, 0.0204095805017857, 0.9983305688214067]], "fy": 743.2441683899816, "fx": 743.2441683899816}, {"id": 58, "img_name": "white_car_000042", "width": 960, "height": 720, "position": [3.142548210813655, 0.30772988654406697, -1.3516512697664487], "rotation": [[0.9944418816221161, -0.08422373859058407, 0.06317994882626986], [0.08536064746081222, 0.9962293614273982, -0.01551190816854609], [-0.06163524917558174, 0.020818772485029825, 0.9978815935627235]], "fy": 743.2441683899816, "fx": 743.2441683899816}, {"id": 59, "img_name": "white_car_000043", "width": 960, "height": 720, "position": [3.069033309737742, 0.29857530593434045, -1.3425798380540817], "rotation": [[0.9940671438511829, -0.0864050189403814, 0.06606577190545711], [0.08763557832011085, 0.9960248141909841, -0.015955404360761635], [-0.06442452117052382, 0.021650455369992296, 0.9976876960523372]], "fy": 743.2441683899816, "fx": 743.2441683899816}, {"id": 60, "img_name": "white_car_000044", "width": 960, "height": 720, "position": [3.001046186198416, 0.2932879685659337, -1.337728592506563], "rotation": [[0.9936666999783603, -0.08867659635003858, 0.06901413343575064], [0.09001127762151052, 0.9958045565601908, -0.01646982194514353], [-0.06726410078978703, 0.02257756394595527, 0.9974797212731733]], "fy": 743.2441683899816, "fx": 743.2441683899816}, {"id": 61, "img_name": "white_car_000045", "width": 960, "height": 720, "position": [2.9356499536273186, 0.2862445268102392, -1.331895129986592], "rotation": [[0.9932504103587244, -0.0907935617349101, 0.07218137896795011], [0.09219137184580117, 0.9956083998059365, -0.01626853383227602], [-0.07038730907922948, 0.02281322825361993, 0.9972588346749471]], "fy": 743.2441683899816, "fx": 743.2441683899816}, {"id": 62, "img_name": "white_car_000046", "width": 960, "height": 720, "position": [2.87131003003611, 0.28115207289159366, -1.3227388776612057], "rotation": [[0.9928071287414979, -0.09295955086725542, 0.07544883711907586], [0.09443623852680527, 0.9953984668306658, -0.016238506214188857], [-0.0735921325480586, 0.023246809108306937, 0.9970174441268874]], "fy": 743.2441683899816, "fx": 743.2441683899816}, {"id": 63, "img_name": "white_car_000047", "width": 960, "height": 720, "position": [2.8084165163521995, 0.2760963002245162, -1.3109509701677928], "rotation": [[0.9923539306668585, -0.09515381911435887, 0.0786093314943436], [0.09669108171494965, 0.9951861849707109, -0.015977858437062998], [-0.07671056646139862, 0.023456511918735237, 0.9967774481005164]], "fy": 743.2441683899816, "fx": 743.2441683899816}, {"id": 64, "img_name": "white_car_000048", "width": 960, "height": 720, "position": [2.7493852822390465, 0.2701193540490572, -1.295193177695163], "rotation": [[0.9919109676966588, -0.09713426261914421, 0.08171638262008996], [0.09871788194070855, 0.9949938306267537, -0.015558174694982004], [-0.07979606474142788, 0.023499192329405068, 0.9965341820588229]], "fy": 743.2441683899816, "fx": 743.2441683899816}, {"id": 65, "img_name": "white_car_000050", "width": 960, "height": 720, "position": [2.632863586195149, 0.27044506090711284, -1.247216193695019], "rotation": [[0.9909807400041174, -0.1010436054952429, 0.08801910434339566], [0.10273414338642517, 0.9945975282550613, -0.014881282591907014], [-0.08603992517168577, 0.023789631721497527, 0.9960076228116963]], "fy": 743.2441683899816, "fx": 743.2441683899816}, {"id": 66, "img_name": "white_car_000051", "width": 960, "height": 720, "position": [2.5751154366839146, 0.2759873467021817, -1.2141426539032294], "rotation": [[0.9905350160482825, -0.10278712742359988, 0.0909680626276797], [0.10455063188744558, 0.9944090615475139, -0.014825103174308383], [-0.08893563601934076, 0.02419555223998163, 0.9957434548605567]], "fy": 743.2441683899816, "fx": 743.2441683899816}, {"id": 67, "img_name": "white_car_000052", "width": 960, "height": 720, "position": [2.4857301178848563, 0.2792738574999415, -1.1637572105750655], "rotation": [[0.989846932812779, -0.10510517861271242, 0.09568673382409815], [0.10694717338505709, 0.9941616424018008, -0.014315407151053188], [-0.09362345702910423, 0.024403487573371754, 0.9953085542122985]], "fy": 743.2441683899816, "fx": 743.2441683899816}, {"id": 68, "img_name": "white_car_000053", "width": 960, "height": 720, "position": [2.4301258437882245, 0.27741810250595894, -1.1252050202262687], "rotation": [[0.989401761498189, -0.10681934914798068, 0.09835538110282706], [0.10867414020604683, 0.993983260579184, -0.013682431759385702], [-0.09630205394879708, 0.024226108560302783, 0.9950572898427845]], "fy": 743.2441683899816, "fx": 743.2441683899816}, {"id": 69, "img_name": "white_car_000054", "width": 960, "height": 720, "position": [2.3718018551581634, 0.26862146301867923, -1.08927480249011], "rotation": [[0.9889824935761572, -0.10822983640434873, 0.10099470239460212], [0.11010045763196787, 0.993833880363015, -0.01311897373363843], [-0.09895209259595066, 0.024093998308303933, 0.9948004637194344]], "fy": 743.2441683899816, "fx": 743.2441683899816}, {"id": 70, "img_name": "white_car_000055", "width": 960, "height": 720, "position": [2.3121247614845633, 0.2542454364997121, -1.055940897270883], "rotation": [[0.98852153099584, -0.10948694889547021, 0.10410471064846892], [0.11140400425378169, 0.9936932232684791, -0.012764241713627493], [-0.10205062760152009, 0.024215409388676758, 0.9944844309260326]], "fy": 743.2441683899816, "fx": 743.2441683899816}, {"id": 71, "img_name": "white_car_000056", "width": 960, "height": 720, "position": [2.255028724696051, 0.24144719468769307, -1.0291822057544209], "rotation": [[0.9881017308345248, -0.11100754399030206, 0.10645325123760861], [0.11294797759361361, 0.9935240625149601, -0.01235684269069055], [-0.10439216387894651, 0.024233497085874016, 0.9942409233881193]], "fy": 743.2441683899816, "fx": 743.2441683899816}, {"id": 72, "img_name": "white_car_000058", "width": 960, "height": 720, "position": [2.1316415892175655, 0.2173921029662693, -0.9797447077501047], "rotation": [[0.987269755691154, -0.11381182366348531, 0.11110939785598997], [0.11578388506041554, 0.9932085514230502, -0.011439638999670102], [-0.10905283791743076, 0.02415868735088923, 0.9937423390233691]], "fy": 743.2441683899816, "fx": 743.2441683899816}, {"id": 73, "img_name": "white_car_000059", "width": 960, "height": 720, "position": [2.068320349846631, 0.21042558725992666, -0.9561973810606665], "rotation": [[0.9868615572353983, -0.11521504684743433, 0.11326852974621034], [0.11721087016151698, 0.9930450257061502, -0.011099046637065383], [-0.1112019728552719, 0.024229525381551636, 0.9935024163699251]], "fy": 743.2441683899816, "fx": 743.2441683899816}, {"id": 74, "img_name": "white_car_000060", "width": 960, "height": 720, "position": [1.9994334721959885, 0.20719606906080493, -0.9332134341125259], "rotation": [[0.9864836353235933, -0.1163665419526709, 0.11536405485559492], [0.11840186095259451, 0.9929056427098539, -0.010926298453465193], [-0.11327416546463676, 0.024437933400944536, 0.9932631830735403]], "fy": 743.2441683899816, "fx": 743.2441683899816}, {"id": 75, "img_name": "white_car_000061", "width": 960, "height": 720, "position": [1.9266807055241975, 0.20659298956307076, -0.9129337386990565], "rotation": [[0.9861019475841082, -0.1175850237099312, 0.11737423554581133], [0.11963243826494954, 0.9927624227997429, -0.010528608244553723], [-0.11528672380465894, 0.02442404708313444, 0.9930319417010055]], "fy": 743.2441683899816, "fx": 743.2441683899816}, {"id": 76, "img_name": "white_car_000062", "width": 960, "height": 720, "position": [1.8096417708233778, 0.2053711131406845, -0.8872117638675187], "rotation": [[0.9855659065940728, -0.11889117703509736, 0.12051859517357637], [0.12094908793663328, 0.9926095376820868, -0.009880477207621573], [-0.11845320547245564, 0.02431447564236002, 0.9926618983256772]], "fy": 743.2441683899816, "fx": 743.2441683899816}, {"id": 77, "img_name": "white_car_000063", "width": 960, "height": 720, "position": [1.7313768289353448, 0.20663619624803578, -0.8722871092639423], "rotation": [[0.9852526614857808, -0.11966985821682215, 0.12229602638496162], [0.12173754745716238, 0.9925163795798194, -0.009550173028956175], [-0.12023794149227887, 0.02429735171029044, 0.9924477195931107]], "fy": 743.2441683899816, "fx": 743.2441683899816}, {"id": 78, "img_name": "white_car_000064", "width": 960, "height": 720, "position": [1.6516974675603269, 0.20384383836308295, -0.858601622277246], "rotation": [[0.9849739581600344, -0.12039692930617844, 0.1238179355351962], [0.1224003754243348, 0.9924428923540374, -0.008674878208639068], [-0.12183780136943062, 0.023699890919493552, 0.9922670332767624]], "fy": 743.2441683899816, "fx": 743.2441683899816}, {"id": 79, "img_name": "white_car_000066", "width": 960, "height": 720, "position": [1.4946865446875985, 0.179426345710074, -0.829800750734277], "rotation": [[0.984387170189678, -0.12172635862354066, 0.12714005184131025], [0.12375270760925805, 0.9922797633080626, -0.008132569622981159], [-0.12516855246161226, 0.023739522858480543, 0.9918514347063859]], "fy": 743.2441683899816, "fx": 743.2441683899816}, {"id": 80, "img_name": "white_car_000067", "width": 960, "height": 720, "position": [1.4246053672669563, 0.17141622800931616, -0.8205994247462389], "rotation": [[0.9841033615559825, -0.12247150323594048, 0.12861300350020613], [0.12449872739420513, 0.9921890133177208, -0.007812088634347937], [-0.12665165080423713, 0.023700057947957213, 0.9916640895998124]], "fy": 743.2441683899816, "fx": 743.2441683899816}, {"id": 81, "img_name": "white_car_000068", "width": 960, "height": 720, "position": [1.3560138909543822, 0.16386627366148368, -0.8083703126148439], "rotation": [[0.9837752952973412, -0.12316938837107834, 0.13044335985754013], [0.1251755426893338, 0.9921080325705082, -0.007261902058452708], [-0.1285194610752006, 0.023472398202362334, 0.9914291677409789]], "fy": 743.2441683899816, "fx": 743.2441683899816}, {"id": 82, "img_name": "white_car_000069", "width": 960, "height": 720, "position": [1.2904778725299757, 0.15521313195491593, -0.7896152255956115], "rotation": [[0.9834531159065732, -0.12391178964836888, 0.1321583792265587], [0.12589465094352137, 0.9920208402377507, -0.0067223059879931765], [-0.13027089343925388, 0.023249105791958442, 0.9912058178816412]], "fy": 743.2441683899816, "fx": 743.2441683899816}, {"id": 83, "img_name": "white_car_000070", "width": 960, "height": 720, "position": [1.2278278403765766, 0.1486829097879872, -0.7685111052883096], "rotation": [[0.9831053558089003, -0.12459866341188695, 0.1340859144572131], [0.1266239100026021, 0.9919285066258622, -0.006650049521609776], [-0.13217505360509108, 0.023516182065935743, 0.9909473973857205]], "fy": 743.2441683899816, "fx": 743.2441683899816}, {"id": 84, "img_name": "white_car_000071", "width": 960, "height": 720, "position": [1.1703121863108328, 0.14417174894488102, -0.7489981768014533], "rotation": [[0.9827764240182877, -0.12535627914145292, 0.1357803508378033], [0.12738729936776905, 0.9918327923336334, -0.006339401505963604], [-0.13387672073072754, 0.02352690654288302, 0.9907186827323431]], "fy": 743.2441683899816, "fx": 743.2441683899816}, {"id": 85, "img_name": "white_car_000072", "width": 960, "height": 720, "position": [1.0824288878202806, 0.14132347228658254, -0.7109228351721135], "rotation": [[0.9822226952614667, -0.1259937057811102, 0.13915517603324348], [0.12807475522832393, 0.9917459628768688, -0.006066480910514181], [-0.13724224563342316, 0.02378090033988947, 0.9902520056998214]], "fy": 743.2441683899816, "fx": 743.2441683899816}, {"id": 86, "img_name": "white_car_000074", "width": 960, "height": 720, "position": [0.9729093453862149, 0.14451928639112616, -0.6496354528815153], "rotation": [[0.9815006112094664, -0.1266570853104231, 0.14357761989987325], [0.12886593316798942, 0.9916429376156077, -0.006152686066375011], [-0.1415984514893703, 0.024541129105163095, 0.9896199328621348]], "fy": 743.2441683899816, "fx": 743.2441683899816}, {"id": 87, "img_name": "white_car_000075", "width": 960, "height": 720, "position": [0.9166677292639963, 0.1464399982060744, -0.6171597864263166], "rotation": [[0.9811121490532076, -0.12674544266218732, 0.1461319395086604], [0.12901545568600428, 0.9916236756329023, -0.0061235707250983555], [-0.14413175630071692, 0.024861188399969987, 0.989246156493424]], "fy": 743.2441683899816, "fx": 743.2441683899816}, {"id": 88, "img_name": "white_car_000076", "width": 960, "height": 720, "position": [0.8611528228748884, 0.13978609924628266, -0.5822984847288059], "rotation": [[0.980688253844064, -0.1269585391896147, 0.14876853867373874], [0.12922073117597352, 0.9916000395061678, -0.005600382639898108], [-0.14680787242728985, 0.024716208815381897, 0.988856186518124]], "fy": 743.2441683899816, "fx": 743.2441683899816}, {"id": 89, "img_name": "white_car_000077", "width": 960, "height": 720, "position": [0.8025317601124008, 0.12793349917688357, -0.5451874252973776], "rotation": [[0.9802270115522477, -0.12692653537785645, 0.15180467858509275], [0.12918942291234609, 0.9916068344014292, -0.005096957519115778], [-0.14988361762022073, 0.024607734258773932, 0.9883973697778263]], "fy": 743.2441683899816, "fx": 743.2441683899816}, {"id": 90, "img_name": "white_car_000078", "width": 960, "height": 720, "position": [0.7473378610383706, 0.1201297658539571, -0.5126514078813335], "rotation": [[0.979769660129949, -0.1270320217123396, 0.15464242156833913], [0.12940509901152727, 0.9915774565602816, -0.0053355403905757225], [-0.1526621545723139, 0.02523911846951726, 0.9879560989539063]], "fy": 743.2441683899816, "fx": 743.2441683899816}, {"id": 91, "img_name": "white_car_000079", "width": 960, "height": 720, "position": [0.6871093819887175, 0.11041518754821954, -0.48088421889439525], "rotation": [[0.9792641918556684, -0.1272151972911662, 0.15766399756264665], [0.12957707573523405, 0.9915579742760324, -0.004750272993887226], [-0.15572868712337495, 0.025081411997347605, 0.9874813916115327]], "fy": 743.2441683899816, "fx": 743.2441683899816}, {"id": 92, "img_name": "white_car_000080", "width": 960, "height": 720, "position": [0.6226816909133017, 0.10044621388419753, -0.448228733346862], "rotation": [[0.9787164685423676, -0.12740365395482228, 0.16088002723432393], [0.1297556223336153, 0.991537297701576, -0.004155206309284442], [-0.15898915899133848, 0.024941856899926507, 0.9869652228410132]], "fy": 743.2441683899816, "fx": 743.2441683899816}, {"id": 93, "img_name": "white_car_000082", "width": 960, "height": 720, "position": [0.47258688969053975, 0.08254661219616298, -0.37054366437602804], "rotation": [[0.9772821789433225, -0.1278459617801868, 0.16904127536282715], [0.13038254808492952, 0.9914559124582455, -0.003945225781773706], [-0.16709259072344645, 0.02589563106176681, 0.9856010767127031]], "fy": 743.2441683899816, "fx": 743.2441683899816}, {"id": 94, "img_name": "white_car_000083", "width": 960, "height": 720, "position": [0.40735250703318276, 0.077059726129083, -0.3418119568458308], "rotation": [[0.9766560099918798, -0.12778772071723724, 0.1726653890640349], [0.1303831441260859, 0.9914566791201167, -0.0037268157864554447], [-0.17071401194552677, 0.026152473343897087, 0.9849734891170724]], "fy": 743.2441683899816, "fx": 743.2441683899816}, {"id": 95, "img_name": "white_car_000084", "width": 960, "height": 720, "position": [0.33952752866647945, 0.07303686525621837, -0.31497026060417327], "rotation": [[0.975983195031817, -0.12769013496871184, 0.17649938370192209], [0.13035975454443105, 0.9914603496992855, -0.0035650202363985742], [-0.17453692277166408, 0.026487816177299273, 0.984294294499138]], "fy": 743.2441683899816, "fx": 743.2441683899816}, {"id": 96, "img_name": "white_car_000085", "width": 960, "height": 720, "position": [0.2724364091830935, 0.06979808504270398, -0.287025089124164], "rotation": [[0.9752797773747877, -0.12751491655836067, 0.18046967030196154], [0.13031539957387747, 0.9914656949332489, -0.0036976214557875773], [-0.17845798518890943, 0.027124192626582798, 0.9835735995321708]], "fy": 743.2441683899816, "fx": 743.2441683899816}, {"id": 97, "img_name": "white_car_000086", "width": 960, "height": 720, "position": [0.2027284280211241, 0.0646427873950289, -0.26146959341442005], "rotation": [[0.9746446027440756, -0.12724684760600266, 0.18405471500664553], [0.13005648225473507, 0.9915013444267937, -0.00322419344711577], [-0.182080228924962, 0.027079951517596318, 0