[{"id": 0, "img_name": "C0221_000001", "width": 3840, "height": 2160, "position": [0.19969109602265378, 0.6285200863325727, -3.2011882278312327], "rotation": [[0.9990667349369483, -0.011373149373079981, 0.041669060653714764], [0.011446959282883593, 0.9999333060460647, -0.00153316110142299], [-0.04164884470908352, 0.0020087142963900817, 0.9991302912039421]], "fy": 7586.481242218394, "fx": 7586.481242218395}, {"id": 1, "img_name": "C0221_000017", "width": 3840, "height": 2160, "position": [0.5221847157718518, 0.6148649799230744, -3.2012011903778523], "rotation": [[0.9994188453079755, 0.005326464602815122, -0.033668983027528854], [-0.00525907695772502, 0.9999839874651546, 0.002089718364294488], [0.0336795747126622, -0.0019114361418319569, 0.9994308543661485]], "fy": 7586.481242218394, "fx": 7586.481242218395}, {"id": 2, "img_name": "C0221_000033", "width": 3840, "height": 2160, "position": [1.6268584221187636, 0.5244432505855583, -2.9867504166663985], "rotation": [[0.9421619867447878, 0.06441889993997696, -0.32890879596574746], [-0.059338122342527194, 0.9979128761766501, 0.02547309949159907], [0.3298632716292884, -0.004482955651003789, 0.9440180745826074]], "fy": 7586.481242218394, "fx": 7586.481242218395}, {"id": 3, "img_name": "C0221_000049", "width": 3840, "height": 2160, "position": [2.739085638246004, 0.35427357610737437, -2.3586112052544683], "rotation": [[0.7710845116497492, 0.12969226126069974, -0.6233847874811784], [-0.11003147208257584, 0.9914484282890547, 0.07016472899188107], [0.6271536901312221, 0.014489010050696142, 0.7787607575774103]], "fy": 7586.481242218394, "fx": 7586.481242218395}, {"id": 4, "img_name": "C0221_000065", "width": 3840, "height": 2160, "position": [3.5564772686496595, 0.12785190582537626, -1.4040219935739349], "rotation": [[0.5098690845841709, 0.18560760784415095, -0.8399900788078817], [-0.14320516118629223, 0.9811349765818467, 0.12987085715181493], [0.8482486654247723, 0.05407377958041155, 0.5268303597620219]], "fy": 7586.481242218394, "fx": 7586.481242218395}, {"id": 5, "img_name": "C0221_000081", "width": 3840, "height": 2160, "position": [3.9949199737651044, -0.11946972436329122, -0.22287371703549605], "rotation": [[0.1877156492798312, 0.22228210557660494, -0.9567410833427621], [-0.15268943753955289, 0.968818973656528, 0.1951300385562578], [0.9702828302506987, 0.10945529600500245, 0.2158026123501542]], "fy": 7586.481242218394, "fx": 7586.481242218395}, {"id": 6, "img_name": "C0221_000097", "width": 3840, "height": 2160, "position": [4.003258042824349, -0.36384401125682686, 1.0283185340370775], "rotation": [[-0.15362038919117665, 0.23790415003221507, -0.9590632885384573], [-0.13948986935373905, 0.9556436197881741, 0.2593990136947953], [0.9782348145370966, 0.17362859025979865, -0.11362112599321808]], "fy": 7586.481242218394, "fx": 7586.481242218395}, {"id": 7, "img_name": "C0221_000113", "width": 3840, "height": 2160, "position": [3.5786252233509135, -0.5797538533273271, 2.218267407194289], "rotation": [[-0.4781984199947689, 0.23127314514691194, -0.8472538010822739], [-0.1042013637508447, 0.9429501165566818, 0.3162074532300026], [0.8720483627110198, 0.239494906041017, -0.4268182787480332]], "fy": 7586.481242218394, "fx": 7586.481242218395}, {"id": 8, "img_name": "C0221_000129", "width": 3840, "height": 2160, "position": [2.7740633143877216, -0.7343973113674845, 3.1940714265192094], "rotation": [[-0.7448661270174812, 0.2020311194675944, -0.6358914054999074], [-0.051933512700521225, 0.9326077661577246, 0.3571353591579578], [0.6651897196143081, 0.29904210618066707, -0.6841757490955584]], "fy": 7586.481242218394, "fx": 7586.481242218395}, {"id": 9, "img_name": "C0221_000145", "width": 3840, "height": 2160, "position": [1.6959930179693623, -0.8196423886788565, 3.847037685196978], "rotation": [[-0.9230753526756045, 0.15523967965300584, -0.3518984727787835], [0.01093942874282373, 0.9251536694857571, 0.37943512849473904], [0.38446355117434566, 0.3463976467851226, -0.8556847831533178]], "fy": 7586.481242218394, "fx": 7586.481242218395}, {"id": 10, "img_name": "C0221_000161", "width": 3840, "height": 2160, "position": [0.469525797548951, -0.823938546823241, 4.112516926609313], "rotation": [[-0.9949625455508375, 0.09593822573219365, -0.02907558760121171], [0.07776258317022686, 0.9216649343978977, 0.38011410044881583], [0.06326542191189936, 0.37593830018325813, -0.9244824935311817]], "fy": 7586.481242218394, "fx": 7586.481242218395}, {"id": 11, "img_name": "C0221_000177", "width": 3840, "height": 2160, "position": [-0.746969722806283, -0.7464144840914491, 3.9721545272028584], "rotation": [[-0.956416421102349, 0.03207081499603703, 0.2902397151860217], [0.14002241401504303, 0.9225928779220923, 0.3594664173199369], [-0.2562447131536042, 0.38443964992300306, -0.8868736113719388]], "fy": 7586.481242218394, "fx": 7586.481242218395}, {"id": 12, "img_name": "C0221_000193", "width": 3840, "height": 2160, "position": [-1.8202385962903547, -0.5969252935789536, 3.4659840726080047], "rotation": [[-0.8192572855131848, -0.02927391327134409, 0.5726783897925161], [0.19084448314337862, 0.927843160223976, 0.32044571034626423], [-0.5407364269099169, 0.3718199941199599, -0.7545555039792159]], "fy": 7586.481242218394, "fx": 7586.481242218395}, {"id": 13, "img_name": "C0221_000209", "width": 3840, "height": 2160, "position": [-2.64439229904561, -0.4017051234239704, 2.686214238958186], "rotation": [[-0.6071996925691985, -0.08177930070168676, 0.7903294751688141], [0.22463515675408924, 0.9364392023157132, 0.26948221966648633], [-0.762133570769544, 0.3411653064762795, -0.5502350897234833]], "fy": 7586.481242218394, "fx": 7586.481242218395}, {"id": 14, "img_name": "C0221_000225", "width": 3840, "height": 2160, "position": [-3.168032707432893, -0.19020414910983402, 1.73925245628528], "rotation": [[-0.3491064727414446, -0.12133269377934784, 0.9291948386158166], [0.24066028455690203, 0.9467154218228332, 0.21403863557733174], [-0.9056529678232261, 0.29834256736688086, -0.3013045209915049]], "fy": 7586.481242218394, "fx": 7586.481242218395}, {"id": 15, "img_name": "C0221_000241", "width": 3840, "height": 2160, "position": [-3.3844146085269444, 0.019594722296667515, 0.7211230149766087], "rotation": [[-0.07047756184513801, -0.14585166493273918, 0.9867928886614011], [0.24042996295008184, 0.9576037041453931, 0.1587091009452351], [-0.9681045120193307, 0.24844000813751912, -0.03242246388605397]], "fy": 7586.481242218394, "fx": 7586.481242218395}, {"id": 16, "img_name": "C0221_000257", "width": 3840, "height": 2160, "position": [-3.3090132618733685, 0.21255018157645886, -0.27994130368455983], "rotation": [[0.20659076752987107, -0.15497209328993444, 0.9660765523874153], [0.22579693810989135, 0.9682759545448248, 0.10703933197897868], [-0.9520168052674367, 0.19602378975941662, 0.2350290967874816]], "fy": 7586.481242218394, "fx": 7586.481242218395}, {"id": 17, "img_name": "C0221_000273", "width": 3840, "height": 2160, "position": [-2.976964266471027, 0.3772139609976666, -1.1945022498531994], "rotation": [[0.4576080735944268, -0.1497692933920471, 0.8764496618391981], [0.19864424148087848, 0.9780182034755772, 0.06341024362743394], [-0.8666806310906482, 0.1450846388397166, 0.4772998337157314]], "fy": 7586.481242218394, "fx": 7586.481242218395}, {"id": 18, "img_name": "C0221_000289", "width": 3840, "height": 2160, "position": [-2.4402269560711787, 0.5038204908626087, -1.9637280380894584], "rotation": [[0.667084468997033, -0.13219423583283368, 0.7331595973834889], [0.16222588431286544, 0.9862904737419647, 0.03023018135505311], [-0.7271045823551487, 0.09877137955108124, 0.6793843837620357]], "fy": 7586.481242218394, "fx": 7586.481242218395}, {"id": 19, "img_name": "C0221_000305", "width": 3840, "height": 2160, "position": [-1.7537948450376295, 0.5908363416764577, -2.5588253885055785], "rotation": [[0.8280514056338123, -0.10439226667548532, 0.5508476416271764], [0.12010479732470009, 0.9927322087163075, 0.007589429282523424], [-0.5476364736642916, 0.05987500676906911, 0.8345713128768227]], "fy": 7586.481242218394, "fx": 7586.481242218395}, {"id": 20, "img_name": "C0221_000321", "width": 3840, "height": 2160, "position": [-0.9712611382273855, 0.6346228448410479, -2.9625104378957414], "rotation": [[0.9363006238994855, -0.06926318130074177, 0.3443018347344878], [0.0750698115808338, 0.9971719787341764, -0.0035451680616460737], [-0.3430825922058011, 0.029166016928401126, 0.9388523197936298]], "fy": 7586.481242218394, "fx": 7586.481242218395}, {"id": 21, "img_name": "C0221_000337", "width": 3840, "height": 2160, "position": [-0.14089339482248353, 0.6395553217780654, -3.1715574097227814], "rotation": [[0.9914383799276221, -0.0291271869280162, 0.1272852928980892], [0.02993677000343207, 0.9995418817224286, -0.004451571020164423], [-0.12709731943771893, 0.00822396889867415, 0.9918561577806027]], "fy": 7586.481242218394, "fx": 7586.481242218395}, {"id": 22, "img_name": "C0221_000003", "width": 3840, "height": 2160, "position": [0.20514545446787705, 0.6285214762717297, -3.201517485125054], "rotation": [[0.9991296077826023, -0.01107475593579618, 0.040216621354181824], [0.011145690514779321, 0.9999366989533672, -0.001540022464792576], [-0.040197020227024836, 0.001986924056388379, 0.999189797634895]], "fy": 7586.481242218394, "fx": 7586.481242218395}, {"id": 23, "img_name": "C0221_000005", "width": 3840, "height": 2160, "position": [0.21629693959483443, 0.6278278477688835, -3.201861564839999], "rotation": [[0.9992459675290604, -0.010463396093073488, 0.03739002165165884], [0.010520917612167544, 0.9999437530993062, -0.001341987433407634], [-0.037373876832756406, 0.0017343528686215152, 0.999299847568595]], "fy": 7586.481242218394, "fx": 7586.481242218395}, {"id": 24, "img_name": "C0221_000007", "width": 3840, "height": 2160, "position": [0.23719717546921198, 0.6271453795331, -3.2025085847336694], "rotation": [[0.9993862902175612, -0.009406465713582371, 0.03374257441215341], [0.009450176089350552, 0.9999547006350726, -0.0011361556682410597], [-0.03373035868562293, 0.0014543316682959508, 0.9994299114106691]], "fy": 7586.481242218394, "fx": 7586.481242218395}, {"id": 25, "img_name": "C0221_000009", "width": 3840, "height": 2160, "position": [0.2686564002668827, 0.6258813213120659, -3.2039740975016606], "rotation": [[0.9995449972340741, -0.0077768422530522015, 0.029143082007674473], [0.0078017634196100895, 0.9999692908466804, -0.0007415194747853131], [-0.029136420368317924, 0.0009685495125154696, 0.9995749751369141]], "fy": 7586.481242218394, "fx": 7586.481242218395}, {"id": 26, "img_name": "C0221_000011", "width": 3840, "height": 2160, "position": [0.3098169185426999, 0.6242122656669457, -3.204263324196453], "rotation": [[0.99977632729773, -0.005613153482156049, 0.02039087744674304], [0.005620467275755733, 0.9999841596310213, -0.0003013878600584662], [-0.02038886271140432, 0.00041592670723474045, 0.9997920390172695]], "fy": 7586.481242218394, "fx": 7586.481242218395}, {"id": 27, "img_name": "C0221_000013", "width": 3840, "height": 2160, "position": [0.36629387464696583, 0.6233414227066443, -3.2045881730941606], "rotation": [[0.9999766411995216, -0.0026938282520986992, 0.006281746944242834], [0.002694462263808232, 0.9999963656547549, -9.24683229316592e-05], [-0.0062814750204249585, 0.00010939209307460827, 0.9999802653577408]], "fy": 7586.481242218394, "fx": 7586.481242218395}, {"id": 28, "img_name": "C0221_000015", "width": 3840, "height": 2160, "position": [0.4374931536691609, 0.6187458558724731, -3.203937536506857], "rotation": [[0.9999292509793523, 0.0009088764635227823, -0.0118603111023978], [-0.0008961172169256091, 0.9999990141372846, 0.0010810635466928047], [0.011861281962972455, -0.0010703588335286656, 0.9999290796462328]], "fy": 7586.481242218394, "fx": 7586.481242218395}, {"id": 29, "img_name": "C0221_000019", "width": 3840, "height": 2160, "position": [0.6210622626679323, 0.6092555694434467, -3.1959868090029193], "rotation": [[0.9981768631429903, 0.010432051715603534, -0.05944848343753677], [-0.010242015286424946, 0.9999414221826805, 0.0035004751321589794], [0.05948151821274191, -0.0028852210108064615, 0.9982252373541884]], "fy": 7586.481242218394, "fx": 7586.481242218395}, {"id": 30, "img_name": "C0221_000021", "width": 3840, "height": 2160, "position": [0.7347695452564874, 0.6027375471674966, -3.1867214978836613], "rotation": [[0.9957651107141733, 0.016268467708188267, -0.09048304395198946], [-0.01586608869664371, 0.9998607875699518, 0.005164562853335069], [0.09055446711156913, -0.0037070795005569278, 0.9958846047849703]], "fy": 7586.481242218394, "fx": 7586.481242218395}, {"id": 31, "img_name": "C0221_000023", "width": 3840, "height": 2160, "position": [0.8660872330012551, 0.5932586378449103, -3.171129282354349], "rotation": [[0.9916622205858505, 0.02322275794089505, -0.12675465978163714], [-0.02243747028002636, 0.9997192098384793, 0.0076198036299871255], [0.12689602117549986, -0.004712217476435822, 0.9919048315318773]], "fy": 7586.481242218394, "fx": 7586.481242218395}, {"id": 32, "img_name": "C0221_000025", "width": 3840, "height": 2160, "position": [1.0091161728948848, 0.5834692256124612, -3.149427024781353], "rotation": [[0.985824717551966, 0.03061220614243186, -0.16496217475130373], [-0.029342186567386623, 0.99951808524054, 0.010130812629262909], [0.1651928035691358, -0.005146854590700404, 0.9862478631342079]], "fy": 7586.481242218394, "fx": 7586.481242218395}, {"id": 33, "img_name": "C0221_000027", "width": 3840, "height": 2160, "position": [1.1610039809134516, 0.5704771288302921, -3.120139049834543], "rotation": [[0.9779258617650173, 0.0387812144663089, -0.20532176283985734], [-0.03679691343730693, 0.99923190666066, 0.013475306036957523], [0.2056866452948169, -0.005622643134725527, 0.9786017524159374]], "fy": 7586.481242218394, "fx": 7586.481242218395}, {"id": 34, "img_name": "C0221_000029", "width": 3840, "height": 2160, "position": [1.317170804914041, 0.5566213134462017, -3.0826690846148277], "rotation": [[0.9679390535010348, 0.047144173784447116, -0.24672133184161998], [-0.0443023235318253, 0.9988724943928291, 0.017060013925225097], [0.2472474324178158, -0.005582725466046577, 0.968936293230452]], "fy": 7586.481242218394, "fx": 7586.481242218395}, {"id": 35, "img_name": "C0221_000031", "width": 3840, "height": 2160, "position": [1.473498794997377, 0.5408902070776856, -3.0380390519223046], "rotation": [[0.9559139683279568, 0.05593659220758125, -0.2882699824950574], [-0.05203356799957297, 0.9984204848827439, 0.02119063868175015], [0.2889999878144145, -0.005256711777283412, 0.9573146682384842]], "fy": 7586.481242218394, "fx": 7586.481242218395}, {"id": 36, "img_name": "C0221_000035", "width": 3840, "height": 2160, "position": [1.7778504891038505, 0.5069576835056828, -2.9292846730640067], "rotation": [[0.9265649470823629, 0.07300235955764929, -0.3689824580346247], [-0.0666117616025351, 0.9973264316924085, 0.030047659873847655], [0.3701895082987427, -0.0032625368508406583, 0.9289505281761953]], "fy": 7586.481242218394, "fx": 7586.481242218395}, {"id": 37, "img_name": "C0221_000037", "width": 3840, "height": 2160, "position": [1.9267466842339116, 0.4890395146764798, -2.86513155826964], "rotation": [[0.9091567382917988, 0.08134760623782969, -0.40843186968941697], [-0.07356397662169964, 0.9966845775411304, 0.0347590885274709], [0.4099053141424492, -0.0015555870382419695, 0.9121267530265442]], "fy": 7586.481242218394, "fx": 7586.481242218395}, {"id": 38, "img_name": "C0221_000039", "width": 3840, "height": 2160, "position": [2.07126486715858, 0.46637430263241436, -2.7950391733621758], "rotation": [[0.8901404901124284, 0.089975452348861, -0.44671503874060886], [-0.08022777568959125, 0.9959438947632215, 0.04073404585559655], [0.4485681797344819, -0.00042006961691421017, 0.8937485170176286]], "fy": 7586.481242218394, "fx": 7586.481242218395}, {"id": 39, "img_name": "C0221_000041", "width": 3840, "height": 2160, "position": [2.21198176554248, 0.4471377263522505, -2.7190818045796323], "rotation": [[0.8695449155315429, 0.098088925146639, -0.48401467192309267], [-0.08677495991407999, 0.9951752493871346, 0.045785689239812855], [0.48617049088272707, 0.0021876404713664145, 0.8738612407150326]], "fy": 7586.481242218394, "fx": 7586.481242218395}, {"id": 40, "img_name": "C0221_000043", "width": 3840, "height": 2160, "position": [2.3498203972382483, 0.42574328254457716, -2.6374981997657545], "rotation": [[0.847272343031365, 0.10609235466999493, -0.5204555591159704], [-0.09294559808490989, 0.994344503947206, 0.05138212983736273], [0.5229633758981403, 0.004839395681405918, 0.8523414149967484]], "fy": 7586.481242218394, "fx": 7586.481242218395}, {"id": 41, "img_name": "C0221_000045", "width": 3840, "height": 2160, "position": [2.4844992595938242, 0.40334771141452513, -2.549618003320598], "rotation": [[0.8232532196685513, 0.11406911174283567, -0.55609565189054], [-0.09895203954245627, 0.9934416993989554, 0.057289473428405756], [0.5589835687887008, 0.00786305548220975, 0.8291414488389368]], "fy": 7586.481242218394, "fx": 7586.481242218395}, {"id": 42, "img_name": "C0221_000047", "width": 3840, "height": 2160, "position": [2.6145437510962246, 0.37931149939476505, -2.456143712034122], "rotation": [[0.7977985822976897, 0.12185605166981572, -0.5904816040786025], [-0.10452849497504184, 0.9924869236162321, 0.06358852246309486], [0.5937939169628204, 0.010991320313322967, 0.8045420902946725]], "fy": 7586.481242218394, "fx": 7586.481242218395}, {"id": 43, "img_name": "C0221_000051", "width": 3840, "height": 2160, "position": [2.859913374871238, 0.32810482550870623, -2.2547498665624888], "rotation": [[0.7427332879596619, 0.13734504066890113, -0.6553499849395646], [-0.11514201166582558, 0.9903556053085719, 0.0770590175348653], [0.6596132049210177, 0.018224018150498244, 0.7513842592550589]], "fy": 7586.481242218394, "fx": 7586.481242218395}, {"id": 44, "img_name": "C0221_000053", "width": 3840, "height": 2160, "position": [2.9761274800637545, 0.3013476993160646, -2.145737268186871], "rotation": [[0.7128812196920283, 0.14491741154678264, -0.6861481694510206], [-0.12012743072612783, 0.9891887476516023, 0.08411314942738755], [0.6909195083347591, 0.022462532137653028, 0.7225826372481001]], "fy": 7586.481242218394, "fx": 7586.481242218395}, {"id": 45, "img_name": "C0221_000055", "width": 3840, "height": 2160, "position": [3.0855284668221667, 0.27455085537477536, -2.0339400003971915], "rotation": [[0.6822719094014105, 0.1521595455665491, -0.7150891653036949], [-0.12479227377471279, 0.9879859854724347, 0.09116238761791674], [0.7203693011559354, 0.027040066624241986, 0.6930634204378888]], "fy": 7586.481242218394, "fx": 7586.481242218395}, {"id": 46, "img_name": "C0221_000057", "width": 3840, "height": 2160, "position": [3.1906992022581404, 0.24669295131412106, -1.9166021129133524], "rotation": [[0.6501688530591134, 0.1592134828954562, -0.7429209442303366], [-0.1290831062685474, 0.9867299768841272, 0.09849621512683919], [0.7487442915894984, 0.0318593719735334, 0.6620928682817783]], "fy": 7586.481242218394, "fx": 7586.481242218395}, {"id": 47, "img_name": "C0221_000059", "width": 3840, "height": 2160, "position": [3.2906285846035965, 0.2175372932456603, -1.7942925116082953], "rotation": [[0.6167025491964324, 0.16626342850078527, -0.7694377415735377], [-0.13316641099568055, 0.9853879809695965, 0.10619432161463106], [0.775850934649918, 0.03697295368004118, 0.6298319838647622]], "fy": 7586.481242218394, "fx": 7586.481242218395}, {"id": 48, "img_name": "C0221_000061", "width": 3840, "height": 2160, "position": [3.3847787148214743, 0.18902427369128771, -1.6681539985336273], "rotation": [[0.5821847992001782, 0.17281946155078096, -0.7944773711626699], [-0.13692196453992111, 0.9840328549683779, 0.11371770297236884], [0.8014444679494499, 0.04257668437163074, 0.5965517502624074]], "fy": 7586.481242218394, "fx": 7586.481242218395}, {"id": 49, "img_name": "C0221_000063", "width": 3840, "height": 2160, "position": [3.473358849022277, 0.1583670254016158, -1.5375974071171195], "rotation": [[0.5464362860958276, 0.17943175285569657, -0.818053562613678], [-0.14025187159238142, 0.9825910239789916, 0.12183715406537848], [0.8256735418751368, 0.04815730124341317, 0.5620890290552897]], "fy": 7586.481242218394, "fx": 7586.481242218395}, {"id": 50, "img_name": "C0221_000067", "width": 3840, "height": 2160, "position": [3.6342348960405944, 0.09756796059127751, -1.266096101210613], "rotation": [[0.4721583841290392, 0.19129360698517905, -0.8605075340886065], [-0.14570932380672105, 0.9796786220142095, 0.13783537471972734], [0.869387861229062, 0.060303843119152815, 0.4904367372583521]], "fy": 7586.481242218394, "fx": 7586.481242218395}, {"id": 51, "img_name": "C0221_000069", "width": 3840, "height": 2160, "position": [3.705474789213785, 0.06666979574655409, -1.1250578643159392], "rotation": [[0.43363385766650486, 0.1967641267916226, -0.8793438212060147], [-0.1478380205457606, 0.9781794024209965, 0.1459759444580292], [0.8888788427937615, 0.06670033798439579, 0.4532609267810217]], "fy": 7586.481242218394, "fx": 7586.481242218395}, {"id": 52, "img_name": "C0221_000071", "width": 3840, "height": 2160, "position": [3.7701393783757653, 0.035955694043987116, -0.9803651418652697], "rotation": [[0.39420961280367633, 0.20180376150371987, -0.8965902202322559], [-0.14952070027572834, 0.9766780929550308, 0.15408913956142353], [0.9067757944289379, 0.07331537754573603, 0.41518973259594794]], "fy": 7586.481242218394, "fx": 7586.481242218395}, {"id": 53, "img_name": "C0221_000073", "width": 3840, "height": 2160, "position": [3.8283153138510317, 0.004871147056900284, -0.8330748480537965], "rotation": [[0.35406002293861843, 0.20659251650428315, -0.9121189792352379], [-0.15087465702187386, 0.975138597250589, 0.16230081337037475], [0.9229725554019669, 0.08015140845038694, 0.37642716918174535]], "fy": 7586.481242218394, "fx": 7586.481242218395}, {"id": 54, "img_name": "C0221_000075", "width": 3840, "height": 2160, "position": [3.880082532338913, -0.025806349311853435, -0.683166983973017], "rotation": [[0.3132154043178687, 0.21092529838735555, -0.9259625418979963], [-0.1518734382026123, 0.9735999789886973, 0.17040404831378136], [0.9374596360732078, 0.08725594199487652, 0.3369804613328129]], "fy": 7586.481242218394, "fx": 7586.481242218395}, {"id": 55, "img_name": "C0221_000077", "width": 3840, "height": 2160, "position": [3.9252794951876013, -0.057428582257949876, -0.5312639046922861], "rotation": [[0.27177873468121755, 0.21514726490002117, -0.9380021182178194], [-0.1525496451253915, 0.9719974102849162, 0.17874462277655712], [0.9501920464554484, 0.09451290285170971, 0.29698886519085155]], "fy": 7586.481242218394, "fx": 7586.481242218395}, {"id": 56, "img_name": "C0221_000079", "width": 3840, "height": 2160, "position": [3.963383424236171, -0.08866983546815961, -0.3782318492626038], "rotation": [[0.23004190630227317, 0.21895481897778335, -0.9482296708030298], [-0.15284435109635908, 0.9703978941630917, 0.186993399193046], [0.9611031816005757, 0.10191523070789299, 0.2566981886710692]], "fy": 7586.481242218394, "fx": 7586.481242218395}, {"id": 57, "img_name": "C0221_000083", "width": 3840, "height": 2160, "position": [4.019595369894398, -0.1507709210103067, -0.06775684927629379], "rotation": [[0.14539421836750893, 0.22546863402830014, -0.9633402391339796], [-0.15231077766520587, 0.9671805210286627, 0.20337961242402064], [0.977579637815928, 0.11715688119840457, 0.17496375886320453]], "fy": 7586.481242218394, "fx": 7586.481242218395}, {"id": 58, "img_name": "C0221_000085", "width": 3840, "height": 2160, "position": [4.037571720164893, -0.18215140496187412, 0.08915959921071781], "rotation": [[0.10257674461318021, 0.22833040751985076, -0.9681648808268047], [-0.15147652826154914, 0.9655332874867452, 0.2116608894927602], [0.9831240373678135, 0.12494276992630347, 0.1336279588737039]], "fy": 7586.481242218394, "fx": 7586.481242218395}, {"id": 59, "img_name": "C0221_000087", "width": 3840, "height": 2160, "position": [4.04879403142066, -0.21292658531357592, 0.24515862800825136], "rotation": [[0.06003801764351507, 0.2307641484785318, -0.9711556745519303], [-0.1502997771200205, 0.963908575467296, 0.21975039280574712], [0.9868157950879732, 0.13277110347355753, 0.0925549601442557]], "fy": 7586.481242218394, "fx": 7586.481242218395}, {"id": 60, "img_name": "C0221_000089", "width": 3840, "height": 2160, "position": [4.053424038343984, -0.2436008219437358, 0.40266004378620723], "rotation": [[0.017081386270431598, 0.23284093663031855, -0.9723648103835288], [-0.14878006984013314, 0.962271729908156, 0.22781046648020814], [0.9887227705790158, 0.14077718582455367, 0.05107902592917841]], "fy": 7586.481242218394, "fx": 7586.481242218395}, {"id": 61, "img_name": "C0221_000091", "width": 3840, "height": 2160, "position": [4.050976122373748, -0.2743191623911486, 0.5594966932851129], "rotation": [[-0.02573087327707716, 0.2346866840310937, -0.9717304577396391], [-0.1470345754891756, 0.9605918820756765, 0.23588995252241568], [0.9887966200241165, 0.14894762981934015, 0.009790188970795905]], "fy": 7586.481242218394, "fx": 7586.481242218395}, {"id": 62, "img_name": "C0221_000093", "width": 3840, "height": 2160, "position": [4.041738478507453, -0.30500540434578965, 0.7153877217318443], "rotation": [[-0.06828362982704768, 0.2362943730302026, -0.969279276148988], [-0.14486864176812184, 0.9589012880926754, 0.24397007260413703], [0.9870919017649279, 0.157077334356271, -0.031245615718464056]], "fy": 7586.481242218394, "fx": 7586.481242218395}, {"id": 63, "img_name": "C0221_000095", "width": 3840, "height": 2160, "position": [4.025949934754428, -0.33497825574844975, 0.8723088903286844], "rotation": [[-0.11108646066598524, 0.2373530569481029, -0.9650509440511909], [-0.1423331186524669, 0.9572506183578318, 0.251818460380115], [0.9835654943069967, 0.16533233201929803, -0.07255438234657718]], "fy": 7586.481242218394, "fx": 7586.481242218395}, {"id": 64, "img_name": "C0221_000099", "width": 3840, "height": 2160, "position": [3.9737576183056644, -0.3934176849769759, 1.1824357658716103], "rotation": [[-0.19569346298074491, 0.23844160301877826, -0.9512358648076924], [-0.13632562102489526, 0.9539579328775983, 0.2671695853799161], [0.9711433434868302, 0.1819611613771877, -0.1541776318130637]], "fy": 7586.481242218394, "fx": 7586.481242218395}, {"id": 65, "img_name": "C0221_000101", "width": 3840, "height": 2160, "position": [3.9373514019427938, -0.422524744988458, 1.3375310971314331], "rotation": [[-0.23796492176174716, 0.23852299199369015, -0.941530391597267], [-0.13268933648469372, 0.9523049117302809, 0.2747888190549863], [0.96216746774882, 0.19032114276863807, -0.19496570626923712]], "fy": 7586.481242218394, "fx": 7586.481242218395}, {"id": 66, "img_name": "C0221_000103", "width": 3840, "height": 2160, "position": [3.894492078033946, -0.45025890772655847, 1.4889690235701136], "rotation": [[-0.2792350888278372, 0.2381642028070657, -0.9302180269531358], [-0.12878761517056844, 0.9507102204179378, 0.2820706063586809], [0.9515469065400758, 0.19856457210225406, -0.23479905314941385]], "fy": 7586.481242218394, "fx": 7586.481242218395}, {"id": 67, "img_name": "C0221_000105", "width": 3840, "height": 2160, "position": [3.8442998652565437, -0.4779701530667253, 1.6397361191005535], "rotation": [[-0.32035647482620067, 0.23759120323588168, -0.9170180746211366], [-0.1244248419654427, 0.9490962290770867, 0.28936967127452856], [0.939090084996538, 0.20680127682531382, -0.27448687430297175]], "fy": 7586.481242218394, "fx": 7586.481242218395}, {"id": 68, "img_name": "C0221_000107", "width": 3840, "height": 2160, "position": [3.7876567050705323, -0.5045303555103104, 1.7887941921248234], "rotation": [[-0.36096718423556956, 0.2364888340926369, -0.9020951852518388], [-0.11981301480742249, 0.9475363730288362, 0.2963438261042645], [0.9248500058862522, 0.2150531402627347, -0.3136950963520721]], "fy": 7586.481242218394, "fx": 7586.481242218395}, {"id": 69, "img_name": "C0221_000109", "width": 3840, "height": 2160, "position": [3.724471716768402, -0.5307338175741094, 1.9342960293952676], "rotation": [[-0.4006941380687864, 0.23519394770263813, -0.8855100308191662], [-0.11494295619039506, 0.9459504053495532, 0.3032588785859844], [0.9089732254249984, 0.22329719564532058, -0.35200289470032786]], "fy": 7586.481242218394, "fx": 7586.481242218395}, {"id": 70, "img_name": "C0221_000111", "width": 3840, "height": 2160, "position": [3.655005744053089, -0.5548943348445026, 2.077563537132033], "rotation": [[-0.4397495025348803, 0.23322377466423994, -0.8673102362774747], [-0.10975467518603868, 0.9445017177616521, 0.30962948247881006], [0.8913889646473825, 0.23135076415834985, -0.3897467608950908]], "fy": 7586.481242218394, "fx": 7586.481242218395}, {"id": 71, "img_name": "C0221_000115", "width": 3840, "height": 2160, "position": [3.4969019873382527, -0.6028434367694033, 2.3543211393877352], "rotation": [[-0.5153935097423012, 0.22880509590184744, -0.8258436645060968], [-0.09851226059841224, 0.941489189457544, 0.32232505432616865], [0.8512724972811601, 0.2474799673184144, -0.46269731050523044]], "fy": 7586.481242218394, "fx": 7586.481242218395}, {"id": 72, "img_name": "C0221_000117", "width": 3840, "height": 2160, "position": [3.4092342658624206, -0.6243145593537457, 2.487639634677537], "rotation": [[-0.5517379079329592, 0.22586587324153284, -0.8028510996782658], [-0.09241298925909765, 0.9401468514637076, 0.32799959923614996], [0.8288818494610427, 0.2551636827366249, -0.49784171645847797]], "fy": 7586.481242218394, "fx": 7586.481242218395}, {"id": 73, "img_name": "C0221_000119", "width": 3840, "height": 2160, "position": [3.3165645739721166, -0.6454338028952913, 2.61635586294127], "rotation": [[-0.5868663502381103, 0.22268439782430874, -0.778459726590801], [-0.08623438120929719, 0.9387782144522308, 0.33355523615636884], [0.80507857905651, 0.26288233686481555, -0.5317342931472865]], "fy": 7586.481242218394, "fx": 7586.481242218395}, {"id": 74, "img_name": "C0221_000121", "width": 3840, "height": 2160, "position": [3.2179669695902446, -0.6652439418797562, 2.7412205940326984], "rotation": [[-0.620989427943273, 0.21913826198917485, -0.7525626568698778], [-0.07976630998714987, 0.9374703263045014, 0.33880189357435075], [0.7797496176169113, 0.2704215402494697, -0.564679311109752]], "fy": 7586.481242218394, "fx": 7586.481242218395}, {"id": 75, "img_name": "C0221_000123", "width": 3840, "height": 2160, "position": [3.1145349035584724, -0.6839540113148616, 2.8616096321818656], "rotation": [[-0.653869073925198, 0.2152445986245622, -0.7253447435028084], [-0.07313284188621133, 0.9362109480300072, 0.34374503374798254], [0.7530649517816179, 0.27781076932276466, -0.5964179363889414]], "fy": 7586.481242218394, "fx": 7586.481242218395}, {"id": 76, "img_name": "C0221_000125", "width": 3840, "height": 2160, "position": [3.0055843512956244, -0.70150748893638, 2.977429250564669], "rotation": [[-0.6855597350904392, 0.2110491270633073, -0.6967539849821757], [-0.06626278984320197, 0.9349965094054992, 0.3484117823520438], [0.7249945463966755, 0.2850259520909425, -0.6270112553453321]], "fy": 7586.481242218394, "fx": 7586.481242218395}, {"id": 77, "img_name": "C0221_000127", "width": 3840, "height": 2160, "position": [2.892149440539032, -0.7177355393113047, 3.0885610349926287], "rotation": [[-0.7159172740227017, 0.20654269514063273, -0.666935208127407], [-0.05916608649249022, 0.9338575836813089, 0.3527171495831614], [0.695673652631079, 0.29197624643958753, -0.6563444526694673]], "fy": 7586.481242218394, "fx": 7586.481242218395}, {"id": 78, "img_name": "C0221_000131", "width": 3840, "height": 2160, "position": [2.6521830452231208, -0.748946625677604, 3.294560361355628], "rotation": [[-0.7723720104752385, 0.19703573265494073, -0.6038363996080136], [-0.04458686803428982, 0.9315042561863367, 0.36098730158501735], [0.6336035737220322, 0.3057396617448743, -0.7106826089069569]], "fy": 7586.481242218394, "fx": 7586.481242218395}, {"id": 79, "img_name": "C0221_000133", "width": 3840, "height": 2160, "position": [2.5268541417171666, -0.7625219723894703, 3.3897642492770066], "rotation": [[-0.798366653241815, 0.19180580119640342, -0.5708075171359157], [-0.03710709108926138, 0.9304430981473194, 0.3645527463905749], [0.601027246289514, 0.3122277625987531, -0.7357173869633775]], "fy": 7586.481242218394, "fx": 7586.481242218395}, {"id": 80, "img_name": "C0221_000135", "width": 3840, "height": 2160, "position": [2.3968526936047976, -0.7752061024038693, 3.4804385974455307], "rotation": [[-0.8230820972814206, 0.18627072679015003, -0.5365063629407267], [-0.0294408921617544, 0.9294176985777345, 0.36785319821796775], [0.567158791700823, 0.31856860785635616, -0.7595030922155123]], "fy": 7586.481242218394, "fx": 7586.481242218395}, {"id": 81, "img_name": "C0221_000137", "width": 3840, "height": 2160, "position": [2.263674971412709, -0.7868717406007811, 3.564913695876696], "rotation": [[-0.8461397301112772, 0.18061138332033028, -0.5014250545618282], [-0.02162484001753554, 0.9284192708609662, 0.3709043323934191], [0.5325222281007916, 0.3246801282941545, -0.7816667390067585]], "fy": 7586.481242218394, "fx": 7586.481242218395}, {"id": 82, "img_name": "C0221_000139", "width": 3840, "height": 2160, "position": [2.126359223563643, -0.7971771929017194, 3.6445616830855427], "rotation": [[-0.8678217762806137, 0.17452267228334362, -0.4652173701316846], [-0.013729613982835455, 0.9275053054355878, 0.37355776807438895], [0.49668587891447297, 0.3305688207437559, -0.8025131727511019]], "fy": 7586.481242218394, "fx": 7586.481242218395}, {"id": 83, "img_name": "C0221_000141", "width": 3840, "height": 2160, "position": [1.9857977961990436, -0.8061547573226049, 3.7178968318338828], "rotation": [[-0.8878529114876208, 0.1683892594621958, -0.42820820270135945], [-0.005558729365629289, 0.926636458681206, 0.3759175095291431], [0.4600938035779171, 0.33613974882558445, -0.821780847409258]], "fy": 7586.481242218394, "fx": 7586.481242218395}, {"id": 84, "img_name": "C0221_000143", "width": 3840, "height": 2160, "position": [1.8410180521174813, -0.8134771834955098, 3.7865749859667743], "rotation": [[-0.9064513148832957, 0.1618983479018864, -0.39004479062408093], [0.0028067190700629997, 0.9258866890125804, 0.37779089644588176], [0.42230100174449636, 0.3413543086822854, -0.8397256098688622]], "fy": 7586.481242218394, "fx": 7586.481242218395}, {"id": 85, "img_name": "C0221_000147", "width": 3840, "height": 2160, "position": [1.5488007945333324, -0.8223181539099166, 3.9024081511540882], "rotation": [[-0.9380272183069286, 0.14841453061836102, -0.31317417648442447], [0.01938686529379319, 0.9247177383879377, 0.38015951094873035], [0.3460189115777435, 0.3505285029951617, -0.870287700371851]], "fy": 7586.481242218394, "fx": 7586.481242218395}, {"id": 86, "img_name": "C0221_000149", "width": 3840, "height": 2160, "position": [1.398756048127314, -0.829164020743667, 3.9505514161381226], "rotation": [[-0.9513817595237142, 0.1414141718386544, -0.27363256320976953], [0.027476734828956004, 0.923799373179366, 0.3818897054864794], [0.3067862068097264, 0.3558043705698376, -0.8827714728029565]], "fy": 7586.481242218394, "fx": 7586.481242218395}, {"id": 87, "img_name": "C0221_000151", "width": 3840, "height": 2160, "position": [1.2440986725353127, -0.8316458826657355, 3.995058339814944], "rotation": [[-0.9632189307285538, 0.1341075394650473, -0.2328614595521794], [0.03610094295078268, 0.9232899373620301, 0.3824034694979676], [0.26628183078123224, 0.35993174272999257, -0.8941717548497853]], "fy": 7586.481242218394, "fx": 7586.481242218395}, {"id": 88, "img_name": "C0221_000153", "width": 3840, "height": 2160, "position": [1.0923250528497068, -0.8307462588265301, 4.031469219668139], "rotation": [[-0.9729897674451006, 0.12674982212137706, -0.19293883756084124], [0.044463183091023414, 0.9230298585912795, 0.3821503702711498], [0.22652579940603573, 0.36324972503934816, -0.9037343080033504]], "fy": 7586.481242218394, "fx": 7586.481242218395}, {"id": 89, "img_name": "C0221_000155", "width": 3840, "height": 2160, "position": [0.9375098958072647, -0.8303121950687196, 4.061754786335076], "rotation": [[-0.9811416836761186, 0.11915169345385677, -0.15219681501355184], [0.05279714636858956, 0.9226632258923972, 0.3819751731738186], [0.18593939305194288, 0.36673620701113363, -0.9115542203174543]], "fy": 7586.481242218394, "fx": 7586.481242218395}, {"id": 90, "img_name": "C0221_000157", "width": 3840, "height": 2160, "position": [0.7826443533393804, -0.8281267769544164, 4.085457006667161], "rotation": [[-0.9874821211190714, 0.11162006595153656, -0.11144514950034318], [0.0612247465184813, 0.9223997012216495, 0.38135327663461793], [0.14536365049050923, 0.36975634147798786, -0.9176871237262112]], "fy": 7586.481242218394, "fx": 7586.481242218395}, {"id": 91, "img_name": "C0221_000159", "width": 3840, "height": 2160, "position": [0.6259733698905169, -0.8243856709076016, 4.103546257492043], "rotation": [[-0.9921106220815116, 0.10385902181138552, -0.07021265656146686], [0.06963492203170692, 0.9222550672105705, 0.3802585549834009], [0.10424725985211529, 0.3723692986711018, -0.9222112633342304]], "fy": 7586.481242218394, "fx": 7586.481242218395}, {"id": 92, "img_name": "C0221_000163", "width": 3840, "height": 2160, "position": [0.31366168521556237, -0.816504179817663, 4.117158781953318], "rotation": [[-0.9960397927551028, 0.08811290377406784, 0.011867916281858248], [0.08604574403097913, 0.9217406333788862, 0.3781406282224179], [0.02237992811709987, 0.3776642966535115, -0.9256720898086325]], "fy": 7586.481242218394, "fx": 7586.481242218395}, {"id": 93, "img_name": "C0221_000165", "width": 3840, "height": 2160, "position": [0.15990005150340658, -0.8105326748621606, 4.114778787130547], "rotation": [[-0.99541526908737, 0.08012215446882297, 0.05223870625305754], [0.09394305462368065, 0.9216285731545296, 0.3765308428709633], [-0.0179762219526606, 0.3797120139110955, -0.9249300740790566]], "fy": 7586.481242218394, "fx": 7586.481242218395}, {"id": 94, "img_name": "C0221_000167", "width": 3840, "height": 2160, "position": [0.0049981268299220975, -0.8031256908770252, 4.106249901044333], "rotation": [[-0.9930599149527579, 0.07211611274187311, 0.09290463711258665], [0.10196529021531879, 0.9215880592972949, 0.37453775317309634], [-0.05860959738238928, 0.381411477598206, -0.9225455001521748]], "fy": 7586.481242218394, "fx": 7586.481242218395}, {"id": 95, "img_name": "C0221_000169", "width": 3840, "height": 2160, "position": [-0.14936213325487577, -0.7947815605920006, 4.091209185921915], "rotation": [[-0.9889859410884633, 0.06406982850330012, 0.13342363135863133], [0.10993007953164538, 0.9215781182399686, 0.3723024974337999], [-0.09910694195429683, 0.38286920620080717, -0.9184710038970372]], "fy": 7586.481242218394, "fx": 7586.481242218395}, {"id": 96, "img_name": "C0221_000171", "width": 3840, "height": 2160, "position": [-0.3014434330147925, -0.7839101925134774, 4.070488930857781], "rotation": [[-0.9832647094863866, 0.05606576089858301, 0.17334111322336443], [0.11768602489609632, 0.9217788633958566, 0.36942350566903326], [-0.139070164387649, 0.3836409225454263, -0.9129507828605479]], "fy": 7586.481242218394, "fx": 7586.481242218395}, {"id": 97, "img_name": "C0221_000173", "width": 3840, "height": 2160, "position": [-0.4493701098097489, -0.7730883502403062, 4.044296380071347], "rotation": [[-0.976062476811822, 0.048024212554500297, 0.21212193749937924], [0.1250162773551646, 0.9219734258234976, 0.36651866592513443], [-0.17796901909103993, 0.38426381183218894, -0.9059074738404403]], "fy": 7586.481242218394, "fx": 7586.481242218395}, {"id": 98, "img_name": "C0221_000175", "width": 3840, "height": 2160, "position": [-0.5986095847020262, -0.7603558232512119, 4.011341196398841], "rotation": [[-0.9670823285739423, 0.04000181865445521, 0.25129986920875497], [0.1325124595723881, 0.9222613824949852, 0.3631451368482233], [-0.21723769888782538, 0.3844916083125544, -0.897203424714344]], "fy": 7586.481242218394, "fx": 7586.481242218395}, {"id": 99, "img_name": "C0221_000179", "width": 3840, "height