[{"id": 0, "img_name": "_DSC1450", "width": 5169, "height": 3358, "position": [-0.16215081376831436, -0.723320126486425, 4.039722232345265], "rotation": [[-0.9928900879288388, -0.036054720589732234, 0.11344307125540418], [0.028910518351227668, 0.851447184456246, 0.523642887863661], [-0.11547058162720797, 0.5231995309676104, -0.8443511091802666]], "fy": 3901.9636979375477, "fx": 3889.088671383673}, {"id": 1, "img_name": "_DSC1458", "width": 5169, "height": 3358, "position": [-4.191101356619409, 1.578374405826819, -1.2366647092492722], "rotation": [[0.4673560672481515, -0.1514388614728243, 0.8710020537531219], [0.33577642839161087, 0.9417985766146155, -0.01642045137191349], [-0.8178217999924647, 0.3001361563065981, 0.4910048789315505]], "fy": 3901.9636979375477, "fx": 3889.088671383673}, {"id": 2, "img_name": "_DSC1466", "width": 5169, "height": 3358, "position": [2.6942733106658334, 1.4788312931938046, -2.017280789609178], "rotation": [[0.7469988961112215, 0.22093457525707383, -0.6270411172041216], [-0.3109987370299636, 0.9497335025011824, -0.035861675819793055], [0.5875988723392719, 0.22179762776642303, 0.7781602518394287]], "fy": 3901.9636979375477, "fx": 3889.088671383673}, {"id": 3, "img_name": "_DSC1474", "width": 5169, "height": 3358, "position": [1.691030897598339, -0.7290750217737255, 4.081707106515333], "rotation": [[-0.9623492204714457, -0.009917283756392363, -0.27163509592999247], [-0.14462431822127358, 0.8648203195027426, 0.4808010207499625], [0.23014731029719376, 0.5019835280744471, -0.8336934407232061]], "fy": 3901.9636979375477, "fx": 3889.088671383673}, {"id": 4, "img_name": "_DSC1482", "width": 5169, "height": 3358, "position": [-4.245797211773573, 0.27153194322386, 0.3578028011353607], "rotation": [[-0.027363694140511534, -0.34491803598616905, 0.9382338603431599], [0.4210567850238558, 0.847283311736027, 0.3237625263043961], [-0.9066214270732622, 0.40390907158056505, 0.12204527793637465]], "fy": 3901.9636979375477, "fx": 3889.088671383673}, {"id": 5, "img_name": "_DSC1490", "width": 5169, "height": 3358, "position": [0.056244313962447876, 1.6984968365013993, -2.8892682978612703], "rotation": [[0.9986004720958972, 0.05116557163346964, -0.013385866026198371], [-0.05168089752597279, 0.9978010117836332, -0.04149970740219021], [0.011233074412686107, 0.042133420974065104, 0.9990488440893475]], "fy": 3901.9636979375477, "fx": 3889.088671383673}, {"id": 6, "img_name": "_DSC1498", "width": 5169, "height": 3358, "position": [3.815538862754259, 0.5167264023835302, 0.5702995981670481], "rotation": [[0.009093416304413831, 0.31529232295720916, -0.9489510318578939], [-0.40983518848014344, 0.8667984784916097, 0.2840695618472274], [0.9121142626137144, 0.38633036221461725, 0.13710004802246675]], "fy": 3901.9636979375477, "fx": 3889.088671383673}, {"id": 7, "img_name": "_DSC1506", "width": 5169, "height": 3358, "position": [-2.24795317110465, -1.1504932968521582, 2.7496331770500384], "rotation": [[-0.7761999376559549, -0.23998359206747913, 0.5830279001225251], [0.2468052692933389, 0.7352788541492874, 0.6312306754982313], [-0.5801730912684023, 0.6338555688635232, -0.5114941856842219]], "fy": 3901.9636979375477, "fx": 3889.088671383673}, {"id": 8, "img_name": "_DSC1515", "width": 5169, "height": 3358, "position": [-2.3825146049024006, 1.3201328516448536, -2.7261530985138056], "rotation": [[0.9086757259840957, -0.11788681478395918, 0.40051357518487346], [0.13529175122326892, 0.9906869112657385, -0.015348807696091678], [-0.39497413466987674, 0.06813327195169032, 0.9161622619355914]], "fy": 3901.9636979375477, "fx": 3889.088671383673}, {"id": 9, "img_name": "_DSC1523", "width": 5169, "height": 3358, "position": [3.970579435352761, 0.27634508765861493, -0.6114094312930559], "rotation": [[0.24145281863459747, 0.42005695480461847, -0.8747872261834182], [-0.4267681645910156, 0.8555695370237151, 0.29303532382400893], [0.8715328278757054, 0.30257713402915404, 0.38584661187793173]], "fy": 3901.9636979375477, "fx": 3889.088671383673}, {"id": 10, "img_name": "_DSC1531", "width": 5169, "height": 3358, "position": [-0.3031395290616786, -1.5311228893390125, 3.301194470260685], "rotation": [[-0.9883931535160293, -0.06591304537261217, 0.1368738270537748], [0.06162116270259682, 0.6495808428769266, 0.7577912383199489], [-0.13885894421973252, 0.7574299961164789, -0.6379796192615966]], "fy": 3901.9636979375477, "fx": 3889.088671383673}, {"id": 11, "img_name": "_DSC1539", "width": 5169, "height": 3358, "position": [-3.769142407782125, 0.2684285195457691, -0.8422565517986508], "rotation": [[0.20229108565129195, -0.403612889324749, 0.8922863622385748], [0.4439719737686742, 0.8499122525829333, 0.2837922645481226], [-0.8729073279414998, 0.33874149211505206, 0.351122483395323]], "fy": 3901.9636979375477, "fx": 3889.088671383673}, {"id": 12, "img_name": "_DSC1547", "width": 5169, "height": 3358, "position": [0.11398481330825667, 1.100085701413296, -3.298341634299125], "rotation": [[0.9991557326251655, 0.03746557247379252, -0.01685683367301477], [-0.037124061503125874, 0.9991077785562298, 0.0201358110327804], [0.01759619333210487, -0.01949301689443463, 0.9996551386716183]], "fy": 3901.9636979375477, "fx": 3889.088671383673}, {"id": 13, "img_name": "_DSC1555", "width": 5169, "height": 3358, "position": [3.683371763330731, 0.015129196142806124, 0.018466618431858206], "rotation": [[0.1701384045628643, 0.4162658062812259, -0.8931829050165723], [-0.37727359611893735, 0.8648540276172643, 0.3311980443566674], [0.9103392537753645, 0.2806248197063776, 0.3041909821156359]], "fy": 3901.9636979375477, "fx": 3889.088671383673}, {"id": 14, "img_name": "_DSC1564", "width": 5169, "height": 3358, "position": [-0.8771395274504924, -1.6259077192324145, 2.5873086093134896], "rotation": [[-0.9622074769424417, -0.0770035026674516, 0.26120343009425445], [0.16805807025446573, 0.5868252211096237, 0.7920812110459295], [-0.2142737882672665, 0.8060438080195054, -0.5517065553489547]], "fy": 3901.9636979375477, "fx": 3889.088671383673}, {"id": 15, "img_name": "_DSC1572", "width": 5169, "height": 3358, "position": [-2.9293913435567047, 0.6368910980614289, -1.8935637427015928], "rotation": [[0.6288317693600135, -0.32701828225208307, 0.7054286986765224], [0.2523012461998574, 0.9439824731508044, 0.2126997215562109], [-0.7354690251870258, 0.044228197532655965, 0.6761132889785991]], "fy": 3901.9636979375477, "fx": 3889.088671383673}, {"id": 16, "img_name": "_DSC1582", "width": 5169, "height": 3358, "position": [4.073743165253172, -0.02125011600875825, -1.1705792543440288], "rotation": [[0.3597765476280683, 0.4240856951026675, -0.831090945075276], [-0.3556436553576766, 0.885821615352482, 0.2980564647481235], [0.8625998065039536, 0.1883384957559303, 0.4695212293770484]], "fy": 3901.9636979375477, "fx": 3889.088671383673}, {"id": 17, "img_name": "_DSC1590", "width": 5169, "height": 3358, "position": [1.0313326745646185, -1.7789612302068023, 2.998601742286396], "rotation": [[-0.9766728154457379, 0.13828300701931465, -0.1642803139118975], [-0.047128947365527, 0.6083502433707068, 0.7922681640145713], [0.2094971930349254, 0.781529136603683, -0.5876420124106079]], "fy": 3901.9636979375477, "fx": 3889.088671383673}, {"id": 18, "img_name": "_DSC1598", "width": 5169, "height": 3358, "position": [-3.297812645973943, -0.45573527871906006, -0.7550649110107671], "rotation": [[0.06494263368221953, -0.6014873247469518, 0.7962383138854672], [0.49517911127472714, 0.712175637945626, 0.49759773760931814], [-0.8663602611428965, 0.36196527303802983, 0.34409452048371264]], "fy": 3901.9636979375477, "fx": 3889.088671383673}, {"id": 19, "img_name": "_DSC1606", "width": 5169, "height": 3358, "position": [3.7602053423524473, -0.21243275364567724, -0.5855823901873488], "rotation": [[0.3011409517498793, 0.48489096021820116, -0.8210937119950728], [-0.37799225213598614, 0.8512262290494176, 0.3640546171983998], [0.8754632970629561, 0.20073530749965032, 0.43962410286366116]], "fy": 3901.9636979375477, "fx": 3889.088671383673}, {"id": 20, "img_name": "_DSC1451", "width": 5169, "height": 3358, "position": [-1.0866535612617167, -0.5881377769717877, 3.6244917453367744], "rotation": [[-0.9448748911939036, -0.08424085913669559, 0.3164094145932128], [0.09460630102484542, 0.8548834620357969, 0.5101214699893415], [-0.31346624666414175, 0.5119352927759541, -0.7997882020964631]], "fy": 3901.9636979375477, "fx": 3889.088671383673}, {"id": 21, "img_name": "_DSC1452", "width": 5169, "height": 3358, "position": [-2.014462551491189, -0.5123822284423264, 3.364989726380256], "rotation": [[-0.844067134195025, -0.12298434690686443, 0.521943984913793], [0.17732871458685479, 0.8545672028336254, 0.48812849007621684], [-0.5060683747822735, 0.5045688716686806, -0.6995034337215387]], "fy": 3901.9636979375477, "fx": 3889.088671383673}, {"id": 22, "img_name": "_DSC1453", "width": 5169, "height": 3358, "position": [-2.977790010778267, -0.28942402765596625, 2.8609164596660075], "rotation": [[-0.684554512242717, -0.15108359080434713, 0.7131331350861493], [0.25661984410928423, 0.8657164547114942, 0.4297455941031717], [-0.6822985969335288, 0.47718839951472614, -0.5538590578758387]], "fy": 3901.9636979375477, "fx": 3889.088671383673}, {"id": 23, "img_name": "_DSC1454", "width": 5169, "height": 3358, "position": [-3.4494837354259853, 0.007350656002801333, 2.223082605871896], "rotation": [[-0.5115429884291323, -0.18590940725716246, 0.8389049190952947], [0.3200134103173472, 0.8648580975332507, 0.38679696010727294], [-0.7974429059224576, 0.46632409698026195, -0.3829185923528519]], "fy": 3901.9636979375477, "fx": 3889.088671383673}, {"id": 24, "img_name": "_DSC1455", "width": 5169, "height": 3358, "position": [-3.9931088951863365, 0.341732722198859, 1.4174288067134422], "rotation": [[-0.2712175425374725, -0.14736832917101383, 0.9511696064200527], [0.3922145946097735, 0.8855223617563196, 0.24903385031878886], [-0.8789816587364182, 0.44060495047928544, -0.1823691893333989]], "fy": 3901.9636979375477, "fx": 3889.088671383673}, {"id": 25, "img_name": "_DSC1456", "width": 5169, "height": 3358, "position": [-4.600953272855563, 0.7146025516057748, 0.565251175345834], "rotation": [[-0.0385983672524344, -0.16452180012901985, 0.9856179499825237], [0.39871312701266143, 0.9018970657022135, 0.16616114234538262], [-0.9162630672428257, 0.39939236367267217, 0.030785247225326603]], "fy": 3901.9636979375477, "fx": 3889.088671383673}, {"id": 26, "img_name": "_DSC1457", "width": 5169, "height": 3358, "position": [-4.592365755892725, 1.1162760383641082, -0.3066164578772556], "rotation": [[0.18897470541914982, -0.16810305140543466, 0.967486395160122], [0.3935174460812429, 0.9156322199711362, 0.0822292975795431], [-0.8996847116303811, 0.3651835180548415, 0.23918281250885817]], "fy": 3901.9636979375477, "fx": 3889.088671383673}, {"id": 27, "img_name": "_DSC1459", "width": 5169, "height": 3358, "position": [-3.4740238990944694, 1.852438252083479, -1.6127598763370543], "rotation": [[0.6538553877002132, -0.1230577151608415, 0.7465453306496511], [0.2670277327090633, 0.9607258696135544, -0.07551154494206105], [-0.7079331338054893, 0.24872193750184776, 0.6610356086215524]], "fy": 3901.9636979375477, "fx": 3889.088671383673}, {"id": 28, "img_name": "_DSC1460", "width": 5169, "height": 3358, "position": [-2.933856306926904, 2.084679901946968, -1.9014841212775484], "rotation": [[0.8147691187299074, -0.03674492809585518, 0.578619990514777], [0.1752743931520374, 0.9669041738261334, -0.18540551702359756], [-0.5526573714963686, 0.2524799574160945, 0.7942441065780039]], "fy": 3901.9636979375477, "fx": 3889.088671383673}, {"id": 29, "img_name": "_DSC1461", "width": 5169, "height": 3358, "position": [-2.1700723277376515, 2.140044991123953, -2.3678935717407934], "rotation": [[0.9007675001387897, 0.006312648394875976, 0.4342557554759152], [0.08921145471573108, 0.9758824285430707, -0.19923554403866173], [-0.42504026519991994, 0.21820549060718228, 0.8784800150416974]], "fy": 3901.9636979375477, "fx": 3889.088671383673}, {"id": 30, "img_name": "_DSC1462", "width": 5169, "height": 3358, "position": [-1.243669826730146, 2.034548310006812, -2.5668592617403196], "rotation": [[0.9645008777878932, 0.045808983156752525, 0.26007613079351966], [0.0065571601555855, 0.9803818054872498, -0.19699877948925065], [-0.26399822044301274, 0.19171085658278395, 0.9452787351206084]], "fy": 3901.9636979375477, "fx": 3889.088671383673}, {"id": 31, "img_name": "_DSC1463", "width": 5169, "height": 3358, "position": [-0.40891802487542467, 1.9239932665606245, -2.456751756112283], "rotation": [[0.9949946533988203, 0.05737301219982236, 0.08181672921157818], [-0.0412321090417642, 0.9815233352755905, -0.18684714472918465], [-0.09102501245113753, 0.18253843370808195, 0.9789760810804676]], "fy": 3901.9636979375477, "fx": 3889.088671383673}, {"id": 32, "img_name": "_DSC1464", "width": 5169, "height": 3358, "position": [0.47569180251209764, 1.831240364344368, -2.4392658682330612], "rotation": [[0.9898467684947055, 0.0824562728813301, -0.11577710465851523], [-0.10047571021549316, 0.9820537722649647, -0.15960895976368422], [0.10053858243123091, 0.16962119986214208, 0.9803676055439846]], "fy": 3901.9636979375477, "fx": 3889.088671383673}, {"id": 33, "img_name": "_DSC1465", "width": 5169, "height": 3358, "position": [1.5415563661857958, 1.7305208062936097, -2.434900952499811], "rotation": [[0.902785040177028, 0.1900875275153104, -0.38580552499371784], [-0.2463173324604791, 0.9638612446832684, -0.1014853325716303], [0.3525718975785164, 0.18665002780802556, 0.9169813652180437]], "fy": 3901.9636979375477, "fx": 3889.088671383673}, {"id": 34, "img_name": "_DSC1467", "width": 5169, "height": 3358, "position": [3.4241044285774884, 1.1803645149379158, -1.3765487657898288], "rotation": [[0.5673129273464158, 0.23975434129722759, -0.7878285970277883], [-0.33536694638046766, 0.9410181135760887, 0.04487673336084329], [0.7521203718428857, 0.2387525198837327, 0.6142574220211644]], "fy": 3901.9636979375477, "fx": 3889.088671383673}, {"id": 35, "img_name": "_DSC1468", "width": 5169, "height": 3358, "position": [3.8257811314628194, 1.1508846133297106, -0.5605980245425369], "rotation": [[0.3705126884199179, 0.185762978422128, -0.9100617910711254], [-0.3738253938808601, 0.9267617319477639, 0.03697657484139359], [0.8502793203469462, 0.32650391735003936, 0.412819899405799]], "fy": 3901.9636979375477, "fx": 3889.088671383673}, {"id": 36, "img_name": "_DSC1469", "width": 5169, "height": 3358, "position": [4.078194353489487, 0.9347265963257642, 0.4258004985006825], "rotation": [[0.07393018172906875, 0.09266055438300186, -0.9929493188934376], [-0.42481739066370094, 0.9037434622367875, 0.05270615764736176], [0.9022552370694177, 0.41792556290049887, 0.10617773333006224]], "fy": 3901.9636979375477, "fx": 3889.088671383673}, {"id": 37, "img_name": "_DSC1470", "width": 5169, "height": 3358, "position": [3.7018104869095683, 0.7302828538243205, 1.3170590658244559], "rotation": [[0.003680748569922757, 0.10335133449509872, -0.9946381018983975], [-0.48169831268386715, 0.8718256486272508, 0.08880751068005954], [0.8763293830789198, 0.47878861729760847, 0.05299313444932175]], "fy": 3901.9636979375477, "fx": 3889.088671383673}, {"id": 38, "img_name": "_DSC1471", "width": 5169, "height": 3358, "position": [4.220820930877352, 0.26087931972148853, 2.047388477159893], "rotation": [[-0.40306840841160596, 0.08985633417088491, -0.9107478780375526], [-0.4332437919731848, 0.8578549259326937, 0.2763778984826903], [0.8061238582607703, 0.5059750638740833, -0.30684452069474316]], "fy": 3901.9636979375477, "fx": 3889.088671383673}, {"id": 39, "img_name": "_DSC1472", "width": 5169, "height": 3358, "position": [3.7699345444999204, -0.027440074905775026, 2.6832972378736946], "rotation": [[-0.6009623838160679, 0.052427093784273744, -0.7975560250386451], [-0.39310889600487636, 0.8494284724903375, 0.3520463975168036], [0.6959235655730708, 0.5250930107705367, -0.4898650027507545]], "fy": 3901.9636979375477, "fx": 3889.088671383673}, {"id": 40, "img_name": "_DSC1473", "width": 5169, "height": 3358, "position": [2.8273785822365776, -0.5488694119512018, 3.6599518990774214], "rotation": [[-0.8450204151200228, -0.011121899504662422, -0.5346183698506733], [-0.30120320389254795, 0.8359895082628672, 0.4586918050709797], [0.4418338239601484, 0.5486327053920661, -0.7097781530724468]], "fy": 3901.9636979375477, "fx": 3889.088671383673}, {"id": 41, "img_name": "_DSC1475", "width": 5169, "height": 3358, "position": [0.6210580140730404, -0.8536856311731718, 4.255071801277189], "rotation": [[-0.9961676847213239, -0.06634443970035259, -0.056994379001819404], [-0.08620375337762688, 0.8549587119125137, 0.5114826622951212], [0.014793810211234671, 0.5144356288650135, -0.8574013802961201]], "fy": 3901.9636979375477, "fx": 3889.088671383673}, {"id": 42, "img_name": "_DSC1476", "width": 5169, "height": 3358, "position": [-0.36953104586002794, -1.287621896804615, 3.9817822999469534], "rotation": [[-0.9835594747792926, -0.08735565991384009, 0.15804982838617393], [0.03774664341775213, 0.7564284776976642, 0.6529863314332753], [-0.17659544298360189, 0.6482167436968995, -0.7406950132871241]], "fy": 3901.9636979375477, "fx": 3889.088671383673}, {"id": 43, "img_name": "_DSC1477", "width": 5169, "height": 3358, "position": [-1.2625743641091802, -1.1407349357385344, 3.7540539090188987], "rotation": [[-0.923632655179661, -0.15106401703411396, 0.3522532910325849], [0.1148034003121305, 0.7678158283836322, 0.6303007480245676], [-0.3656814153912429, 0.6226062290413369, -0.6918371094386191]], "fy": 3901.9636979375477, "fx": 3889.088671383673}, {"id": 44, "img_name": "_DSC1478", "width": 5169, "height": 3358, "position": [-2.1499978410615967, -1.003070475514186, 3.2855828348771112], "rotation": [[-0.8263594670207042, -0.17978840542268318, 0.5336723344345538], [0.23455593799327618, 0.7516677625792539, 0.6164244370976808], [-0.5119702561842356, 0.6345641842829354, -0.5789773335874047]], "fy": 3901.9636979375477, "fx": 3889.088671383673}, {"id": 45, "img_name": "_DSC1479", "width": 5169, "height": 3358, "position": [-2.8167175244757745, -0.7307703173705754, 2.727098636011803], "rotation": [[-0.6830826869581992, -0.23928944666686378, 0.6900279729777867], [0.309931166127012, 0.7605349878467549, 0.5705516668313984], [-0.6613174086935241, 0.6035951399529347, -0.4453450257767341]], "fy": 3901.9636979375477, "fx": 3889.088671383673}, {"id": 46, "img_name": "_DSC1480", "width": 5169, "height": 3358, "position": [-3.4911887119782192, -0.4349854743678808, 1.9805239819315266], "rotation": [[-0.4744855482864466, -0.30282894278038647, 0.8265337838720346], [0.3631422896348226, 0.787998473456794, 0.4971781203035196], [-0.8018672844966855, 0.5360532037440647, -0.2639238920780675]], "fy": 3901.9636979375477, "fx": 3889.088671383673}, {"id": 47, "img_name": "_DSC1481", "width": 5169, "height": 3358, "position": [-3.871643101885279, -0.03907720739878429, 1.14000685509083], "rotation": [[-0.2674055700377031, -0.3436546812408488, 0.9002198182522205], [0.3991793750544038, 0.8107976281035856, 0.4280923180726036], [-0.8770120225196382, 0.47382345480447696, -0.07963194103601448]], "fy": 3901.9636979375477, "fx": 3889.088671383673}, {"id": 48, "img_name": "_DSC1483", "width": 5169, "height": 3358, "position": [-4.25972795622474, 0.6605339316998181, -0.45577045790204945], "rotation": [[0.14473298337575077, -0.3364277891942724, 0.9305206640268708], [0.42270214012297974, 0.8713123960642919, 0.24927416472662273], [-0.8946369455028151, 0.3572548825734322, 0.2683163890239204]], "fy": 3901.9636979375477, "fx": 3889.088671383673}, {"id": 49, "img_name": "_DSC1484", "width": 5169, "height": 3358, "position": [-3.9688603581486452, 1.0063672188131794, -1.1648780155311314], "rotation": [[0.389968028483, -0.2981749456017269, 0.8712156096951483], [0.3965813938378273, 0.9082641397324561, 0.13333960603552028], [-0.8310524260374481, 0.29350971754180266, 0.47244461144752514]], "fy": 3901.9636979375477, "fx": 3889.088671383673}, {"id": 50, "img_name": "_DSC1485", "width": 5169, "height": 3358, "position": [-3.6245853078048915, 1.3445018360335692, -1.752443037153883], "rotation": [[0.6122107218248982, -0.25578502024809846, 0.7481791600274074], [0.337161971885257, 0.9403420356460764, 0.0455923317175007], [-0.7152061498596628, 0.22434544660784467, 0.6619284582107378]], "fy": 3901.9636979375477, "fx": 3889.088671383673}, {"id": 51, "img_name": "_DSC1486", "width": 5169, "height": 3358, "position": [-2.9942358062567895, 1.5547487770784088, -2.256351174349061], "rotation": [[0.7620794945874857, -0.18362590520802283, 0.6208996463727585], [0.2373841737032517, 0.9714073037445564, -0.004074838273533299], [-0.6023982055123561, 0.15049710019885845, 0.783879470854562]], "fy": 3901.9636979375477, "fx": 3889.088671383673}, {"id": 52, "img_name": "_DSC1487", "width": 5169, "height": 3358, "position": [-2.4231828832052202, 1.7295779537768, -2.5545853560964593], "rotation": [[0.8427655156016634, -0.1633401854719505, 0.512899863055793], [0.2050575698774803, 0.9784216791350392, -0.025345824794478604], [-0.497692353516311, 0.12653458660998151, 0.8580741923883017]], "fy": 3901.9636979375477, "fx": 3889.088671383673}, {"id": 53, "img_name": "_DSC1488", "width": 5169, "height": 3358, "position": [-1.6019255763019988, 1.7214004866347146, -2.9296253106268004], "rotation": [[0.9471869520769679, -0.07959556951598516, 0.31064678193821654], [0.10052260025392133, 0.9935790755426406, -0.05192135863035777], [-0.30451943230824235, 0.08040625570972615, 0.9491062898271236]], "fy": 3901.9636979375477, "fx": 3889.088671383673}, {"id": 54, "img_name": "_DSC1489", "width": 5169, "height": 3358, "position": [-0.7937370828174013, 1.7468454491333134, -2.867088989043339], "rotation": [[0.9820801862606501, 0.0023959860734753123, 0.18844831388203603], [0.010355948257288014, 0.9977223819771291, -0.06665435347804544], [-0.1881788035086286, 0.06741148086653759, 0.9798185700207163]], "fy": 3901.9636979375477, "fx": 3889.088671383673}, {"id": 55, "img_name": "_DSC1491", "width": 5169, "height": 3358, "position": [0.80915689805402, 1.6199063906252957, -2.798938235351485], "rotation": [[0.9747173469145215, 0.09304136732243994, -0.20314870807043556], [-0.10170826576258422, 0.9942791562571176, -0.032624961428359446], [0.19895105503485971, 0.05246201863639261, 0.9786042173938916]], "fy": 3901.9636979375477, "fx": 3889.088671383673}, {"id": 56, "img_name": "_DSC1492", "width": 5169, "height": 3358, "position": [1.689835105067966, 1.5344895966230423, -2.628443578947212], "rotation": [[0.8882818410769044, 0.15145870117864235, -0.43360769440855645], [-0.16664730708590272, 0.9860119387089064, 0.003021880957392632], [0.42800005356780285, 0.06957527262456499, 0.9010966849263043]], "fy": 3901.9636979375477, "fx": 3889.088671383673}, {"id": 57, "img_name": "_DSC1493", "width": 5169, "height": 3358, "position": [2.569880592137976, 1.370259298097278, -2.3661800037065537], "rotation": [[0.8190759888494031, 0.18501308694793991, -0.543032855496209], [-0.19615017098191836, 0.9798383039633658, 0.03797378714269334], [0.5391100397081626, 0.07541257020012249, 0.838852376370047]], "fy": 3901.9636979375477, "fx": 3889.088671383673}, {"id": 58, "img_name": "_DSC1494", "width": 5169, "height": 3358, "position": [3.383555344612254, 1.161114478248481, -1.9369563971263974], "rotation": [[0.6575073333984942, 0.26018158592560126, -0.7070994617961751], [-0.2617407377915098, 0.9589117033912921, 0.10945378604491911], [0.7065238090167644, 0.11311006782974628, 0.6985915973213481]], "fy": 3901.9636979375477, "fx": 3889.088671383673}, {"id": 59, "img_name": "_DSC1495", "width": 5169, "height": 3358, "position": [4.000480666639417, 0.9365794706034939, -1.1509966389338167], "rotation": [[0.4253571056504723, 0.2823738306031646, -0.8598467028855482], [-0.30023815269820237, 0.9403032580435179, 0.16027112833294835], [0.8537730285837236, 0.18998632241095875, 0.48474406954570926]], "fy": 3901.9636979375477, "fx": 3889.088671383673}, {"id": 60, "img_name": "_DSC1496", "width": 5169, "height": 3358, "position": [4.007586237150294, 0.7769863640737367, -0.41809144605136134], "rotation": [[0.27123035240541016, 0.2730487622052047, -0.9229726265671385], [-0.3214841077021958, 0.9295483834781187, 0.1805208333354879], [0.907238703114544, 0.24775830204338586, 0.3399025733053789]], "fy": 3901.9636979375477, "fx": 3889.088671383673}, {"id": 61, "img_name": "_DSC1497", "width": 5169, "height": 3358, "position": [3.9911740564255167, 0.6328877855389484, -0.07265602229627617], "rotation": [[0.21617570329793587, 0.2930127384626261, -0.9313493439103693], [-0.3578530617643291, 0.9113014167684496, 0.2036440865375469], [0.9084102880799724, 0.2892633106608049, 0.3018567302811263]], "fy": 3901.9636979375477, "fx": 3889.088671383673}, {"id": 62, "img_name": "_DSC1499", "width": 5169, "height": 3358, "position": [3.848602982711198, 0.11342285790149054, 1.1380445175331555], "rotation": [[-0.2540095625276883, 0.2898824691737826, -0.9227390184717469], [-0.3963100123859174, 0.8390699809339242, 0.3726928241571308], [0.882279726746096, 0.46035825306086897, -0.09824847383841971]], "fy": 3901.9636979375477, "fx": 3889.088671383673}, {"id": 63, "img_name": "_DSC1500", "width": 5169, "height": 3358, "position": [3.4708888797294257, -0.5982432569634232, 2.4343315300618933], "rotation": [[-0.6319295762939011, 0.24370999857094133, -0.7357108448307405], [-0.33208940636827133, 0.7725667707388907, 0.541162832175355], [0.7002725446445686, 0.5862985769611198, -0.4072742833403385]], "fy": 3901.9636979375477, "fx": 3889.088671383673}, {"id": 64, "img_name": "_DSC1501", "width": 5169, "height": 3358, "position": [2.7582824527900014, -0.9390181514197116, 3.1544093209944206], "rotation": [[-0.8244146767865027, 0.15906594853365633, -0.5431744330471512], [-0.2443795999689065, 0.7655861149655324, 0.5951105037646536], [0.5105086207088408, 0.6233585842747903, -0.5922879566502139]], "fy": 3901.9636979375477, "fx": 3889.088671383673}, {"id": 65, "img_name": "_DSC1502", "width": 5169, "height": 3358, "position": [1.788262806349259, -1.1575110619250055, 3.6289890614407696], "rotation": [[-0.9430319165703571, 0.07600433759996127, -0.3239045306809243], [-0.16284729200462528, 0.7435149675252772, 0.6485878911548121], [0.2901233596530948, 0.6643860577494662, -0.6887812442653501]], "fy": 3901.9636979375477, "fx": 3889.088671383673}, {"id": 66, "img_name": "_DSC1503", "width": 5169, "height": 3358, "position": [0.6714536756191427, -1.267925266076752, 3.787807837905456], "rotation": [[-0.9906813407491489, 0.020784611440775758, -0.13460490711234932], [-0.07192788683119612, 0.7593939578102716, 0.646643020481355], [0.1156583770743255, 0.650299021042249, -0.7508224311007398]], "fy": 3901.9636979375477, "fx": 3889.088671383673}, {"id": 67, "img_name": "_DSC1504", "width": 5169, "height": 3358, "position": [-0.4967709240561417, -1.5351062601451457, 3.5706143670980306], "rotation": [[-0.9804497549097164, -0.06537472785491118, 0.18559208780379918], [0.0804228444374525, 0.7276809091276484, 0.681184747762124], [-0.1795840866838321, 0.6827932625978784, -0.7081969474382661]], "fy": 3901.9636979375477, "fx": 3889.088671383673}, {"id": 68, "img_name": "_DSC1505", "width": 5169, "height": 3358, "position": [-1.4599418877362538, -1.3905890808997008, 3.2567842519978947], "rotation": [[-0.8984552871230641, -0.1578066143694104, 0.40972572472554847], [0.17909325114870595, 0.7203000291098581, 0.6701443691155838], [-0.4008786654757251, 0.6754738636880051, -0.6188952698484612]], "fy": 3901.9636979375477, "fx": 3889.088671383673}, {"id": 69, "img_name": "_DSC1507", "width": 5169, "height": 3358, "position": [-2.6582076301983233, -0.8558624028081857, 2.1052382270334826], "rotation": [[-0.6492398656137199, -0.29678249548700325, 0.7002911874858813], [0.3126333241253476, 0.7352183870186505, 0.6014269099699721], [-0.6933599365006708, 0.6094046880047777, -0.3845489886784068]], "fy": 3901.9636979375477, "fx": 3889.088671383673}, {"id": 70, "img_name": "_DSC1508", "width": 5169, "height": 3358, "position": [-3.2856391024617166, -0.5139251630184232, 1.366658858258628], "rotation": [[-0.4450783091961317, -0.33190551715829913, 0.8317115042867895], [0.359773004288205, 0.7842461923855769, 0.5054911424685539], [-0.8200418794601599, 0.5242104896018458, -0.22964032425260494]], "fy": 3901.9636979375477, "fx": 3889.088671383673}, {"id": 71, "img_name": "_DSC1509", "width": 5169, "height": 3358, "position": [-3.635431560621097, -0.12774266437624898, 0.5236661066830971], "rotation": [[-0.29789315869512106, -0.38289798702446837, 0.8744419920928164], [0.3800524393391031, 0.7927309384002053, 0.47658976348168386], [-0.8756824820418874, 0.47430664220073915, -0.09062780924870313]], "fy": 3901.9636979375477, "fx": 3889.088671383673}, {"id": 72, "img_name": "_DSC1510", "width": 5169, "height": 3358, "position": [-3.739766096874898, 0.276220192595405, -0.31830307172330136], "rotation": [[0.08485559627145778, -0.43134790745190793, 0.8981862337612817], [0.39950165974798535, 0.8405364295008528, 0.36591930058492783], [-0.9127967745561003, 0.32777659071205517, 0.24364842486903457]], "fy": 3901.9636979375477, "fx": 3889.088671383673}, {"id": 73, "img_name": "_DSC1511", "width": 5169, "height": 3358, "position": [-3.718841561434733, 0.641786282049971, -1.1270985681106178], "rotation": [[0.3972508590624252, -0.3588701841507258, 0.8446324324235892], [0.35468586874415237, 0.908890166634063, 0.21935496235351337], [-0.8463980679841907, 0.21244024082910834, 0.48834358252064647]], "fy": 3901.9636979375477, "fx": 3889.088671383673}, {"id": 74, "img_name": "_DSC1512", "width": 5169, "height": 3358, "position": [-3.450489287208959, 1.0160193815618843, -1.8521295418310562], "rotation": [[0.5788847928646887, -0.26840453003143877, 0.7699684440602803], [0.3203740504565006, 0.9432017556873665, 0.08792562688070714], [-0.7498352248221618, 0.1957791008429454, 0.6319949994177374]], "fy": 3901.9636979375477, "fx": 3889.088671383673}, {"id": 75, "img_name": "_DSC1513", "width": 5169, "height": 3358, "position": [-2.95202799549004, 1.1734904672137543, -2.218290305797827], "rotation": [[0.6696530486782982, -0.28356742266134743, 0.6864068117385355], [0.31311746399517154, 0.9458773640773726, 0.08528461682668227], [-0.6734406047582023, 0.1578148564972331, 0.7221995727855733]], "fy": 3901.9636979375477, "fx": 3889.088671383673}, {"id": 76, "img_name": "_DSC1516", "width": 5169, "height": 3358, "position": [-1.2004511052045306, 1.3276657894049926, -3.2890410082126746], "rotation": [[0.9782512588310266, -0.02427972482877856, 0.2059974989113967], [0.026430520885369863, 0.9996210348686155, -0.0076950772527863195], [-0.20573259868392305, 0.012972340206651842, 0.9785222614883744]], "fy": 3901.9636979375477, "fx": 3889.088671383673}, {"id": 77, "img_name": "_DSC1517", "width": 5169, "height": 3358, "position": [-0.34941180573668984, 1.2229542458983622, -3.281714606711285], "rotation": [[0.9977537946204089, 0.04542343140845242, 0.049234918499542715], [-0.046516616437563954, 0.9986906285372459, 0.02128926647589431], [-0.04820342016678433, -0.023531688230186556, 0.998560308610983]], "fy": 3901.9636979375477, "fx": 3889.088671383673}, {"id": 78, "img_name": "_DSC1518", "width": 5169, "height": 3358, "position": [0.5733071564904605, 1.208738299393261, -3.10048261642946], "rotation": [[0.9806604994199543, 0.12575327799669267, -0.14997032356600504], [-0.12118163172294232, 0.9918528909870562, 0.039279190083098756], [0.1536879859012112, -0.020345901643956825, 0.98790993884864]], "fy": 3901.9636979375477, "fx": 3889.088671383673}, {"id": 79, "img_name": "_DSC1519", "width": 5169, "height": 3358, "position": [1.4215688458193336, 1.122320201421235, -2.92834170667509], "rotation": [[0.9303926125804107, 0.1790982283297155, -0.3198334114268784], [-0.17039434874733042, 0.9838263068558436, 0.05524096173461077], [0.3245540823511096, 0.003102023138000905, 0.9458620539389877]], "fy": 3901.9636979375477, "fx": 3889.088671383673}, {"id": 80, "img_name": "_DSC1520", "width": 5169, "height": 3358, "position": [2.196117649780942, 0.992620349467437, -2.6615981938346396], "rotation": [[0.8386560277220311, 0.2347450769213156, -0.4914781948639322], [-0.225959622756667, 0.9709928295716118, 0.07819957675192338], [0.495578768763522, 0.04547168109626965, 0.8673718984202282]], "fy": 3901.9636979375477, "fx": 3889.088671383673}, {"id": 81, "img_name": "_DSC1521", "width": 5169, "height": 3358, "position": [2.9632722441019164, 0.7865335158951765, -2.2137587001439942], "rotation": [[0.6792034470422165, 0.2997529957952205, -0.6699483704269767], [-0.29056705611563055, 0.9480377201918218, 0.12959655471419318], [0.6739832812661357, 0.10664249905775533, 0.731008833030388]], "fy": 3901.9636979375477, "fx": 3889.088671383673}, {"id": 82, "img_name": "_DSC1522", "width": 5169, "height": 3358, "position": [3.5338004669122913, 0.46833815632885956, -1.3900437531390988], "rotation": [[0.4659282996230101, 0.39498447142864057, -0.791768960581714], [-0.3425200392138064, 0.905582454654698, 0.25020080047542653], [0.8158375097697965, 0.15462110189689196, 0.5572265899082777]], "fy": 3901.9636979375477, "fx": 3889.088671383673}, {"id": 83, "img_name": "_DSC1524", "width": 5169, "height": 3358, "position": [3.9016429391864547, 0.08689381423956055, -0.2064109072870096], "rotation": [[0.1392396358205999, 0.41817792988908437, -0.8976299587080562], [-0.39343134318925316, 0.8552088258328594, 0.3373864881910391], [0.9087486462233915, 0.306178188594913, 0.28360327010789393]], "fy": 3901.9636979375477, "fx": 3889.088671383673}, {"id": 84, "img_name": "_DSC1525", "width": 5169, "height": 3358, "position": [4.062350070965452, -0.18556983124947002, 0.7943465157226216], "rotation": [[-0.18456192297516552, 0.3948257140760777, -0.9000275285190027], [-0.4211647831864425, 0.7956429734602715, 0.43539922391618296], [0.8880073884778356, 0.45941801693840106, 0.01944128908177738]], "fy": 3901.9636979375477, "fx": 3889.088671383673}, {"id": 85, "img_name": "_DSC1526", "width": 5169, "height": 3358, "position": [3.8727733929883077, -0.528166069059724, 1.478995431970597], "rotation": [[-0.4410549487383462, 0.3442731368204713, -0.8288223811271073], [-0.37655946058161927, 0.7672927508378815, 0.5190999972626823], [0.8146615891521426, 0.5410525314379647, -0.20877895819424772]], "fy": 3901.9636979375477, "fx": 3889.088671383673}, {"id": 86, "img_name": "_DSC1527", "width": 5169, "height": 3358, "position": [3.4657384310335235, -0.9123543006966105, 2.25362706645244], "rotation": [[-0.677313920244095, 0.28136387289382736, -0.6797648302712945], [-0.2982197460687783, 0.7396586942879049, 0.6032992615766947], [0.6725405835325099, 0.6113422830088704, -0.41707286714344405]], "fy": 3901.9636979375477, "fx": 3889.088671383673}, {"id": 87, "img_name": "_DSC1528", "width": 5169, "height": 3358, "position": [2.6658022945377553, -1.2094999922669352, 2.8624583627696514], "rotation": [[-0.8263665429718656, 0.2320858977665281, -0.5130832999763616], [-0.2245690119420115, 0.6997248454305733, 0.6781990117675999], [0.5164175592794237, 0.6756635825209651, -0.5261099008028821]], "fy": 3901.9636979375477, "fx": 3889.088671383673}, {"id": 88, "img_name": "_DSC1529", "width": 5169, "height": 3358, "position": [1.674413569992312, -1.5051549901359278, 3.5292124428006657], "rotation": [[-0.9691230160346742, 0.11757794391689498, -0.21673949085510885], [-0.08435156673135293, 0.667873990317268, 0.7394789694424418], [0.23170108541356133, 0.734928404786456, -0.6373341720449425]], "fy": 3901.9636979375477, "fx": 3889.088671383673}, {"id": 89, "img_name": "_DSC1530", "width": 5169, "height": 3358, "position": [0.729484533052308, -1.644997912288303, 3.5618087946983628], "rotation": [[-0.9961337768858891, 0.03706201752648633, -0.07964863717553326], [-0.034089737886892325, 0.6725275315578574, 0.7392865540962434], [0.08096535257661944, 0.7391435084972072, -0.6686639556074352]], "fy": 3901.9636979375477, "fx": 3889.088671383673}, {"id": 90, "img_name": "_DSC1532", "width": 5169, "height": 3358, "position": [-1.0457264434232183, -1.5569841253381071, 2.839408712679414], "rotation": [[-0.9425320776398782, -0.07355203444818426, 0.32591928578773427], [0.20305230921536188, 0.648564597237393, 0.7335759830669261], [-0.26533571629571984, 0.7575975590238074, -0.5963580268756392]], "fy": 3901.9636979375477, "fx": 3889.088671383673}, {"id": 91, "img_name": "_DSC1533", "width": 5169, "height": 3358, "position": [-2.0083882428066016, -1.438968929167601, 2.6877159090875127], "rotation": [[-0.8365875900865669, -0.1660588621477265, 0.5220590564441465], [0.2949701358106871, 0.6664860305269193, 0.6846816706267923], [-0.46164252738777767, 0.7267880195866417, -0.508591536984594]], "fy": 3901.9636979375477, "fx": 3889.088671383673}, {"id": 92, "img_name": "_DSC1534", "width": 5169, "height": 3358, "position": [-2.648400634854806, -1.135725710376698, 2.1287574951613166], "rotation": [[-0.721705323971017, -0.252733320324759, 0.6444123634362636], [0.3352926835307104, 0.686817104094166, 0.6448729191821272], [-0.6055743073501907, 0.6814749696953855, -0.4109399274298007]], "fy": 3901.9636979375477, "fx": 3889.088671383673}, {"id": 93, "img_name": "_DSC1535", "width": 5169, "height": 3358, "position": [-3.298270651077114, -0.897217491714147, 1.5809327671422966], "rotation": [[-0.5703160038421596, -0.3019049435095899, 0.7639326284732058], [0.3827724991127146, 0.7251878071973222, 0.572352914044601], [-0.7267908018711551, 0.6188344280797657, -0.29802530251418674]], "fy": 3901.9636979375477, "fx": 3889.088671383673}, {"id": 94, "img_name": "_DSC1536", "width": 5169, "height": 3358, "position": [-3.6411740333882467, -0.6537900925669001, 1.1209199068867002], "rotation": [[-0.44022902320886603, -0.34966992490014565, 0.8270002120585545], [0.42861781981696156, 0.7274948267323218, 0.5357593131370312], [-0.7889772947683109, 0.5903238269780708, -0.17038957609561226]], "fy": 3901.9636979375477, "fx": 3889.088671383673}, {"id": 95, "img_name": "_DSC1537", "width": 5169, "height": 3358, "position": [-3.989144015984242, -0.36907263949650193, 0.45585214277150987], "rotation": [[-0.28942259500777523, -0.3833214198127976, 0.8770970588319549], [0.47219337972413955, 0.7398856504655194, 0.479168693029824], [-0.8326271516373095, 0.5528416711391393, -0.033137788224685515]], "fy": 3901.9636979375477, "fx": 3889.088671383673}, {"id": 96, "img_name": "_DSC1538", "width": 5169, "height": 3358, "position": [-3.946443707680931, -0.005488354601258716, -0.30270929805657554], "rotation": [[0.0014076951496793607, -0.41189807205956086, 0.9112288387819947], [0.47902565203061814, 0.8001558062314738, 0.3609502880601446], [-0.8777997739182931, 0.4359938806768704, 0.19843611798590555]], "fy": 3901.9636979375477, "fx": 3889.088671383673}, {"id": 97, "img_name": "_DSC1540", "width": 5169, "height": 3358, "position": [-3.4302525932647017, 0.608616342282215, -1.477896279468619], "rotation": [[0.43011988366651516, -0.39582323749153175, 0.8113697371337101], [0.3989301964437438, 0.8895782454712986, 0.2224977383021282], [-0.8098466422972066, 0.22797918730868555, 0.5405311333438729]], "fy": 3901.9636979375477, "fx": 3889.088671383673}, {"id": 98, "img_name": "_DSC1541", "width": 5169, "height": 3358, "position": [-3.157238610409091, 0.8051650324403806, -1.8719688719809675], "rotation": [[0.5962620295019303, -0.3101103773060141, 0.7404749462752677], [0.33941437651590833, 0.9332643500229238, 0.11753949970374586], [-0.7275090880453358, 0.18124350157567373, 0.6617260157709023]], "fy": 3901.9636979375477, "fx": 3889.088671383673}, {"id": 99, "img_name": "_DSC1542", "width": 5169, "height": 3358, "position": [-3.1212848652933083, 1.0397908104668467, -2.46279174323174], "rotation": [[0.6883101524806259, -0.24402864461680993, 0.6831391912330752], [0.2665320808705513, 0.9609262120441417, 0.07470920206581542], [-0.6746775406510221, 0.13065540789794972, 0.7264567299764721]], "fy": 3901.9636979375477, "fx": 3889.088671383673}, {"id": 100, "img_name": "_DSC1543", "width": 5169, "height": 3358, "position": [-2.6360405533582045, 1.0995481350936496, -2.8337190