[{"id": 0, "img_name": "mouse_000001", "width": 960, "height": 720, "position": [-4.853333034036852, -3.2738882586140274, 0.49988226598850505], "rotation": [[-0.06944030685354444, -0.7310771524931243, 0.6787519730259579], [0.9974396261578451, -0.039222164842141326, 0.059798109963393846], [-0.017094910183555898, 0.6811665133340313, 0.7319289208373825]], "fy": 784.309269747244, "fx": 784.309269747244}, {"id": 1, "img_name": "mouse_000009", "width": 960, "height": 720, "position": [-4.814564496897489, -2.1950498520739106, 0.42524065638700353], "rotation": [[0.05998994966142061, -0.7362873588776689, 0.6740045482758754], [0.9981621813965047, 0.03845000738293372, -0.04683862254618095], [0.008571205830657382, 0.6755756967869693, 0.7372408102793887]], "fy": 784.309269747244, "fx": 784.309269747244}, {"id": 2, "img_name": "mouse_000017", "width": 960, "height": 720, "position": [-4.391814158534183, -0.5627548439283603, 0.544258519688259], "rotation": [[0.2962530965325387, -0.7053524667175755, 0.6439813665707368], [0.9547469761368516, 0.2001265889399782, -0.22001718104908688], [0.026311867140513798, 0.6800200335980405, 0.7327212563812379]], "fy": 784.309269747244, "fx": 784.309269747244}, {"id": 3, "img_name": "mouse_000025", "width": 960, "height": 720, "position": [-3.308309857563704, 0.6475254715862838, 0.7780316592897192], "rotation": [[0.5215401652292951, -0.6413894489252226, 0.5626859078206942], [0.8528641855386635, 0.37266376721818095, -0.36571081147297985], [0.024870405667608404, 0.6706275355293375, 0.741377212700644]], "fy": 784.309269747244, "fx": 784.309269747244}, {"id": 4, "img_name": "mouse_000033", "width": 960, "height": 720, "position": [-1.8446684195276442, 1.697540149824505, 0.852618128983402], "rotation": [[0.7231983642345222, -0.5434430392834272, 0.42620862147885086], [0.6893466673171691, 0.5302409931006141, -0.4936047624308204], [0.042252789579189584, 0.65077964956663, 0.7580900668671969]], "fy": 784.309269747244, "fx": 784.309269747244}, {"id": 5, "img_name": "mouse_000041", "width": 960, "height": 720, "position": [-0.5302543066155575, 2.6258884238197244, 0.980785888359493], "rotation": [[0.8829092934536944, -0.3770612165656101, 0.27981425713347824], [0.46813593709211754, 0.660774211930066, -0.5867079215854216], [0.036330757437508694, 0.6490009859855858, 0.7599195985456318]], "fy": 784.309269747244, "fx": 784.309269747244}, {"id": 6, "img_name": "mouse_000049", "width": 960, "height": 720, "position": [0.87792253451391, 3.006121356027178, 0.784789847240869], "rotation": [[0.9682517730641389, -0.2053282733954151, 0.14257911523995742], [0.24879272315913042, 0.7360890579064715, -0.6295038361546553], [0.02430400915930718, 0.6449908518535907, 0.7638037157306607]], "fy": 784.309269747244, "fx": 784.309269747244}, {"id": 7, "img_name": "mouse_000057", "width": 960, "height": 720, "position": [1.9235935506998803, 3.2721119674143586, 0.28088906289270976], "rotation": [[0.996365657891814, -0.08206508323503897, 0.022820996635535218], [0.07865688386925145, 0.7836189982618286, -0.6162421278873321], [0.03268899499513679, 0.6157975216552549, 0.78722604246141]], "fy": 784.309269747244, "fx": 784.309269747244}, {"id": 8, "img_name": "mouse_000065", "width": 960, "height": 720, "position": [2.87821518561812, 2.1451579324334444, -0.31874769151755306], "rotation": [[0.998654938655788, -0.03484579043138964, -0.03839380663096685], [0.0100654357010686, 0.8566983648253279, -0.5157194961505306], [0.05086256484441238, 0.5146393713998385, 0.8558967910341918]], "fy": 784.309269747244, "fx": 784.309269747244}, {"id": 9, "img_name": "mouse_000073", "width": 960, "height": 720, "position": [3.238064482797052, 0.22363517260882693, -1.0055603813376206], "rotation": [[0.9982888930153357, -0.04103856856678042, -0.04165479530864378], [0.024043528802080407, 0.9374305776606611, -0.3473410727074222], [0.05330285925688114, 0.3457452067011037, 0.9368132456569197]], "fy": 784.309269747244, "fx": 784.309269747244}, {"id": 10, "img_name": "mouse_000081", "width": 960, "height": 720, "position": [2.590407499066763, -1.1144842314993455, -1.0146653892523434], "rotation": [[0.9986948429984671, -0.03680259347743346, -0.0354143993539585], [0.029734936915910743, 0.9827177785983873, -0.18270632488575195], [0.04152642646404447, 0.18141481951589813, 0.9825295004045123]], "fy": 784.309269747244, "fx": 784.309269747244}, {"id": 11, "img_name": "mouse_000089", "width": 960, "height": 720, "position": [1.8392489800081409, -2.037574755144625, -1.1521034708896718], "rotation": [[0.9996706159901995, -0.01712515427210763, -0.019115141038769923], [0.015376479545393913, 0.9959883416346934, -0.08815206863462235], [0.020548075398091052, 0.0878291091775933, 0.9959236035853878]], "fy": 784.309269747244, "fx": 784.309269747244}, {"id": 12, "img_name": "mouse_000097", "width": 960, "height": 720, "position": [1.6073787240443285, -3.018161440381345, -1.0179108495467788], "rotation": [[0.999999848466416, -1.216591994384318e-05, -0.0005503809001004452], [7.439965289528438e-06, 0.9999631405786781, -0.008585885433320733], [0.0005504650685737895, 0.008585880037455949, 0.9999629891411935]], "fy": 784.309269747244, "fx": 784.309269747244}, {"id": 13, "img_name": "mouse_000105", "width": 960, "height": 720, "position": [1.3007335662804982, -3.5358699858416025, -0.7544194732479742], "rotation": [[0.9989452151558674, 0.007041579972010514, 0.045374808745551394], [-0.009737023752723567, 0.9981832250555089, 0.05945956261378215], [-0.04487368366466569, -0.05983866115882911, 0.9971989205494972]], "fy": 784.309269747244, "fx": 784.309269747244}, {"id": 14, "img_name": "mouse_000002", "width": 960, "height": 720, "position": [-4.859334855187145, -3.2404521236862287, 0.49350422105224023], "rotation": [[-0.06663818197757065, -0.7314593661109506, 0.6786210639460656], [0.997646523306874, -0.037837862108865444, 0.05718138442480471], [-0.01614828896295127, 0.6808344085896337, 0.7322593398816929]], "fy": 784.309269747244, "fx": 784.309269747244}, {"id": 15, "img_name": "mouse_000003", "width": 960, "height": 720, "position": [-4.862069018714919, -3.168618919406121, 0.4735000064934139], "rotation": [[-0.06095675648989356, -0.7321374509847768, 0.6784239284575281], [0.9980218893094105, -0.03423264707179742, 0.05272982394937679], [-0.015381231989223821, 0.6802961698701319, 0.7327759131975627]], "fy": 784.309269747244, "fx": 784.309269747244}, {"id": 16, "img_name": "mouse_000004", "width": 960, "height": 720, "position": [-4.860793725926865, -3.0221455081520636, 0.4431980200431836], "rotation": [[-0.04772650758133126, -0.7334230690581014, 0.6780949655081395], [0.9987880524231454, -0.026868233606910614, 0.04123741456038028], [-0.012025257205952685, 0.679241267736465, 0.733816525701684]], "fy": 784.309269747244, "fx": 784.309269747244}, {"id": 17, "img_name": "mouse_000005", "width": 960, "height": 720, "position": [-4.868230808433409, -2.852178660073653, 0.43452098605306266], "rotation": [[-0.029046214186554238, -0.7346677434425576, 0.6778050045451484], [0.9995476062149389, -0.016053706493516527, 0.025433470423937416], [-0.00780386772146261, 0.67823711580305, 0.7348016837186384]], "fy": 784.309269747244, "fx": 784.309269747244}, {"id": 18, "img_name": "mouse_000006", "width": 960, "height": 720, "position": [-4.893134396801174, -2.721372339399404, 0.45332618019246457], "rotation": [[-0.012034193139396321, -0.7357288463709231, 0.6771692866729812], [0.9999191971790928, -0.006080375166196212, 0.011163697888983167], [-0.00409601125509773, 0.6772489155809321, 0.7357425698138237]], "fy": 784.309269747244, "fx": 784.309269747244}, {"id": 19, "img_name": "mouse_000007", "width": 960, "height": 720, "position": [-4.90724052619938, -2.5432032693028175, 0.4213347681132052], "rotation": [[0.011514616206490386, -0.7366581912708441, 0.6761672299418139], [0.9999335580567568, 0.008116789730289455, -0.00818518151471113], [0.0005413737819007189, 0.6762165533008215, 0.7367027079876832]], "fy": 784.309269747244, "fx": 784.309269747244}, {"id": 20, "img_name": "mouse_000008", "width": 960, "height": 720, "position": [-4.902857052614887, -2.37911326732671, 0.37170885589117436], "rotation": [[0.032161657061763375, -0.7367425432551666, 0.6754080638939327], [0.9994733211764117, 0.020782547418579392, -0.024923201627950437], [0.0043252828386709545, 0.6758539122330385, 0.7370229177221438]], "fy": 784.309269747244, "fx": 784.309269747244}, {"id": 21, "img_name": "mouse_000010", "width": 960, "height": 720, "position": [-4.733822366333603, -2.014432028575726, 0.44679759433556226], "rotation": [[0.08345274764106535, -0.735426721405445, 0.672445667956895], [0.9964423878808919, 0.05362313141656909, -0.06501636264285718], [0.011756127992788783, 0.675479161203304, 0.7372853560424879]], "fy": 784.309269747244, "fx": 784.309269747244}, {"id": 22, "img_name": "mouse_000011", "width": 960, "height": 720, "position": [-4.664408463909465, -1.7936868760380469, 0.4386646324816193], "rotation": [[0.11454729715086825, -0.7337481554524027, 0.6696958720834609], [0.9932996706609343, 0.07420002502716048, -0.08860090603852762], [0.015319300908002407, 0.6753576834953203, 0.7373312134743278]], "fy": 784.309269747244, "fx": 784.309269747244}, {"id": 23, "img_name": "mouse_000012", "width": 960, "height": 720, "position": [-4.617950659420028, -1.6148927867693512, 0.4640435203734125], "rotation": [[0.14004683778938642, -0.7312999173353479, 0.6675232686060509], [0.9899916154094418, 0.09155816426226798, -0.10739508357428368], [0.01742081066417781, 0.6758827808594003, 0.7368032178903443]], "fy": 784.309269747244, "fx": 784.309269747244}, {"id": 24, "img_name": "mouse_000013", "width": 960, "height": 720, "position": [-4.604958559624441, -1.4026697506238572, 0.4459659104054182], "rotation": [[0.17519549069033385, -0.7281233562222909, 0.6626785934111346], [0.9842677421147981, 0.11388981398820747, -0.13507820735399487], [0.022881255953520238, 0.6759182557035415, 0.736621313656258]], "fy": 784.309269747244, "fx": 784.309269747244}, {"id": 25, "img_name": "mouse_000014", "width": 960, "height": 720, "position": [-4.594688454644288, -1.235869060005608, 0.4360367435576407], "rotation": [[0.20257170772614533, -0.724543976987087, 0.6587873166968596], [0.9789473323104132, 0.13263102449511602, -0.15514874122499756], [0.025036449253807297, 0.6763468317018357, 0.7361576865425303]], "fy": 784.309269747244, "fx": 784.309269747244}, {"id": 26, "img_name": "mouse_000015", "width": 960, "height": 720, "position": [-4.545761801505898, -1.0008663456673546, 0.47843494394984376], "rotation": [[0.235389299530925, -0.7188032484340164, 0.6541511810789965], [0.9715814650065893, 0.1567708415007385, -0.17734813252696063], [0.02492658263762955, 0.6773070155371609, 0.7352780917327495]], "fy": 784.309269747244, "fx": 784.309269747244}, {"id": 27, "img_name": "mouse_000016", "width": 960, "height": 720, "position": [-4.464775187530685, -0.8042868099091615, 0.5359844516466891], "rotation": [[0.2617097274601994, -0.713223069537804, 0.6502467774866563], [0.9648305614312093, 0.17609379844501863, -0.19517418342993612], [0.02469830522617536, 0.6784569457440007, 0.734224874606327]], "fy": 784.309269747244, "fx": 784.309269747244}, {"id": 28, "img_name": "mouse_000018", "width": 960, "height": 720, "position": [-4.342095160657439, -0.3717813718425353, 0.5418896668310821], "rotation": [[0.3234994148256041, -0.6989261201206687, 0.6378482634769497], [0.945836896287303, 0.2194635833041692, -0.23922437422824486], [0.027215698210648957, 0.6806893669041425, 0.7320664529634892]], "fy": 784.309269747244, "fx": 784.309269747244}, {"id": 29, "img_name": "mouse_000019", "width": 960, "height": 720, "position": [-4.2552441479783685, -0.1742983468804761, 0.6139897515003094], "rotation": [[0.3567606551124705, -0.6921874918058605, 0.6273741396895733], [0.9337821850864165, 0.24424053995544423, -0.2615289457354771], [0.027796866351407434, 0.6791340330375032, 0.7334877636274906]], "fy": 784.309269747244, "fx": 784.309269747244}, {"id": 30, "img_name": "mouse_000020", "width": 960, "height": 720, "position": [-4.171958383758751, -0.01943853692567788, 0.6258139954108278], "rotation": [[0.38241125609884247, -0.6859126937598362, 0.6191004827554494], [0.9235955024772167, 0.26412349896617693, -0.27786709970365636], [0.027073585147949393, 0.6780579280806243, 0.734509678053494]], "fy": 784.309269747244, "fx": 784.309269747244}, {"id": 31, "img_name": "mouse_000021", "width": 960, "height": 720, "position": [-3.983627234448351, 0.14452350848905232, 0.6929098947637938], "rotation": [[0.4134646992327828, -0.6763814237154736, 0.6095532069811243], [0.910169804880914, 0.2884553535654043, -0.2972951988890787], [0.02525606405170352, 0.6777179934545685, 0.7348880544521931]], "fy": 784.309269747244, "fx": 784.309269747244}, {"id": 32, "img_name": "mouse_000022", "width": 960, "height": 720, "position": [-3.781891150323783, 0.2702103251007627, 0.741209847699501], "rotation": [[0.43857092359598865, -0.6691967820453524, 0.5998593267394503], [0.8983380347619763, 0.307590220416717, -0.3136511304044443], [0.02538346462073045, 0.676434714665163, 0.7360650491089137]], "fy": 784.309269747244, "fx": 784.309269747244}, {"id": 33, "img_name": "mouse_000023", "width": 960, "height": 720, "position": [-3.5991588296397112, 0.4198902229789744, 0.7402571383167258], "rotation": [[0.46887804302214386, -0.6597563658743295, 0.5872605200931036], [0.8829114519515786, 0.3313361125468642, -0.33269167187515686], [0.02491483061310968, 0.67449085850783, 0.7378626789619397]], "fy": 784.309269747244, "fx": 784.309269747244}, {"id": 34, "img_name": "mouse_000024", "width": 960, "height": 720, "position": [-3.4642669870160097, 0.5089112510715103, 0.7624827752240221], "rotation": [[0.49199151894512433, -0.6514439559959642, 0.5775509652683455], [0.8702718196133091, 0.349790543630354, -0.34680475137131694], [0.023901993076077193, 0.6732513258680667, 0.7390272978340391]], "fy": 784.309269747244, "fx": 784.309269747244}, {"id": 35, "img_name": "mouse_000026", "width": 960, "height": 720, "position": [-3.1763025597564796, 0.7730458260532826, 0.8054630298882016], "rotation": [[0.5449806346863121, -0.6328256113200046, 0.5500253207574783], [0.8380461203841664, 0.3908063991892575, -0.3807217599005523], [0.025977065383748586, 0.6684325725233542, 0.7433189679161022]], "fy": 784.309269747244, "fx": 784.309269747244}, {"id": 36, "img_name": "mouse_000027", "width": 960, "height": 720, "position": [-2.98952552487071, 0.9233877864077746, 0.8742032196722511], "rotation": [[0.5742349460998404, -0.6217703249979981, 0.5325935501201616], [0.8181995187105039, 0.413324186539071, -0.3996406691062796], [0.02835091285325726, 0.6652554244601836, 0.7460773726408595]], "fy": 784.309269747244, "fx": 784.309269747244}, {"id": 37, "img_name": "mouse_000028", "width": 960, "height": 720, "position": [-2.839259275230344, 1.0445075438424427, 0.8888773306002318], "rotation": [[0.5970467156778346, -0.6122311955392384, 0.51837069989237], [0.8016425205795684, 0.431110888243595, -0.41414088331949883], [0.030074715246319498, 0.6628094486701386, 0.7481838986883101]], "fy": 784.309269747244, "fx": 784.309269747244}, {"id": 38, "img_name": "mouse_000029", "width": 960, "height": 720, "position": [-2.6387662017131297, 1.2055471660975812, 0.894409705551061], "rotation": [[0.6253897189595028, -0.5992144796606838, 0.4998296777750696], [0.7796335746011603, 0.4531128589113146, -0.43227332377077327], [0.03254518050911535, 0.6600232908422178, 0.7505398502221172]], "fy": 784.309269747244, "fx": 784.309269747244}, {"id": 39, "img_name": "mouse_000030", "width": 960, "height": 720, "position": [-2.46283121228745, 1.3413134626098822, 0.8984668622308072], "rotation": [[0.6481987214118664, -0.5884080792617462, 0.4833366837097346], [0.7606362093856823, 0.4706128760228813, -0.4471644863949419], [0.035650729745713275, 0.6574948312960144, 0.7526151554995578]], "fy": 784.309269747244, "fx": 784.309269747244}, {"id": 40, "img_name": "mouse_000031", "width": 960, "height": 720, "position": [-2.2353399576353663, 1.5049331190540047, 0.8852675568785715], "rotation": [[0.6757449853055655, -0.5738473533334522, 0.4626747560723115], [0.7361222212402154, 0.4924339554651357, -0.4643628698564645], [0.038636643626903534, 0.6543760498193318, 0.7551815643883892]], "fy": 784.309269747244, "fx": 784.309269747244}, {"id": 41, "img_name": "mouse_000032", "width": 960, "height": 720, "position": [-2.0750897074055863, 1.6046132081871032, 0.874103876570665], "rotation": [[0.6974145652991228, -0.5611887322365772, 0.4457354943454005], [0.7154760973221207, 0.5093497284475623, -0.478180727645], [0.04131438332279214, 0.6524032962371493, 0.7567450434522577]], "fy": 784.309269747244, "fx": 784.309269747244}, {"id": 42, "img_name": "mouse_000034", "width": 960, "height": 720, "position": [-1.6793925876790192, 1.774682670856119, 0.885634383526271], "rotation": [[0.7432055965399531, -0.5278752348715079, 0.4110877980201342], [0.667733892161137, 0.5464963250729306, -0.5054435833415245], [0.042153179370377374, 0.6501457552665648, 0.7586393124389461]], "fy": 784.309269747244, "fx": 784.309269747244}, {"id": 43, "img_name": "mouse_000035", "width": 960, "height": 720, "position": [-1.477088982075932, 1.9506870756664012, 0.9283460332567878], "rotation": [[0.7690614202217353, -0.5074507458487466, 0.38863642709359947], [0.6375978681879461, 0.5663778672923422, -0.5221925601955323], [0.04487193341850073, 0.649391909388259, 0.7591288807655501]], "fy": 784.309269747244, "fx": 784.309269747244}, {"id": 44, "img_name": "mouse_000036", "width": 960, "height": 720, "position": [-1.3505434906889686, 2.1198376933775744, 0.9202139738710062], "rotation": [[0.7900974798374052, -0.4899892444503045, 0.36831577848036995], [0.6110215645126127, 0.5815416011742981, -0.5370865980493206], [0.04897570882733851, 0.6493996507749701, 0.7588685482468004]], "fy": 784.309269747244, "fx": 784.309269747244}, {"id": 45, "img_name": "mouse_000037", "width": 960, "height": 720, "position": [-1.185390363769482, 2.2799583176302414, 0.9299626270879408], "rotation": [[0.8130304882881705, -0.4665610639341705, 0.34828465187905366], [0.5802772946200897, 0.6005034796810181, -0.5501580066120808], [0.04753615952397108, 0.6493969083015437, 0.758962429258595]], "fy": 784.309269747244, "fx": 784.309269747244}, {"id": 46, "img_name": "mouse_000038", "width": 960, "height": 720, "position": [-1.051247187829127, 2.3683057729640775, 0.9628467907478203], "rotation": [[0.8297020978676444, -0.44732706502145875, 0.3339055640346792], [0.5564278477804419, 0.6150624686460994, -0.558646766640058], [0.04452503799498692, 0.6493047486059635, 0.7592238565991533]], "fy": 784.309269747244, "fx": 784.309269747244}, {"id": 47, "img_name": "mouse_000039", "width": 960, "height": 720, "position": [-0.8667329390131142, 2.4731322726495923, 1.00170858652155], "rotation": [[0.8497198587191791, -0.4226046496306853, 0.3152482701122782], [0.5256313572586373, 0.6324299403794191, -0.568985102421959], [0.041083305182288546, 0.6491823169358589, 0.7595225351581669]], "fy": 784.309269747244, "fx": 784.309269747244}, {"id": 48, "img_name": "mouse_000040", "width": 960, "height": 720, "position": [-0.7040541564345424, 2.5404508092048177, 1.0061926888585668], "rotation": [[0.8652036826080968, -0.4029305212879136, 0.29844527574756086], [0.49984206107283374, 0.6458790312190741, -0.5770599544362545], [0.03975552268363568, 0.6484498994110188, 0.760218538559795]], "fy": 784.309269747244, "fx": 784.309269747244}, {"id": 49, "img_name": "mouse_000042", "width": 960, "height": 720, "position": [-0.389603284076103, 2.6622652587471087, 0.9831316846944949], "rotation": [[0.8956856339971722, -0.3561892525792968, 0.26622633490713404], [0.44349727075252565, 0.6717332497269508, -0.593367181470572], [0.03251793176302234, 0.6495411130623463, 0.7596307830489651]], "fy": 784.309269747244, "fx": 784.309269747244}, {"id": 50, "img_name": "mouse_000043", "width": 960, "height": 720, "position": [-0.1934120429776215, 2.7013756419778177, 0.9489998314878604], "rotation": [[0.9106881184326746, -0.3304956219450601, 0.24783017334598847], [0.41205491094260743, 0.6842230183532869, -0.6017055854183155], [0.029289952434832175, 0.6500857674420089, 0.7592961172399736]], "fy": 784.309269747244, "fx": 784.309269747244}, {"id": 51, "img_name": "mouse_000044", "width": 960, "height": 720, "position": [-0.042434327286441316, 2.733117157051503, 0.8917100084386548], "rotation": [[0.9220079529961202, -0.310026867058938, 0.23191523519062732], [0.38615831273053, 0.6930720221899506, -0.608714160806731], [0.027983783179095355, 0.6507952932828818, 0.7587373683428498]], "fy": 784.309269747244, "fx": 784.309269747244}, {"id": 52, "img_name": "mouse_000045", "width": 960, "height": 720, "position": [0.1121103681018811, 2.7389737415901987, 0.8675424766958102], "rotation": [[0.9346661246383592, -0.28522726952933214, 0.21223722616532795], [0.35455714387815, 0.7037492933659327, -0.615651008130352], [0.026238658092205814, 0.6506783666326948, 0.7588999907878038]], "fy": 784.309269747244, "fx": 784.309269747244}, {"id": 53, "img_name": "mouse_000046", "width": 960, "height": 720, "position": [0.24256289293978517, 2.76662536166221, 0.8406086313863201], "rotation": [[0.9433616811255325, -0.2657902517299641, 0.19855548511519722], [0.33093677900134555, 0.7115833937283713, -0.6197821569505114], [0.02344326957196143, 0.6503880502095161, 0.7592402763660793]], "fy": 784.309269747244, "fx": 784.309269747244}, {"id": 54, "img_name": "mouse_000047", "width": 960, "height": 720, "position": [0.43709831232962004, 2.863753193230857, 0.8001106865025922], "rotation": [[0.9529807226400085, -0.24314642588220478, 0.1808523095159044], [0.30228916477635054, 0.7210498857731099, -0.6234647729305975], [0.021189694083289252, 0.6488196034394266, 0.7606471712018403]], "fy": 784.309269747244, "fx": 784.309269747244}, {"id": 55, "img_name": "mouse_000048", "width": 960, "height": 720, "position": [0.6338877403419397, 2.9223559638360834, 0.82096926964012], "rotation": [[0.9599250438357396, -0.22577401288697851, 0.16604217934568224], [0.2795049854669609, 0.7278685946102754, -0.6261663294039184], [0.02051519719786326, 0.647482358126438, 0.7618042547787195]], "fy": 784.309269747244, "fx": 784.309269747244}, {"id": 56, "img_name": "mouse_000050", "width": 960, "height": 720, "position": [1.009682809792241, 3.052045665497873, 0.730983469493356], "rotation": [[0.9734598881883475, -0.18895412114508417, 0.12912082012835405], [0.22765326216840692, 0.741690462932997, -0.6309272932900583], [0.023448631354782576, 0.6435771882971967, 0.7650219371959618]], "fy": 784.309269747244, "fx": 784.309269747244}, {"id": 57, "img_name": "mouse_000051", "width": 960, "height": 720, "position": [1.0966669681000965, 3.061912027070573, 0.6849091504626256], "rotation": [[0.9789627047089808, -0.16893768743078375, 0.11442062993365962], [0.20294806832402387, 0.7482947943135011, -0.63155916774825], [0.021073783533670763, 0.641494316864034, 0.7668382730920008]], "fy": 784.309269747244, "fx": 784.309269747244}, {"id": 58, "img_name": "mouse_000052", "width": 960, "height": 720, "position": [1.1510012987014002, 3.086692819709254, 0.6401924137002716], "rotation": [[0.9831366475490407, -0.15364577434574636, 0.09917312272853411], [0.18150744962602022, 0.7537098046929601, -0.6316459261643009], [0.02230197247533578, 0.6389949188650844, 0.7688875832579906]], "fy": 784.309269747244, "fx": 784.309269747244}, {"id": 59, "img_name": "mouse_000053", "width": 960, "height": 720, "position": [1.2799905485975513, 3.108520154634872, 0.6045839775303244], "rotation": [[0.9874247123465844, -0.1360194829460085, 0.08056759712419007], [0.15619196629678844, 0.7606398673976092, -0.6301040087078407], [0.0244234950735598, 0.6347642809614039, 0.7723197527604377]], "fy": 784.309269747244, "fx": 784.309269747244}, {"id": 60, "img_name": "mouse_000054", "width": 960, "height": 720, "position": [1.3781173020507402, 3.104472478958345, 0.6022646685089279], "rotation": [[0.9901834203520412, -0.1224770100435607, 0.06735114008480271], [0.13744586936096403, 0.7656135489467645, -0.6284461207333123], [0.025405256454954176, 0.6315340653360908, 0.7749318016861408]], "fy": 784.309269747244, "fx": 784.309269747244}, {"id": 61, "img_name": "mouse_000055", "width": 960, "height": 720, "position": [1.5646772287523238, 3.131825049072382, 0.5502654118337994], "rotation": [[0.992967316372137, -0.10683218022037709, 0.05101758408703213], [0.11518366883993017, 0.7721857307330942, -0.6248695221282363], [0.0273611229537427, 0.6263514049809086, 0.7790605152548497]], "fy": 784.309269747244, "fx": 784.309269747244}, {"id": 62, "img_name": "mouse_000056", "width": 960, "height": 720, "position": [1.7324695087499238, 3.212735085824425, 0.4220811795293688], "rotation": [[0.9947518789576913, -0.0951582364517604, 0.0375979965627605], [0.0978269953573804, 0.7769007848450945, -0.6219767274475977], [0.029976295459738834, 0.6223906173316456, 0.7821325598439457]], "fy": 784.309269747244, "fx": 784.309269747244}, {"id": 63, "img_name": "mouse_000058", "width": 960, "height": 720, "position": [2.0415484725773014, 3.284458855659498, 0.2301569354065155], "rotation": [[0.9972651361104583, -0.07271672691873947, 0.013210826045880183], [0.06564516759190246, 0.7893946712747436, -0.6103660909117335], [0.03395526866953163, 0.6095640496201076, 0.7920092860189928]], "fy": 784.309269747244, "fx": 784.309269747244}, {"id": 64, "img_name": "mouse_000059", "width": 960, "height": 720, "position": [2.2195626962151542, 3.2185800645491245, 0.2184471622456999], "rotation": [[0.9980409225596163, -0.06254327220747978, -0.001629723268147765], [0.04907267480562775, 0.7987094578945176, -0.5997124931642385], [0.038809657094217714, 0.5984576350682033, 0.8002138898724531]], "fy": 784.309269747244, "fx": 784.309269747244}, {"id": 65, "img_name": "mouse_000060", "width": 960, "height": 720, "position": [2.3142287013030636, 3.128637021916327, 0.1989141173470784], "rotation": [[0.9984036710765872, -0.05547403376729701, -0.010617963946941004], [0.03849966685972435, 0.8059680817068802, -0.5907057024622514], [0.041326568118874696, 0.5893539537895004, 0.8068172233661098]], "fy": 784.309269747244, "fx": 784.309269747244}, {"id": 66, "img_name": "mouse_000061", "width": 960, "height": 720, "position": [2.4267676604716395, 2.9830803178933762, 0.12551677648536438], "rotation": [[0.9986693657819767, -0.04801991054902363, -0.018803883627802127], [0.028267625747862964, 0.8146902472354589, -0.579206994427731], [0.043132808663509395, 0.5779047406366301, 0.814963601375243]], "fy": 784.309269747244, "fx": 784.309269747244}, {"id": 67, "img_name": "mouse_000062", "width": 960, "height": 720, "position": [2.5312968417915176, 2.8579292844359476, 0.03230452750018531], "rotation": [[0.9987739878868434, -0.043237934737818895, -0.0241039855671128], [0.021882939678646345, 0.8224009767185099, -0.568487264979139], [0.044403356535651604, 0.5672628266439192, 0.8223388762768781]], "fy": 784.309269747244, "fx": 784.309269747244}, {"id": 68, "img_name": "mouse_000063", "width": 960, "height": 720, "position": [2.6839174389668132, 2.647819347364409, -0.11503677274531192], "rotation": [[0.9987755539292769, -0.038711859884825076, -0.030802350194808103], [0.015318709905310047, 0.834039301615274, -0.5514923213318053], [0.047039664115540614, 0.5503451964588806, 0.8336110812210531]], "fy": 784.309269747244, "fx": 784.309269747244}, {"id": 69, "img_name": "mouse_000064", "width": 960, "height": 720, "position": [2.7966297545873857, 2.4293923091169383, -0.2058183246364556], "rotation": [[0.9986946052390728, -0.03635258035482551, -0.035882800446989396], [0.011477873777476956, 0.8442412294342408, -0.5358404659382394], [0.04977292316029685, 0.5347291243469982, 0.843556411685177]], "fy": 784.309269747244, "fx": 784.309269747244}, {"id": 70, "img_name": "mouse_000066", "width": 960, "height": 720, "position": [2.915494419807791, 1.9329163920029064, -0.4404462272332062], "rotation": [[0.9986474223222058, -0.03419335376576763, -0.03916810497666632], [0.01000669873641046, 0.8656428196568029, -0.5005620588468711], [0.05102148439248716, 0.49949306635314644, 0.8648141330919139]], "fy": 784.309269747244, "fx": 784.309269747244}, {"id": 71, "img_name": "mouse_000067", "width": 960, "height": 720, "position": [2.931290851285796, 1.6787354105995886, -0.5874965118757851], "rotation": [[0.9985989870173472, -0.0345112310784693, -0.04011281662232542], [0.01105518130062911, 0.8773901395291756, -0.4796502121581771], [0.051747909081797994, 0.47853476152357266, 0.876542432469324]], "fy": 784.309269747244, "fx": 784.309269747244}, {"id": 72, "img_name": "mouse_000068", "width": 960, "height": 720, "position": [2.9482267425724054, 1.4823214227332318, -0.716183428300232], "rotation": [[0.9985696183938443, -0.03509415011190898, -0.040337548868205224], [0.012542542994557312, 0.8871408580219639, -0.4613282807755053], [0.05197501164984696, 0.46016246984731, 0.8863120779432162]], "fy": 784.309269747244, "fx": 784.309269747244}, {"id": 73, "img_name": "mouse_000069", "width": 960, "height": 720, "position": [3.007921889429206, 1.2256257571283813, -0.8823848995788341], "rotation": [[0.9985121911798236, -0.03610400258666905, -0.04086447188560517], [0.014625889234393603, 0.8992763198544018, -0.4371363447635378], [0.05253082361215052, 0.43588829021475806, 0.8984664217566976]], "fy": 784.309269747244, "fx": 784.309269747244}, {"id": 74, "img_name": "mouse_000070", "width": 960, "height": 720, "position": [3.0873294115172767, 0.964780609862186, -0.9295237570191325], "rotation": [[0.9984537050042844, -0.037149321368268776, -0.041353680429859596], [0.016581382284530606, 0.9090739043370909, -0.41630480926221836], [0.053058992873518805, 0.41497537803488393, 0.9082841950072968]], "fy": 784.309269747244, "fx": 784.309269747244}, {"id": 75, "img_name": "mouse_000071", "width": 960, "height": 720, "position": [3.17344939720595, 0.6357544034898287, -0.9624063519290443], "rotation": [[0.9984027639065406, -0.03843317674541374, -0.0414102879612815], [0.019177143977733405, 0.9199852849412004, -0.3914834768422745], [0.053142809227944954, 0.3900640542486762, 0.9192528898026093]], "fy": 784.309269747244, "fx": 784.309269747244}, {"id": 76, "img_name": "mouse_000072", "width": 960, "height": 720, "position": [3.2140894056649802, 0.4569781929005595, -1.0149635025669883], "rotation": [[0.9983503959926081, -0.03968798697402036, -0.04148916137200992], [0.021445747521094977, 0.9280860807802573, -0.3717476382913594], [0.05325942859873862, 0.37024463581784933, 0.9274062448104626]], "fy": 784.309269747244, "fx": 784.309269747244}, {"id": 77, "img_name": "mouse_000074", "width": 960, "height": 720, "position": [3.202765406203426, 0.04037736281157808, -1.0063909412376129], "rotation": [[0.9982631577150054, -0.041678388149527165, -0.04163628117547889], [0.025816065360296524, 0.9447574423626236, -0.3267520556473163], [0.05295468551676124, 0.3251096539041733, 0.944192519680245]], "fy": 784.309269747244, "fx": 784.309269747244}, {"id": 78, "img_name": "mouse_000075", "width": 960, "height": 720, "position": [3.1143059995799622, -0.18843784476408926, -0.9555609332799864], "rotation": [[0.9982584373915047, -0.04192107669782518, -0.041505608117054296], [0.027593656790541467, 0.9536771866367352, -0.29956370573480295], [0.052140984662712594, 0.2978967052807682, 0.9531730539106034]], "fy": 784.309269747244, "fx": 784.309269747244}, {"id": 79, "img_name": "mouse_000076", "width": 960, "height": 720, "position": [3.0601844709171417, -0.35576722261408433, -0.9524910206842424], "rotation": [[0.9982668679890913, -0.041862424640304215, -0.04136179007833959], [0.028650254985154264, 0.9596370379668188, -0.27977833770961547], [0.05140450529414153, 0.27810841908418527, 0.9591732294377068]], "fy": 784.309269747244, "fx": 784.309269747244}, {"id": 80, "img_name": "mouse_000077", "width": 960, "height": 720, "position": [2.9808956838580425, -0.5426969229953315, -0.9930797624716149], "rotation": [[0.9983179069475789, -0.04122566039129628, -0.040765200761270964], [0.029427100196503155, 0.9661265666742795, -0.25638545773930677], [0.04995400326130214, 0.2547545918947691, 0.9657146035277189]], "fy": 784.309269747244, "fx": 784.309269747244}, {"id": 81, "img_name": "mouse_000078", "width": 960, "height": 720, "position": [2.9130356169842577, -0.6728775228455081, -0.97637173809192], "rotation": [[0.9983830336719569, -0.040687971508178176, -0.03969643624470534], [0.030080799661017784, 0.9707007460446329, -0.23840135721120978], [0.04823342790776939, 0.23682176969810612, 0.9703550823432231]], "fy": 784.309269747244, "fx": 784.309269747244}, {"id": 82, "img_name": "mouse_000079", "width": 960, "height": 720, "position": [2.79088717926876, -0.8179199757468286, -1.0069321756328906], "rotation": [[0.9984704255472714, -0.03963956629232256, -0.038542367488350326], [0.030303122852497835, 0.9754379956043331, -0.21817982829947263], [0.04624424345620656, 0.21667815191097947, 0.9751471932132122]], "fy": 784.309269747244, "fx": 784.309269747244}, {"id": 83, "img_name": "mouse_000080", "width": 960, "height": 720, "position": [2.692876347034677, -0.9498930454164844, -1.0108037122736606], "rotation": [[0.998542117165656, -0.03857012220068342, -0.03776222874452058], [0.03019852010176184, 0.9790343680110561, -0.20144417498864384], [0.04474024619950849, 0.2000101295600206, 0.9787718112223048]], "fy": 784.309269747244, "fx": 784.309269747244}, {"id": 84, "img_name": "mouse_000082", "width": 960, "height": 720, "position": [2.520160775179348, -1.2423058201230521, -1.0224166723839287], "rotation": [[0.9988147159783035, -0.03517997565050781, -0.03363825884927082], [0.028953305444335435, 0.9849514608364379, -0.17038874933520076], [0.03912632424631638, 0.16921285149005838, 0.9848025901882953]], "fy": 784.309269747244, "fx": 784.309269747244}, {"id": 85, "img_name": "mouse_000083", "width": 960, "height": 720, "position": [2.424741927550429, -1.3847210919026134, -1.0078478484640567], "rotation": [[0.9989623801944939, -0.0326493468297012, -0.03175189927776751], [0.027364482904771663, 0.9876002298019009, -0.1545864520926301], [0.036405329712915276, 0.15355717582329537, 0.9874689087367092]], "fy": 784.309269747244, "fx": 784.309269747244}, {"id": 86, "img_name": "mouse_000084", "width": 960, "height": 720, "position": [2.358029536304902, -1.4803690976022434, -0.9931225515614327], "rotation": [[0.9990773588239569, -0.030676573242616828, -0.030056262898717503], [0.026063093619546715, 0.9893220648606544, -0.14339653807128613], [0.03413423847583538, 0.14248087532697656, 0.9892088019875952]], "fy": 784.309269747244, "fx": 784.309269747244}, {"id": 87, "img_name": "mouse_000085", "width": 960, "height": 720, "position": [2.2890500590154046, -1.5359045364763426, -1.0344653873215897], "rotation": [[0.9992076100196118, -0.02792073021861613, -0.028365205850737565], [0.023950238986218543, 0.9909899228396623, -0.13177768734783452], [0.03178896241462558, 0.1309939145697229, 0.9908733805155439]], "fy": 784.309269747244, "fx": 784.309269747244}, {"id": 88, "img_name": "mouse_000086", "width": 960, "height": 720, "position": [2.2045662651265414, -1.608017030078716, -1.085751459878922], "rotation": [[0.9993114401380185, -0.025781148096517444, -0.026682916109471492], [0.02232034619370914, 0.9921890620897493, -0.12273005832010644], [0.029638619317920868, 0.12204997940306749, 0.9920813246768827]], "fy": 784.309269747244, "fx": 784.309269747244}, {"id": 89, "img_name": "mouse_000087", "width": 960, "height": 720, "position": [2.0710017687919016, -1.7634245066792638, -1.1216043143305563], "rotation": [[0.999458440730605, -0.022700835266662847, -0.02382220247046017], [0.019969624338934816, 0.9938178016033317, -0.10921259689286256], [0.026154146059651513, 0.10867773136441938, 0.9937329175132389]], "fy": 784.309269747244, "fx": 784.309269747244}, {"id": 90, "img_name": "mouse_000088", "width": 960, "height": 720, "position": [1.9665507007068144, -1.8882367810433736, -1.1343414645609684], "rotation": [[0.9995613668664208, -0.020345054041512278, -0.02152098148739346], [0.018100703302181234, 0.9948446771954931, -0.09978192619789372], [0.02344010256161846, 0.09934861363825591, 0.9947765651441823]], "fy": 784.309269747244, "fx": 784.309269747244}, {"id": 91, "img_name": "mouse_000090", "width": 960, "height": 720, "position": [1.7813656887082152, -2.1271530790885516, -1.1374441072619728], "rotation": [[0.9997473032916652, -0.014885520878889742, -0.016844905140938275], [0.013526198332750565, 0.9968523737881319, -0.07811777538838342], [0.01795470745253643, 0.07787018775584763, 0.996801816982274]], "fy": 784.309269747244, "fx": 784.309269747244}, {"id": 92, "img_name": "mouse_000091", "width": 960, "height": 720, "position": [1.7474719486083519, -2.2495239764672665, -1.1401825326414496], "rotation": [[0.9998225780704824, -0.012018810416266023, -0.01450381248748447], [0.011037426516411186, 0.997762243699614, -0.06594452413511785], [0.015263931223281842, 0.06577273936586625, 0.9977178755339211]], "fy": 784.309269747244, "fx": 784.309269747244}, {"id": 93, "img_name": "mouse_000092", "width": 960, "height": 720, "position": [1.7430533439290399, -2.3653238550490605, -1.120114778815039], "rotation": [[0.9998723009904472, -0.009783033910121568, -0.012636216189265496], [0.00903250609657801, 0.9982672973470085, -0.05814479238173012], [0.013183153859518026, 0.0580232306495651, 0.9982281849153046]], "fy": 784.309269747244, "fx": 784.309269747244}, {"id": 94, "img_name": "mouse_000093", "width": 960, "height": 720, "position": [1.7115347140339896, -2.5092211645385514, -1.076861801815689], "rotation": [[0.9999124956187502, -0.007555021219702087, -0.010859224643264682], [0.00702372299279632, 0.9988150271223311, -0.048158165558267824], [0.011210192719284537, 0.04807767932197767, 0.9987806908076515]], "fy": 784.309269747244, "fx": 784.309269747244}, {"id": 95, "img_name": "mouse_000094", "width": 960, "height": 720, "position": [1.6605760001970191, -2.626580996451623, -1.0878623995881394], "rotation": [[0.9999421122607776, -0.005643297589619092, -0.009161076343409135], [0.00527388438922785, 0.9991913793817563, -0.03985942188030269], [0.009378607087613271, 0.03980880005096729, 0.9991633005508149]], "fy": 784.309269747244, "fx": 784.309269747244}, {"id": 96, "img_name": "mouse_000095", "width": 960, "height": 720, "position": [1.6071464268074573, -2.7667347150536465, -1.1005056973401994], "rotation": [[0.9999750343639614, -0.003561314413007028, -0.006103088435044294], [0.003373286866353455, 0.9995276467027786, -0.030546757807050066], [0.00620899222994765, 0.030525407719750368, 0.9995147061944768]], "fy": 784.309269747244, "fx": 784.309269747244}, {"id": 97, "img_name": "mouse_000096", "width": 960, "height": 720, "position": [1.595934408995246, -2.872370106373689, -1.0725824213943842], "rotation": [[0.9999901694480745, -0.0019562955262867002, -0.003979185221259362], [0.0018706114559075015, 0.9997687299756135, -0.021423990658368006], [0.004020176612076377, 0.021416336539255315, 0.9997625611660225]], "fy": 784.309269747244, "fx": 784.309269747244}, {"id": 98, "img_name": "mouse_000098", "width": 960, "height": 720, "position": [1.5636063683555113, -3.1098897761155437, -0.9932895138729951], "rotation": [[0.9999930704792573, 0.001107085994147337, 0.003554342986912037], [-0.0011027044845249546, 0.9999986300955676, -0.0012344431165271731], [-0.003555704752486704, 0.0012305151724767837, 0.9999929213730082]], "fy": 784.309269747244, "fx": 784.309269747244}, {"id": 99, "img_name": "mouse_000099", "width": 960, "height": 720, "position": [1.5063535421372252, -3.2137362995965115, -0.9900774074213264], "rotation": [[0.9999576670473362, 0.00237175492200336, 0.008890381984956413], [-0.0024591536640086687, 0.9999486339594693, 0.00983270084199177], [-0.008866604564616458, -0.00985414741016521, 0.9999121356910884]], "fy": 784.309269747244, "fx": 784.309269747244}, {"id": 100, "img_name": "mouse_000100", "width": 960, "height": 720, "position": [1.5095453714730667, -3.271574376353038, -0.928000793