[{"id": 0, "img_name": "car_000001", "width": 960, "height": 720, "position": [3.264837139908792, -1.636029784257959, 4.479043026189498], "rotation": [[0.2262347720719471, 0.2869256510048126, -0.9308552512077367], [-0.43088536826326024, 0.8865280870911961, 0.1685400552244454], [0.8735877902776509, 0.36296228673773956, 0.3241955445158404]], "fy": 749.3891561441001, "fx": 749.3891561441001}, {"id": 1, "img_name": "car_000009", "width": 960, "height": 720, "position": [3.2434699980168857, -1.527493460998261, 4.2224373615540856], "rotation": [[0.23318344784358494, 0.2855673371669473, -0.9295573008670078], [-0.4302762781417903, 0.8875408134412087, 0.16472288530913404], [0.8720595186799045, 0.3615558054014574, 0.3298326779751768]], "fy": 749.3891561441001, "fx": 749.3891561441001}, {"id": 2, "img_name": "car_000017", "width": 960, "height": 720, "position": [3.214174304723709, -1.3599259031276285, 3.847779395972521], "rotation": [[0.23682424015421136, 0.2847234181756133, -0.9288955024208995], [-0.42744017507800103, 0.8891255521332729, 0.16355625721136657], [0.8724730230813261, 0.35831316984740835, 0.332268710999447]], "fy": 749.3891561441001, "fx": 749.3891561441001}, {"id": 3, "img_name": "car_000025", "width": 960, "height": 720, "position": [2.974205892033657, -1.2730896298372092, 3.6551643693954223], "rotation": [[0.23570404219867697, 0.28813988087715037, -0.9281266150366048], [-0.42196709855396053, 0.8906547932639888, 0.169345230147865], [0.8754355328801523, 0.3517235395647878, 0.33151648448736404]], "fy": 749.3891561441001, "fx": 749.3891561441001}, {"id": 4, "img_name": "car_000033", "width": 960, "height": 720, "position": [2.6622771269792063, -1.242325758149429, 3.4770327105020002], "rotation": [[0.2426156144994877, 0.29809729629311393, -0.9231877737187442], [-0.4143488068664241, 0.8922956277706489, 0.1792305189128077], [0.8771845472016743, 0.33903763007093923, 0.34000111109594083]], "fy": 749.3891561441001, "fx": 749.3891561441001}, {"id": 5, "img_name": "car_000041", "width": 960, "height": 720, "position": [2.5113516863365475, -1.126671396423852, 3.138390485149806], "rotation": [[0.2639288325507607, 0.29883145753564455, -0.9170830558545473], [-0.4100021346427208, 0.8953794021479239, 0.17376413841077393], [0.8730634690197525, 0.33014464435508967, 0.3588379757869095]], "fy": 749.3891561441001, "fx": 749.3891561441001}, {"id": 6, "img_name": "car_000049", "width": 960, "height": 720, "position": [2.3830362008657233, -0.9455868532943754, 2.6030767281009526], "rotation": [[0.2948639934502291, 0.29387471699978407, -0.9092265262710278], [-0.40672083704984874, 0.8996318512762385, 0.15887319748390077], [0.8646579590081003, 0.32295538837056886, 0.38479401118827383]], "fy": 749.3891561441001, "fx": 749.3891561441001}, {"id": 7, "img_name": "car_000057", "width": 960, "height": 720, "position": [2.0781026533298643, -0.7971505150778603, 2.2693985419161313], "rotation": [[0.3325470503812843, 0.284109963779707, -0.8992741449434654], [-0.39669670695283277, 0.9072225771604242, 0.13992468754003576], [0.8555958052582338, 0.31020754982993554, 0.41439967911790454]], "fy": 749.3891561441001, "fx": 749.3891561441001}, {"id": 8, "img_name": "car_000065", "width": 960, "height": 720, "position": [1.815742660903996, -0.7440556366616099, 1.931760943874636], "rotation": [[0.36687065270405184, 0.2753447580678194, -0.888589437473278], [-0.38570262981943454, 0.9142455974821592, 0.12405026737118252], [0.8465455720366594, 0.29722088030463756, 0.4416110763738395]], "fy": 749.3891561441001, "fx": 749.3891561441001}, {"id": 9, "img_name": "car_000073", "width": 960, "height": 720, "position": [1.6672220246316858, -0.5553383561474707, 1.3566486914769422], "rotation": [[0.4009832464512631, 0.2685609436674327, -0.8758352902240601], [-0.37697808603194566, 0.9197350214160994, 0.10943040268781819], [0.8349251216229491, 0.28629095325766946, 0.47003992528903155]], "fy": 749.3891561441001, "fx": 749.3891561441001}, {"id": 10, "img_name": "car_000081", "width": 960, "height": 720, "position": [1.403538592441334, -0.37737329508463413, 0.9861582721324531], "rotation": [[0.4428624840715973, 0.2660199400582978, -0.8562162178406304], [-0.37182341110519357, 0.9234710863755011, 0.09459653049953902], [0.8158554842348198, 0.27646798027951025, 0.5078831408150264]], "fy": 749.3891561441001, "fx": 749.3891561441001}, {"id": 11, "img_name": "car_000089", "width": 960, "height": 720, "position": [1.026295978913687, -0.29670648382146597, 0.6803023670544665], "rotation": [[0.49411580179662723, 0.2654889633563007, -0.8278678546428002], [-0.3632960765795579, 0.9281618691521215, 0.0808177294530104], [0.789851590589508, 0.2608278263300081, 0.5550705449356748]], "fy": 749.3891561441001, "fx": 749.3891561441001}, {"id": 12, "img_name": "car_000097", "width": 960, "height": 720, "position": [0.707458847491038, -0.1389455241006484, 0.245568520834137], "rotation": [[0.5422631002151671, 0.26360648320022756, -0.7977859062178547], [-0.35439647800044133, 0.9326710894397362, 0.06728874574680566], [0.7618095999171435, 0.24624431148374512, 0.5991743256648919]], "fy": 749.3891561441001, "fx": 749.3891561441001}, {"id": 13, "img_name": "car_000105", "width": 960, "height": 720, "position": [0.4085146245951518, 0.02447897062842837, -0.15838070734188736], "rotation": [[0.5635946984739798, 0.26034774705222546, -0.7839515714997032], [-0.35180117081670764, 0.934315188443036, 0.05736780331028587], [0.7473934386011273, 0.24346289090841838, 0.6181657291426775]], "fy": 749.3891561441001, "fx": 749.3891561441001}, {"id": 14, "img_name": "car_000113", "width": 960, "height": 720, "position": [-0.06641199952610949, 0.12041606344082226, -0.46936346138177415], "rotation": [[0.5749036418156535, 0.2579806368518343, -0.7764868277289839], [-0.351512258270947, 0.9348292978954758, 0.05033205818870227], [0.7388673324165562, 0.24400855477989666, 0.6281201240860447]], "fy": 749.3891561441001, "fx": 749.3891561441001}, {"id": 15, "img_name": "car_000121", "width": 960, "height": 720, "position": [-0.4137848373329577, 0.25915295166644975, -0.8382356220821952], "rotation": [[0.5936827390608448, 0.25809356745770584, -0.7621866672791959], [-0.3490558527214686, 0.9360174775882635, 0.04506987164606822], [0.7250522857160728, 0.23928851223211545, 0.6457864901742985]], "fy": 749.3891561441001, "fx": 749.3891561441001}, {"id": 16, "img_name": "car_000129", "width": 960, "height": 720, "position": [-0.7433910616997947, 0.47880347528243006, -1.3749261953795993], "rotation": [[0.622963518788243, 0.2570261734342215, -0.7388193286783528], [-0.33835298243987294, 0.9400925854621599, 0.04175152731475465], [0.7052898081873956, 0.22397204497176237, 0.672608957372821]], "fy": 749.3891561441001, "fx": 749.3891561441001}, {"id": 17, "img_name": "car_000137", "width": 960, "height": 720, "position": [-1.2102587815666528, 0.6322803229967835, -1.6536810629835066], "rotation": [[0.6732748587209214, 0.2516691361041539, -0.6952435620319775], [-0.3166624496453598, 0.9478377466510577, 0.036448580329627785], [0.6681510739338247, 0.19561761668120334, 0.7178494901057204]], "fy": 749.3891561441001, "fx": 749.3891561441001}, {"id": 18, "img_name": "car_000145", "width": 960, "height": 720, "position": [-1.5516356367448134, 0.725213262623518, -1.9385147089286516], "rotation": [[0.7371781010399738, 0.2390611116909283, -0.6319954368697576], [-0.28842596400913795, 0.9571591050684846, 0.025630272528730454], [0.6110473882052829, 0.16338981749666956, 0.7745481630640584]], "fy": 749.3891561441001, "fx": 749.3891561441001}, {"id": 19, "img_name": "car_000153", "width": 960, "height": 720, "position": [-1.9933166610236717, 0.8945109459661691, -2.3720946454855087], "rotation": [[0.8035456378217495, 0.21583809651622377, -0.5547326599632392], [-0.2523667669981958, 0.9675701831072007, 0.010906680373813081], [0.5390968585073704, 0.13123207250573862, 0.8319571625350265]], "fy": 749.3891561441001, "fx": 749.3891561441001}, {"id": 20, "img_name": "car_000161", "width": 960, "height": 720, "position": [-2.520186386777973, 0.9701759189294696, -2.4936523557877575], "rotation": [[0.8697769202016185, 0.1819591431174755, -0.45867088344535395], [-0.2090680172584537, 0.9778639210903178, -0.008527367089988218], [0.4469660761670916, 0.10331031926106207, 0.888565306935833]], "fy": 749.3891561441001, "fx": 749.3891561441001}, {"id": 21, "img_name": "car_000169", "width": 960, "height": 720, "position": [-2.9153037271988342, 0.9921197461727698, -2.622758024744512], "rotation": [[0.9286571177865722, 0.13987154327857468, -0.3435577229014161], [-0.1576659960977685, 0.987194269350416, -0.024267431594566128], [0.33576389213081687, 0.0767034936790255, 0.9388179710671269]], "fy": 749.3891561441001, "fx": 749.3891561441001}, {"id": 22, "img_name": "car_000177", "width": 960, "height": 720, "position": [-3.4520634574865783, 1.0724327290591735, -2.8705986895880207], "rotation": [[0.966414001211138, 0.09649972435171729, -0.23818434344666972], [-0.10639962488916822, 0.9938995124093153, -0.029032379440374255], [0.23392968620190735, 0.05340002277685053, 0.9707859390622162]], "fy": 749.3891561441001, "fx": 749.3891561441001}, {"id": 23, "img_name": "car_000185", "width": 960, "height": 720, "position": [-3.84101659334216, 1.0617681508660475, -2.799757752325705], "rotation": [[0.985542995487143, 0.061140326747715565, -0.15800906458621855], [-0.06571669411880617, 0.9975521253702255, -0.02389713964977284], [0.15616119927922065, 0.03393549195942291, 0.9871484499431417]], "fy": 749.3891561441001, "fx": 749.3891561441001}, {"id": 24, "img_name": "car_000193", "width": 960, "height": 720, "position": [-4.211798530573188, 1.072482157106875, -2.8807274296837377], "rotation": [[0.9960856430833195, 0.03006744050369788, -0.0831224438093981], [-0.031048628028351722, 0.9994623380697273, -0.010536483177581775], [0.08276094695475038, 0.013076077460423687, 0.9964836385297061]], "fy": 749.3891561441001, "fx": 749.3891561441001}, {"id": 25, "img_name": "car_000201", "width": 960, "height": 720, "position": [-4.58454849975753, 1.1398723164904132, -3.114843529525152], "rotation": [[0.9994514831666951, 0.007687145086737456, -0.03221242922086071], [-0.007833794377941308, 0.999959507715139, -0.004428836838394487], [0.03217707975465841, 0.004678753093766877, 0.9994712326064967]], "fy": 749.3891561441001, "fx": 749.3891561441001}, {"id": 26, "img_name": "car_000209", "width": 960, "height": 720, "position": [-4.764561934256418, 1.1641397346792048, -3.196051906246181], "rotation": [[0.99999784649312, -0.00018933272525527132, 0.0020666790369487037], [0.00018873878157873972, 0.9999999408372376, 0.000287581629620988], [-0.0020667333632919324, -0.00028719094782862206, 0.9999978230649129]], "fy": 749.3891561441001, "fx": 749.3891561441001}, {"id": 27, "img_name": "car_000002", "width": 960, "height": 720, "position": [3.2664877308790916, -1.630708626858224, 4.468159235199323], "rotation": [[0.2265265644608035, 0.2865524671963817, -0.9308992422046825], [-0.4305819112953254, 0.8867435372515272, 0.16818179689822035], [0.8736617956960517, 0.36273073027566377, 0.324255276063218]], "fy": 749.3891561441001, "fx": 749.3891561441001}, {"id": 28, "img_name": "car_000003", "width": 960, "height": 720, "position": [3.2675902362578495, -1.6260336795383035, 4.457643474045126], "rotation": [[0.2267493721103841, 0.28626868684958984, -0.9309323075159428], [-0.43045645606058985, 0.8868635355111893, 0.16786991635296375], [0.8736658180810922, 0.36266142379636274, 0.3243219542471507]], "fy": 749.3891561441001, "fx": 749.3891561441001}, {"id": 29, "img_name": "car_000004", "width": 960, "height": 720, "position": [3.26902193050159, -1.6154111118244088, 4.429844772464637], "rotation": [[0.22748787986651214, 0.28616192608226604, -0.9307849464697671], [-0.43030708079856544, 0.8869999713608238, 0.16753168960084747], [0.8735474118377642, 0.3624119242889031, 0.3249192459746856]], "fy": 749.3891561441001, "fx": 749.3891561441001}, {"id": 30, "img_name": "car_000005", "width": 960, "height": 720, "position": [3.2669669321063397, -1.602892123873777, 4.401120058332941], "rotation": [[0.22857635677653088, 0.28614180611524964, -0.9305244305851783], [-0.4303424297003176, 0.8870700990292211, 0.1670689456718839], [0.8732458086486271, 0.36225613342135504, 0.3259022115239696]], "fy": 749.3891561441001, "fx": 749.3891561441001}, {"id": 31, "img_name": "car_000006", "width": 960, "height": 720, "position": [3.2606953274301813, -1.582578773424501, 4.35450407872797], "rotation": [[0.23027057157077488, 0.28611823656069624, -0.9301138739831085], [-0.43052997827884987, 0.8871224540974172, 0.16630601083361035], [0.8727080850271078, 0.36214652579249373, 0.3274606727299401]], "fy": 749.3891561441001, "fx": 749.3891561441001}, {"id": 32, "img_name": "car_000007", "width": 960, "height": 720, "position": [3.2568122670691335, -1.5677335994212855, 4.320248430627504], "rotation": [[0.23136889797438318, 0.2860446029797748, -0.9298639245374897], [-0.4305084245145295, 0.887225918104743, 0.1658091272072], [0.8724281801226604, 0.3619511781295078, 0.3284210942959117]], "fy": 749.3891561441001, "fx": 749.3891561441001}, {"id": 33, "img_name": "car_000008", "width": 960, "height": 720, "position": [3.2479994402130883, -1.542971521133891, 4.2634393706409295], "rotation": [[0.23249278826602618, 0.28598085785654254, -0.9296031692845743], [-0.4303963156286784, 0.8873667871680323, 0.16534568795206916], [0.8721846793526862, 0.36165609903708246, 0.32939148612514596]], "fy": 749.3891561441001, "fx": 749.3891561441001}, {"id": 34, "img_name": "car_000010", "width": 960, "height": 720, "position": [3.2374323422027307, -1.5048372353416315, 4.162406759844235], "rotation": [[0.2338401179669377, 0.2852287530177329, -0.9294962924515393], [-0.4300830808001454, 0.8877289646057375, 0.16421275531907037], [0.8719789807321413, 0.36136109897438384, 0.3302587066367235]], "fy": 749.3891561441001, "fx": 749.3891561441001}, {"id": 35, "img_name": "car_000011", "width": 960, "height": 720, "position": [3.2325071573113213, -1.4890735583064925, 4.1229781329304265], "rotation": [[0.23436695356680018, 0.2850158755677752, -0.9294289008580227], [-0.42988408480463847, 0.8878875026623918, 0.16387634438081505], [0.8719356654636261, 0.3611394928421366, 0.3306152779322646]], "fy": 749.3891561441001, "fx": 749.3891561441001}, {"id": 36, "img_name": "car_000012", "width": 960, "height": 720, "position": [3.2298416133129284, -1.465993511777502, 4.064433660356386], "rotation": [[0.23498199135161718, 0.28482215557178264, -0.9293329884577819], [-0.42938785043904937, 0.8881718506125651, 0.16363629693556325], [0.8720146430168251, 0.3605927113446617, 0.33100356325777586]], "fy": 749.3891561441001, "fx": 749.3891561441001}, {"id": 37, "img_name": "car_000013", "width": 960, "height": 720, "position": [3.2291581112671612, -1.439887763089984, 4.007161685115965], "rotation": [[0.23570219424746638, 0.2848186658931063, -0.9291516577964014], [-0.42904538689364935, 0.8883663729201541, 0.1634785718373155], [0.8719888368621518, 0.3601159744076353, 0.3315900380955842]], "fy": 749.3891561441001, "fx": 749.3891561441001}, {"id": 38, "img_name": "car_000014", "width": 960, "height": 720, "position": [3.228741922783789, -1.4209916966831186, 3.9710371634092927], "rotation": [[0.2361330623008675, 0.2845457186953144, -0.9291258853678449], [-0.428588259333841, 0.8886342784468388, 0.16322139299262944], [0.8720970593056733, 0.3596704785514555, 0.33178888771169546]], "fy": 749.3891561441001, "fx": 749.3891561441001}, {"id": 39, "img_name": "car_000015", "width": 960, "height": 720, "position": [3.229153747648989, -1.3949099415970012, 3.91735856892933], "rotation": [[0.23656798616155783, 0.2843645658871842, -0.9290707086068627], [-0.42814125866212926, 0.8888817793712814, 0.16304675689185627], [0.8721987448710714, 0.35920185964097906, 0.3320291756394153]], "fy": 749.3891561441001, "fx": 749.3891561441001}, {"id": 40, "img_name": "car_000016", "width": 960, "height": 720, "position": [3.225335893037806, -1.3793228929051804, 3.8875630390748883], "rotation": [[0.23671503521955697, 0.28453899973443053, -0.9289798435548179], [-0.42792760204020736, 0.8889497280000881, 0.16323709290687374], [0.8722636983808977, 0.3588954425995114, 0.33218985801523043]], "fy": 749.3891561441001, "fx": 749.3891561441001}, {"id": 41, "img_name": "car_000018", "width": 960, "height": 720, "position": [3.2007298274221503, -1.3496167402029857, 3.8231725177765656], "rotation": [[0.23670457810327578, 0.28486371247917175, -0.9288829894112252], [-0.42703201776962263, 0.889259667145153, 0.1638929534436924], [0.872705333147767, 0.3578685648411654, 0.3321377602651791]], "fy": 749.3891561441001, "fx": 749.3891561441001}, {"id": 42, "img_name": "car_000019", "width": 960, "height": 720, "position": [3.174998105356614, -1.334260669404151, 3.787001936451221], "rotation": [[0.2364062864500254, 0.28505867394528955, -0.9288991442215141], [-0.4263957653298193, 0.8894642240886697, 0.16443857629868533], [0.873097199076773, 0.3572043483426455, 0.3318227455877608]], "fy": 749.3891561441001, "fx": 749.3891561441001}, {"id": 43, "img_name": "car_000020", "width": 960, "height": 720, "position": [3.1531521547543324, -1.323413153248596, 3.7669261840107566], "rotation": [[0.23635114289615797, 0.28543901894772217, -0.9287963736545496], [-0.4259986086544033, 0.8895551286993022, 0.16497532672881968], [0.873305973113772, 0.3566738558780698, 0.3318439962646265]], "fy": 749.3891561441001, "fx": 749.3891561441001}, {"id": 44, "img_name": "car_000021", "width": 960, "height": 720, "position": [3.1172454720451213, -1.3078914458910986, 3.7385506298018814], "rotation": [[0.23599950900655897, 0.28603855909392273, -0.9287013376000569], [-0.4251679881413412, 0.8897614227261837, 0.1660023869952525], [0.8738057070130104, 0.3556775974667925, 0.33159769759716806]], "fy": 749.3891561441001, "fx": 749.3891561441001}, {"id": 45, "img_name": "car_000022", "width": 960, "height": 720, "position": [3.0789104158239815, -1.2951069864298521, 3.7118815895052735], "rotation": [[0.23575246350748835, 0.28662230861406246, -0.9285840985903728], [-0.42424542102780466, 0.8900135930584733, 0.16700786480907728], [0.8743206498116641, 0.3545750363123317, 0.33142109911262063]], "fy": 749.3891561441001, "fx": 749.3891561441001}, {"id": 46, "img_name": "car_000023", "width": 960, "height": 720, "position": [3.052307704548208, -1.2885855595511484, 3.695913846539327], "rotation": [[0.23568171838595325, 0.2869786766745998, -0.9284919852926784], [-0.42356285755728207, 0.890220650891815, 0.16763561203891889], [0.8746705856015471, 0.3537660694015875, 0.3313622410951456]], "fy": 749.3891561441001, "fx": 749.3891561441001}, {"id": 47, "img_name": "car_000024", "width": 960, "height": 720, "position": [3.0100247356502385, -1.2782732749021317, 3.6715560236245577], "rotation": [[0.2355520860199602, 0.28752742855267094, -0.9283551004877033], [-0.42260708952404497, 0.8904976474112131, 0.1685739832806673], [0.8751676768800711, 0.35262149365145556, 0.33126970818255536]], "fy": 749.3891561441001, "fx": 749.3891561441001}, {"id": 48, "img_name": "car_000026", "width": 960, "height": 720, "position": [2.9198999011879523, -1.2690488561392863, 3.6300236892220057], "rotation": [[0.235837962530749, 0.28907862978920285, -0.9278006257965887], [-0.42101091483826375, 0.8908760447941803, 0.1705569769869465], [0.8758597290756053, 0.35039038030613023, 0.33180764965945586]], "fy": 749.3891561441001, "fx": 749.3891561441001}, {"id": 49, "img_name": "car_000027", "width": 960, "height": 720, "position": [2.8864080397675678, -1.2664212134110586, 3.613552963713754], "rotation": [[0.2363081100413992, 0.28964488810881467, -0.9275043481952492], [-0.42024461220316617, 0.8911123746125935, 0.17121098599831577], [0.8761009890662559, 0.34932016060447657, 0.3322987847591236]], "fy": 749.3891561441001, "fx": 749.3891561441001}, {"id": 50, "img_name": "car_000028", "width": 960, "height": 720, "position": [2.8352200501042097, -1.2618624969191068, 3.5909370144385724], "rotation": [[0.23766888850159637, 0.29104795311944903, -0.9267171026928308], [-0.4193328308160817, 0.891315328259791, 0.17238608589127072], [0.8761697760355507, 0.34763209661094313, 0.3338838854567448]], "fy": 749.3891561441001, "fx": 749.3891561441001}, {"id": 51, "img_name": "car_000029", "width": 960, "height": 720, "position": [2.804084604982196, -1.2580303071634928, 3.576958827022498], "rotation": [[0.23858244137624166, 0.2919870610366511, -0.9261867926364159], [-0.41867769079102285, 0.891467149060235, 0.17319155112277715], [0.876234791537547, 0.3464532844895482, 0.33493687728519134]], "fy": 749.3891561441001, "fx": 749.3891561441001}, {"id": 52, "img_name": "car_000030", "width": 960, "height": 720, "position": [2.759669224495665, -1.25765457614884, 3.553125055579055], "rotation": [[0.23964222215228087, 0.29337709516034166, -0.9254736546208091], [-0.4174326053729877, 0.8917753333519483, 0.17460462421293824], [0.8765395743110725, 0.3444802387079725, 0.33617218773459234]], "fy": 749.3891561441001, "fx": 749.3891561441001}, {"id": 53, "img_name": "car_000031", "width": 960, "height": 720, "position": [2.7329303536215868, -1.2582585165743787, 3.5352521235653382], "rotation": [[0.24016950172832216, 0.2938145562795678, -0.9251981501050515], [-0.4164364612093729, 0.8921224212340529, 0.17520918727882254], [0.8768690234094163, 0.3432063403402269, 0.33661569145731224]], "fy": 749.3891561441001, "fx": 749.3891561441001}, {"id": 54, "img_name": "car_000032", "width": 960, "height": 720, "position": [2.694740964100619, -1.2510965764960957, 3.5067065112885816], "rotation": [[0.24125081588003328, 0.29491335684483305, -0.924567009898001], [-0.4153744591308329, 0.8924084410616857, 0.1762703407372328], [0.8770758818591388, 0.3415161581482848, 0.3377937405942411]], "fy": 749.3891561441001, "fx": 749.3891561441001}, {"id": 55, "img_name": "car_000034", "width": 960, "height": 720, "position": [2.642030237780197, -1.2370454161206272, 3.4569292700198746], "rotation": [[0.24363706384696462, 0.299136381272968, -0.9225824659719821], [-0.4137590901472357, 0.8923976025506093, 0.1800831315877654], [0.8771797971000937, 0.3378519562779506, 0.3411915286149408]], "fy": 749.3891561441001, "fx": 749.3891561441001}, {"id": 56, "img_name": "car_000035", "width": 960, "height": 720, "position": [2.6173793393519627, -1.227833703165384, 3.4246690533101773], "rotation": [[0.2454965102078803, 0.2997845122334218, -0.9218789018633204], [-0.4129549898608223, 0.8927196893603054, 0.18033228379158237], [0.8770402726356415, 0.33642354622322285, 0.34295707854160223]], "fy": 749.3891561441001, "fx": 749.3891561441001}, {"id": 57, "img_name": "car_000036", "width": 960, "height": 720, "position": [2.603893327723273, -1.2176389491565573, 3.39989489209735], "rotation": [[0.24708942605306788, 0.2998624453351933, -0.9214278753165456], [-0.41240547786394416, 0.8930342862691356, 0.18003190099420496], [0.8768514910522632, 0.335517924149178, 0.34432424430186315]], "fy": 749.3891561441001, "fx": 749.3891561441001}, {"id": 58, "img_name": "car_000037", "width": 960, "height": 720, "position": [2.5833226384515826, -1.1981309811884098, 3.3544563246080243], "rotation": [[0.2497239259449008, 0.3001092351674434, -0.9206369576428473], [-0.4118252959070279, 0.8934042396615084, 0.1795237872983159], [0.8763777076476528, 0.33431020253957877, 0.3466969887613552]], "fy": 749.3891561441001, "fx": 749.3891561441001}, {"id": 59, "img_name": "car_000038", "width": 960, "height": 720, "position": [2.5692426500458843, -1.1827012768234784, 3.319270349414552], "rotation": [[0.25172915819909497, 0.3000281608821767, -0.9201171303644085], [-0.41140288145124904, 0.8937297904108109, 0.17887070991601026], [0.8760023402057693, 0.3335118654709404, 0.34841029770101345]], "fy": 749.3891561441001, "fx": 749.3891561441001}, {"id": 60, "img_name": "car_000039", "width": 960, "height": 720, "position": [2.5467690571668964, -1.1620426638006829, 3.260605549254275], "rotation": [[0.25565201844098195, 0.3001322093762933, -0.9190009262029917], [-0.41094306768018085, 0.8941735928732052, 0.17770588322794928], [0.8750816193891024, 0.3322261920787223, 0.35193453468538416]], "fy": 749.3891561441001, "fx": 749.3891561441001}, {"id": 61, "img_name": "car_000040", "width": 960, "height": 720, "position": [2.531936798637379, -1.1482883396444516, 3.2152693193836064], "rotation": [[0.25882701238765743, 0.29970406931638266, -0.9182516259139866], [-0.41050211422367977, 0.8946553652555492, 0.17629461601917656], [0.8743549575980959, 0.33131442506275033, 0.3545901294014976]], "fy": 749.3891561441001, "fx": 749.3891561441001}, {"id": 62, "img_name": "car_000042", "width": 960, "height": 720, "position": [2.488109740397511, -1.101796881226518, 3.0563263762544937], "rotation": [[0.26859635016543143, 0.29820499975192966, -0.9159310993741616], [-0.40941992692903445, 0.8960495440795453, 0.1716698517162031], [0.8719124520909383, 0.32889054817338653, 0.3627667063154724]], "fy": 749.3891561441001, "fx": 749.3891561441001}, {"id": 63, "img_name": "car_000043", "width": 960, "height": 720, "position": [2.470564231823238, -1.083286371012186, 2.997378976879384], "rotation": [[0.2714444555992562, 0.2980602898526441, -0.9151382251536545], [-0.4091173880910677, 0.8963912810259375, 0.17060373402191822], [0.8711721243738036, 0.32808952271237873, 0.36526209056018577]], "fy": 749.3891561441001, "fx": 749.3891561441001}, {"id": 64, "img_name": "car_000044", "width": 960, "height": 720, "position": [2.4505857052820765, -1.0578941758637352, 2.9048421886566844], "rotation": [[0.27554619086182586, 0.2975040822468964, -0.9140927839929432], [-0.4083539840513291, 0.8970678059264888, 0.1688679225893486], [0.8702421044806695, 0.32674251730784487, 0.3686705941248742]], "fy": 749.3891561441001, "fx": 749.3891561441001}, {"id": 65, "img_name": "car_000045", "width": 960, "height": 720, "position": [2.4409817790791766, -1.0404060236323531, 2.843904931162922], "rotation": [[0.27847658020542604, 0.2969769679453826, -0.9133758672020288], [-0.4081122032958312, 0.8974578797870496, 0.16737318641035526], [0.8694223506432951, 0.3261503250314195, 0.37112092595781554]], "fy": 749.3891561441001, "fx": 749.3891561441001}, {"id": 66, "img_name": "car_000046", "width": 960, "height": 720, "position": [2.426153224684954, -1.0119224400508637, 2.7613772083108374], "rotation": [[0.28286581535492894, 0.29622568713576924, -0.9122703945566427], [-0.40754932716918146, 0.8981053898644538, 0.16525814539793435], [0.8682686660403788, 0.32504930545589344, 0.3747698928610762]], "fy": 749.3891561441001, "fx": 749.3891561441001}, {"id": 67, "img_name": "car_000047", "width": 960, "height": 720, "position": [2.4164378749079334, -0.9907248221484433, 2.7112524600641965], "rotation": [[0.2859909192103938, 0.2955819058046212, -0.9115045425504483], [-0.4073003060707274, 0.8985255262255228, 0.16357976462826648], [0.8673613173319902, 0.32447375191539823, 0.37736074188243124]], "fy": 749.3891561441001, "fx": 749.3891561441001}, {"id": 68, "img_name": "car_000048", "width": 960, "height": 720, "position": [2.3981713992359333, -0.9621295281658447, 2.643734530304816], "rotation": [[0.29122846101685557, 0.29448591510056776, -0.9101999941227945], [-0.4070569205877951, 0.8991602930695163, 0.16067181074700998], [0.8657312786860223, 0.32371100255401064, 0.3817335981154161]], "fy": 749.3891561441001, "fx": 749.3891561441001}, {"id": 69, "img_name": "car_000050", "width": 960, "height": 720, "position": [2.3556086495529067, -0.9198645446341842, 2.5457453579594858], "rotation": [[0.3003488393282675, 0.29237456921210736, -0.9079139199242385], [-0.4060830913589988, 0.9004838948020913, 0.15564471759226237], [0.8630684200145905, 0.3219407810142894, 0.38918766153801404]], "fy": 749.3891561441001, "fx": 749.3891561441001}, {"id": 70, "img_name": "car_000051", "width": 960, "height": 720, "position": [2.336557881203591, -0.9044558840158609, 2.511548690037054], "rotation": [[0.303787034043798, 0.29127063616930243, -0.9071244977688574], [-0.4051576440321118, 0.9012351128188864, 0.15369630738790577], [0.86229967031724, 0.32083747899498727, 0.3917940666254662]], "fy": 749.3891561441001, "fx": 749.3891561441001}, {"id": 71, "img_name": "car_000052", "width": 960, "height": 720, "position": [2.300749842906324, -0.8817897044330696, 2.4653996304168415], "rotation": [[0.3088258828245464, 0.28995285288427114, -0.9058443117897864], [-0.4038691356168434, 0.9022497707685232, 0.15111278054569371], [0.8611134044908041, 0.3191750213478795, 0.3957410900498422]], "fy": 749.3891561441001, "fx": 749.3891561441001}, {"id": 72, "img_name": "car_000053", "width": 960, "height": 720, "position": [2.2597731192457227, -0.8590475887317147, 2.4225517232107214], "rotation": [[0.314146183838421, 0.2885749613419291, -0.9044537947658029], [-0.4024653608003231, 0.9033226040360236, 0.1484247499355919], [0.8598452235929575, 0.31738425405820214, 0.3999167747673206]], "fy": 749.3891561441001, "fx": 749.3891561441001}, {"id": 73, "img_name": "car_000054", "width": 960, "height": 720, "position": [2.229934297101257, -0.8429200949923786, 2.3955238693771586], "rotation": [[0.317644577221739, 0.28757706451229365, -0.9035493094060305], [-0.40125876665135196, 0.9041404533303017, 0.14670188423163524], [0.8591235794384056, 0.3159580235065544, 0.4025881302705944]], "fy": 749.3891561441001, "fx": 749.3891561441001}, {"id": 74, "img_name": "car_000055", "width": 960, "height": 720, "position": [2.1797970985651887, -0.8203744479934545, 2.3515831342437616], "rotation": [[0.32299792126870297, 0.2859191694102837, -0.9021765744131411], [-0.39947100067781177, 0.9053791080056595, 0.1439152195021222], [0.8579599422313167, 0.31390906223078335, 0.4066519865632354]], "fy": 749.3891561441001, "fx": 749.3891561441001}, {"id": 75, "img_name": "car_000056", "width": 960, "height": 720, "position": [2.140030163486421, -0.807934934981413, 2.3196980189900014], "rotation": [[0.32671592766851637, 0.285077923448512, -0.9011033681936745], [-0.39833232377970074, 0.9061439594576721, 0.14224796859933078], [0.8570811294387274, 0.31246392159840924, 0.4096074160209733]], "fy": 749.3891561441001, "fx": 749.3891561441001}, {"id": 76, "img_name": "car_000058", "width": 960, "height": 720, "position": [2.0466567940240097, -0.7948794348439667, 2.2316550135346276], "rotation": [[0.3364051844944726, 0.2827709429166354, -0.8982606223626173], [-0.3952622270557398, 0.9081642975606538, 0.13786000326092132], [0.8547510302469233, 0.3086716742401242, 0.41727985071606555]], "fy": 749.3891561441001, "fx": 749.3891561441001}, {"id": 77, "img_name": "car_000059", "width": 960, "height": 720, "position": [2.0029985858105324, -0.7970600475187992, 2.1745400167321747], "rotation": [[0.3416112143305697, 0.2814549887580912, -0.8967077938474586], [-0.3934634968592747, 0.909298024414817, 0.13551228517954536], [0.8535152341246551, 0.30652926793129176, 0.4213686663939801]], "fy": 749.3891561441001, "fx": 749.3891561441001}, {"id": 78, "img_name": "car_000060", "width": 960, "height": 720, "position": [1.9729720265469444, -0.792846676090569, 2.141883898537826], "rotation": [[0.34493379654840545, 0.28017777328386545, -0.8958354153282833], [-0.3922790155121279, 0.9100933972173852, 0.1335933468783325], [0.8527237829376748, 0.30533657445352597, 0.4238298317880036]], "fy": 749.3891561441001, "fx": 749.3891561441001}, {"id": 79, "img_name": "car_000061", "width": 960, "height": 720, "position": [1.9285432366108552, -0.788206086302477, 2.091599246722364], "rotation": [[0.3497592281443757, 0.2793049802260321, -0.8942355452277585], [-0.3906602328920995, 0.9110562943576875, 0.13176118908058343], [0.8515004784288389, 0.3032575745668596, 0.4277636949336449]], "fy": 749.3891561441001, "fx": 749.3891561441001}, {"id": 80, "img_name": "car_000062", "width": 960, "height": 720, "position": [1.8891722207798538, -0.7801651915139538, 2.0452971671141014], "rotation": [[0.3548878984645263, 0.27776144617655524, -0.8926943253663823], [-0.38889545912816037, 0.9121748067579862, 0.12921858916397255], [0.8501852159341099, 0.30130665597350953, 0.4317399653415604]], "fy": 749.3891561441001, "fx": 749.3891561441001}, {"id": 81, "img_name": "car_000063", "width": 960, "height": 720, "position": [1.8669089672252033, -0.7736019944336391, 2.0152616290744665], "rotation": [[0.3582904182421359, 0.2769695123017145, -0.8915805434458659], [-0.38784735441944534, 0.9128330865317077, 0.12771133780065536], [0.849236366311354, 0.30003940639247095, 0.43448124095976937]], "fy": 749.3891561441001, "fx": 749.3891561441001}, {"id": 82, "img_name": "car_000064", "width": 960, "height": 720, "position": [1.8354754325733935, -0.7582185509139796, 1.96659963174023], "rotation": [[0.3634654498847306, 0.2760247146235993, -0.8897770640205616], [-0.38657162062145023, 0.913676697306498, 0.12552798464563814], [0.8476173953324669, 0.29833747621787404, 0.43879323309931917]], "fy": 749.3891561441001, "fx": 749.3891561441001}, {"id": 83, "img_name": "car_000066", "width": 960, "height": 720, "position": [1.7942088902253155, -0.7193029661386715, 1.8653028037487378], "rotation": [[0.3721318524999149, 0.2743789725231328, -0.8866984063322385], [-0.384399664861833, 0.9150913352954336, 0.1218390155957071], [0.8448400925672811, 0.2955063916472374, 0.4460058188931368]], "fy": 749.3891561441001, "fx": 749.3891561441001}, {"id": 84, "img_name": "car_000067", "width": 960, "height": 720, "position": [1.7788576413910113, -0.7020610097779006, 1.8163389822823857], "rotation": [[0.3756532545376702, 0.2737606272740231, -0.885403722213652], [-0.38361100861795916, 0.9156195422714789, 0.12034719721572051], [0.8436392750591739, 0.2944417986039022, 0.44897305132104603]], "fy": 749.3891561441001, "fx": 749.3891561441001}, {"id": 85, "img_name": "car_000068", "width": 960, "height": 720, "position": [1.754820903520388, -0.6779402099728601, 1.7336812857967758], "rotation": [[0.3808339943375232, 0.27264192553807703, -0.8835337283860856], [-0.3820637849849993, 0.9165524077546862, 0.1181479921201528], [0.8420170621548377, 0.2925714686670201, 0.4532209204815674]], "fy": 749.3891561441001, "fx": 749.3891561441001}, {"id": 86, "img_name": "car_000069", "width": 960, "height": 720, "position": [1.7425998536217933, -0.6615455344499919, 1.6715747573929656], "rotation": [[0.38415003304776035, 0.2715801860633283, -0.8824244753219463], [-0.38107715193718217, 0.9171887100025409, 0.11638330857696351], [0.8409571667932024, 0.2915631540193015, 0.45583107708609205]], "fy": 749.3891561441001, "fx": 749.3891561441001}, {"id": 87, "img_name": "car_000070", "width": 960, "height": 720, "position": [1.71926714739727, -0.6322497187962357, 1.5794890411429805], "rotation": [[0.388904318979263, 0.27049984251109055, -0.880672053536815], [-0.37974105617759457, 0.9180077127632776, 0.11427409837867937], [0.8393748631764001, 0.2899856453492317, 0.45973706024094796]], "fy": 749.3891561441001, "fx": 749.3891561441001}, {"id": 88, "img_name": "car_000071", "width": 960, "height": 720, "position": [1.7025061935790418, -0.6127648049011983, 1.5217465546256475], "rotation": [[0.39194823225654846, 0.2701306973314316, -0.8794350400059124], [-0.37891758188215124, 0.9184752923239363, 0.11324576606232428], [0.8383305132055909, 0.28884692096280684, 0.4623520378226489]], "fy": 749.3891561441001, "fx": 749.3891561441001}, {"id": 89, "img_name": "car_000072", "width": 960, "height": 720, "position": [1.6839638433910291, -0.5860188799201494, 1.438214001857033], "rotation": [[0.3964916911207084, 0.2692348721743614, -0.8776713066276551], [-0.37778381972967556, 0.9191795949311677, 0.11130255079121233], [0.8367040841436693, 0.2874394820956747, 0.4661596504523676]], "fy": 749.3891561441001, "fx": 749.3891561441001}, {"id": 90, "img_name": "car_000074", "width": 960, "height": 720, "position": [1.6528152997367087, -0.533050615653976, 1.305088457784673], "rotation": [[0.4043838614988648, 0.2684243080148967, -0.8743123488925401], [-0.3764908674008866, 0.920063933981331, 0.10833736267107985], [0.8335036408576719, 0.2853607335523248, 0.47311830700521845]], "fy": 749.3891561441001, "fx": 749.3891561441001}, {"id": 91, "img_name": "car_000075", "width": 960, "height": 720, "position": [1.6240414805197232, -0.4993566001191875, 1.2338868203226265], "rotation": [[0.4097261884453955, 0.2682198743993528, -0.8718844817286311], [-0.37607094919437634, 0.9204576355314281, 0.10643487381461872], [0.8310806769947482, 0.28428126946580273, 0.4780053013899141]], "fy": 749.3891561441001, "fx": 749.3891561441001}, {"id": 92, "img_name": "car_000076", "width": 960, "height": 720, "position": [1.601688284628739, -0.4814574352160772, 1.190676968846696], "rotation": [[0.4136519898379207, 0.2682760138776772, -0.8700115008900933], [-0.3757295215788437, 0.9207306505401179, 0.105272958399127], [0.8292884648403483, 0.28334263627960304, 0.4816612840460219]], "fy": 749.3891561441001, "fx": 749.3891561441001}, {"id": 93, "img_name": "car_000077", "width": 960, "height": 720, "position": [1.5652096711080106, -0.45725119964697997, 1.1313812796250287], "rotation": [[0.41999939572856226, 0.2679588657386684, -0.8670631775480311], [-0.37526220639907293, 0.9211881107679541, 0.10291132604464359], [0.8263042926405151, 0.2821533463416901, 0.4874532850561623]], "fy": 749.3891561441001, "fx": 749.3891561441001}, {"id": 94, "img_name": "car_000078", "width": 960, "height": 720, "position": [1.5398849540566122, -0.44274152847428355, 1.0955428312107318], "rotation": [[0.42457279469615783, 0.26746149934555485, -0.8649868717915445], [-0.3746458367967995, 0.9216408704497099, 0.10108710544637733], [0.824244162232721, 0.2811448955334755, 0.49150697730627496]], "fy": 749.3891561441001, "fx": 749.3891561441001}, {"id": 95, "img_name": "car_000079", "width": 960, "height": 720, "position": [1.4957014490496403, -0.4193236843897703, 1.0507483510060824], "rotation": [[0.43149151105830974, 0.2670154021547762, -0.8616947550593189], [-0.37393891828897624, 0.9222060757028505, 0.09851720319628796], [0.8209657491476041, 0.27971186772976114, 0.49777154376043]], "fy": 749.3891561441001, "fx": 749.3891561441001}, {"id": 96, "img_name": "car_000080", "width": 960, "height": 720, "position": [1.4600953951695257, -0.40155817567554425, 1.0260485008452105], "rotation": [[0.43598136145904176, 0.2667302578071493, -0.8595203441632152], [-0.3732143062630097, 0.9226587324706959, 0.09701517920505803], [0.8189208350389802, 0.2784884790538037, 0.5018095584714967]], "fy": 749.3891561441001, "fx": 749.3891561441001}, {"id": 97, "img_name": "car_000082", "width": 960, "height": 720, "position": [1.3428321857431735, -0.3548815647193528, 0.9407551553688596], "rotation": [[0.44970005905131794, 0.26528483879612014, -0.8528738542094942], [-0.37037508609938885, 0.9242941130800844, 0.09221002181092], [0.8127682034172544, 0.27441637493126503, 0.5139100122428751]], "fy": 749.3891561441001, "fx": 749.3891561441001}, {"id": 98, "img_name": "car_000083", "width": 960, "height": 720, "position": [1.296048043604041, -0.34265204383515846, 0.9084262766823583], "rotation": [[0.45433001010315266, 0.2651494864300559, -0.850458694920304], [-0.3693408257147366, 0.9248251340903775, 0.09102651160553141], [0.8106612093717238, 0.2727530406807466, 0.5181063427708458]], "fy": 749.3891561441001, "fx": 749.3891561441001}, {"id": 99, "img_name": "car_000084", "width": 960, "height": 720, "position": [1.2234643719820864, -0.33343356687484205, 0.8558769966658494], "rotation": [[0.46175528984768044, 0.26502275057931696, -0.8464898073651314], [-0.36805748374665576, 0.9255340171308869, 0.08899703248784864], [0.8070413502143274, 0.27046205798399175, 0.5249138350580018]], "fy": 749.3891561441001, "fx": 749.3891561441001}, {"id": 100, "img_name": "car_000085", "width": 960, "height": 720, "position": [1.1868161208905488, -0.32968715032521323, 0.8213352803704294], "rotation": [[0.46649277324263444, 0.2646789768560517, -0.8439961680735465], [-0.3669795966898057, 0.9260961756133385, 0.08758909251577075], [0.8048046148760479, 0.26886969469388394, 0.5291489574301682]], "fy": 749.3891561441001, "fx": 