[{"id": 0, "img_name": "car_000001", "width": 960, "height": 720, "position": [5.2002206491840965, -0.6037430060636848, 2.2893732292860096], "rotation": [[0.6822669978103089, 0.25801694573575784, -0.6840606693942424], [-0.3106330343263131, 0.9493047990107765, 0.048244342262451924], [0.6618299341100669, 0.17957631884048636, 0.7278279219895073]], "fy": 714.753286635859, "fx": 753.3623502699911}, {"id": 1, "img_name": "car_000009", "width": 960, "height": 720, "position": [5.044546649601985, -0.5289238711414518, 2.082876422337029], "rotation": [[0.6876927388638036, 0.2563677222607503, -0.6792306588316189], [-0.3091453150990451, 0.9499237843946137, 0.04554094853785389], [0.6568925871604218, 0.1786627964189806, 0.7325105692817253]], "fy": 713.8603171533708, "fx": 752.9361399894656}, {"id": 2, "img_name": "car_000017", "width": 960, "height": 720, "position": [4.826728916774658, -0.40691712074810266, 1.778919826611907], "rotation": [[0.6904556117095851, 0.253671324624261, -0.6774377516215903], [-0.30557101497029465, 0.9511189991719698, 0.04471022505126084], [0.6556656183366386, 0.1761349155547622, 0.7342200545161855]], "fy": 714.6770545931531, "fx": 752.9820008145987}, {"id": 3, "img_name": "car_000025", "width": 960, "height": 720, "position": [4.522822085993061, -0.379404632951783, 1.728553191992671], "rotation": [[0.690002682876069, 0.2531309087918995, -0.6781010548863748], [-0.29985150633677, 0.9526481459221582, 0.0505033089870808], [0.6587756611862623, 0.16848220406102732, 0.7332314608248484]], "fy": 714.3233730588591, "fx": 752.2718058008412}, {"id": 4, "img_name": "car_000033", "width": 960, "height": 720, "position": [4.178352580843209, -0.4174573040336141, 1.7207046776171202], "rotation": [[0.6956476522766915, 0.25512934648263047, -0.671552946866644], [-0.2904016452229572, 0.9548971907815647, 0.06195352685098607], [0.6570701852418259, 0.1519222551202492, 0.7383619708960171]], "fy": 714.8800523118176, "fx": 752.3057707092788}, {"id": 5, "img_name": "car_000041", "width": 960, "height": 720, "position": [3.874393569166939, -0.3656162247427023, 1.5104724357127082], "rotation": [[0.7113996760271852, 0.2512082607042224, -0.6563573041433877], [-0.2826577659856554, 0.9573398253333447, 0.06004203659703782], [0.6434400424875767, 0.1428106038943922, 0.7520572073578606]], "fy": 713.1852766883821, "fx": 750.980508187019}, {"id": 6, "img_name": "car_000051", "width": 960, "height": 720, "position": [3.4038645128957925, -0.24403822699603134, 1.0686668182918644], "rotation": [[0.7398826690727266, 0.2394174116284864, -0.6286914497708188], [-0.2720808085005779, 0.9611821964035738, 0.045834691691701235], [0.6152606517984796, 0.13714258392606343, 0.7763029318652563]], "fy": 711.4353830162314, "fx": 749.3033255439907}, {"id": 7, "img_name": "car_000067", "width": 960, "height": 720, "position": [2.601902736957975, -0.20446348467617156, 0.7338617024947771], "rotation": [[0.7891977035022861, 0.20693643930161207, -0.5782251247359352], [-0.23947926310295806, 0.970684306837741, 0.020534337159949113], [0.5655233570157664, 0.12226727504980431, 0.8156188117751535]], "fy": 713.4875109920481, "fx": 749.171725366883}, {"id": 8, "img_name": "car_000075", "width": 960, "height": 720, "position": [2.17419262405949, -0.09344968726974312, 0.31834403639791087], "rotation": [[0.811370152171764, 0.1960844857786872, -0.5506626468189724], [-0.2269100677469401, 0.9738363582524897, 0.012432558087854774], [0.5386931383634357, 0.11486349194777537, 0.8346352981378847]], "fy": 712.1533728283054, "fx": 747.4197831435373}, {"id": 9, "img_name": "car_000083", "width": 960, "height": 720, "position": [1.7277290737201336, -0.02958870684749669, 0.19181260545232195], "rotation": [[0.8392988081702011, 0.1870107759960733, -0.5104943489064561], [-0.21454204525792342, 0.9767015886881835, 0.005071239545252702], [0.49954901803589524, 0.10526621640072686, 0.8598661536914033]], "fy": 711.5164047485538, "fx": 746.5958244762475}, {"id": 10, "img_name": "car_000091", "width": 960, "height": 720, "position": [1.3030401571375656, -0.032732118787183434, 0.08037341040884755], "rotation": [[0.8712718316765855, 0.17723158862214994, -0.4576836891581308], [-0.20009008321106167, 0.9797763597395669, -0.0014978304553797115], [0.44816219600443524, 0.09288298493239576, 0.8891138268987444]], "fy": 715.4623348425117, "fx": 748.3581361647891}, {"id": 11, "img_name": "car_000099", "width": 960, "height": 720, "position": [0.7980261950634011, 0.03660889781775764, -0.20401572516046243], "rotation": [[0.8940207194328753, 0.1676921123835039, -0.415459154032117], [-0.18706911522379824, 0.9823281025308012, -0.00605352026685134], [0.4071020748585166, 0.08313154890048775, 0.90959169203731]], "fy": 717.5654932853739, "fx": 748.5918971539098}, {"id": 12, "img_name": "car_000107", "width": 960, "height": 720, "position": [0.32959390577214254, 0.10701769822142139, -0.3550723253946181], "rotation": [[0.9030847516913659, 0.16391950703494398, -0.3969487705938449], [-0.1837699838863349, 0.9828935089798415, -0.012204221716690816], [0.38815786000667335, 0.08396871571433544, 0.9177596256625832]], "fy": 718.1116071308925, "fx": 747.5207131524954}, {"id": 13, "img_name": "car_000125", "width": 960, "height": 720, "position": [-0.89546590094421, 0.1759941751831407, -0.7400519491278069], "rotation": [[0.923599577390351, 0.15543561849579357, -0.3504334304075381], [-0.17202636814132743, 0.9849539399082485, -0.016512568647032787], [0.342594146634862, 0.07553479173234405, 0.936442067577852]], "fy": 720.7533272797812, "fx": 746.9678310141995}, {"id": 14, "img_name": "car_000133", "width": 960, "height": 720, "position": [-1.4299067170856579, 0.2887955579995342, -0.9003674399138778], "rotation": [[0.9424774934744993, 0.1402267218744914, -0.30343473889184086], [-0.15167027291606347, 0.9883268922500356, -0.01435556926608611], [0.2978796780708486, 0.05955183059924037, 0.952744077318084]], "fy": 722.5571664892916, "fx": 745.9297648620279}, {"id": 15, "img_name": "car_000141", "width": 960, "height": 720, "position": [-1.8949409364696288, 0.28075017660301615, -0.9406394775623388], "rotation": [[0.9653003147030891, 0.11680536261965019, -0.23356328841966778], [-0.12167322775156973, 0.9925489846433391, -0.006491435279742369], [0.23106477031912837, 0.03468458370470186, 0.9723199327230724]], "fy": 725.5740407515545, "fx": 746.7772625566363}, {"id": 16, "img_name": "car_000149", "width": 960, "height": 720, "position": [-2.444597507144179, 0.3252091837653525, -1.1319728222930567], "rotation": [[0.9860224410356629, 0.08333837638074494, -0.1442721760988373], [-0.08479937188201768, 0.9963900320886375, -0.003996308649130206], [0.14341831229828322, 0.016174639922580548, 0.9895299736343953]], "fy": 728.3654282909986, "fx": 747.8297153982413}, {"id": 17, "img_name": "car_000157", "width": 960, "height": 720, "position": [-2.995799003893214, 0.3702649682031336, -1.1413838119956428], "rotation": [[0.998409454089812, 0.040471856767585294, -0.039250360429780085], [-0.040577370126394945, 0.9991746024057747, -0.001894977806682855], [0.03914127000633904, 0.0034846401602361314, 0.999227610840115]], "fy": 729.1419116605855, "fx": 747.0528381218577}, {"id": 18, "img_name": "car_000165", "width": 960, "height": 720, "position": [-3.4537598240718648, 0.290908389422114, -1.0193144362588313], "rotation": [[0.996818699531302, -0.007205620613203309, 0.07937606248928393], [0.006988951763428223, 0.9999710554384108, 0.0030071312972772806], [-0.07939543323121678, -0.002442809237163345, 0.9968402067859513]], "fy": 730.7107423413561, "fx": 747.6725814857728}, {"id": 19, "img_name": "car_000173", "width": 960, "height": 720, "position": [-3.998068453628756, 0.24997804351231692, -0.9974652906429224], "rotation": [[0.9758928757832007, -0.06270621863207768, 0.20904790154522154], [0.06083459339414429, 0.998029402984166, 0.01537735431206184], [-0.2096002081157452, -0.0022893064311325733, 0.9777844915081751]], "fy": 733.4208384108333, "fx": 749.5073852407127}, {"id": 20, "img_name": "car_000181", "width": 960, "height": 720, "position": [-4.411314376319362, 0.21922173068436016, -0.8576837982434123], "rotation": [[0.9488465867751058, -0.10620330013283052, 0.29733989608884903], [0.10096752535561786, 0.9943436499806569, 0.0329585279815077], [-0.2991583420010117, -0.0012509132827977572, 0.9542026627646585]], "fy": 733.8665694848788, "fx": 749.2499431428186}, {"id": 21, "img_name": "car_000189", "width": 960, "height": 720, "position": [-4.710729996280649, 0.13061048527157215, -0.6301097596915161], "rotation": [[0.9209804191110247, -0.14544408136133719, 0.3614430616446219], [0.13407816846914647, 0.9893600955333413, 0.05647695199120783], [-0.36581158039903605, -0.0035525432037840834, 0.9306821514796255]], "fy": 733.9795297200188, "fx": 748.5372715071184}, {"id": 22, "img_name": "car_000197", "width": 960, "height": 720, "position": [-5.161229658005665, 0.09707591701942633, -0.6296357178767753], "rotation": [[0.8886063063721661, -0.17778408090608597, 0.4228139695563457], [0.15938190958290555, 0.9840659645586114, 0.07881360475854535], [-0.43008864106521427, -0.002645368350147897, 0.9027827883012444]], "fy": 735.7905206501579, "fx": 749.9802855696508}, {"id": 23, "img_name": "car_000205", "width": 960, "height": 720, "position": [-5.5058199193175765, 0.0816996277818805, -0.6399828115949252], "rotation": [[0.8666384472370396, -0.19395217966143807, 0.4596959362177895], [0.17091384091236128, 0.9810105791077557, 0.09168807263352208], [-0.4687496781387234, -0.0008920107864862068, 0.883330596980315]], "fy": 736.7590860606504, "fx": 751.2636763372368}, {"id": 24, "img_name": "car_000002", "width": 960, "height": 720, "position": [5.1955876040189795, -0.6006776062889203, 2.2784237292267537], "rotation": [[0.6825270043889171, 0.2577983258702556, -0.6838836973187652], [-0.3103907853279386, 0.9493908777478072, 0.04810947549863881], [0.6616754859169236, 0.17943518168893793, 0.7280031366064719]], "fy": 714.8760677976057, "fx": 753.4137297557228}, {"id": 25, "img_name": "car_000003", "width": 960, "height": 720, "position": [5.19076211347986, -0.5975605973926822, 2.2692442818595273], "rotation": [[0.6826519662930307, 0.25757717935897156, -0.683842298771972], [-0.3102534581942426, 0.9494460270099643, 0.04790650763213495], [0.6616109767792339, 0.17946096642019582, 0.7280554078754975]], "fy": 714.6799726227468, "fx": 753.3046431748171}, {"id": 26, "img_name": "car_000004", "width": 960, "height": 720, "position": [5.177934439454952, -0.5887627137371468, 2.244725652770573], "rotation": [[0.6833029690638178, 0.25715766786223554, -0.683349827195579], [-0.3099019322795242, 0.9495829644261644, 0.04746563010258039], [0.6611035053892761, 0.1793380258932107, 0.7285465171358227]], "fy": 714.7940517781667, "fx": 753.4383627676141}, {"id": 27, "img_name": "car_000005", "width": 960, "height": 720, "position": [5.161567846923127, -0.5797984675308347, 2.2209692943903887], "rotation": [[0.6841140010258296, 0.2570477775837068, -0.6825792801130929], [-0.30979928938428086, 0.9496336652361088, 0.04712008220736408], [0.6603123759989855, 0.17922706795992438, 0.7292909050667389]], "fy": 714.8306916693801, "fx": 753.4988880583662}, {"id": 28, "img_name": "car_000006", "width": 960, "height": 720, "position": [5.12910365753078, -0.5669533369506877, 2.1851925664712537], "rotation": [[0.6854711184144157, 0.2573240844554733, -0.6811120769585888], [-0.3099090560190453, 0.9496102145734496, 0.04687021842440273], [0.658851821593501, 0.1789546197697043, 0.7306774399459767]], "fy": 714.2912595234162, "fx": 753.3135862366463}, {"id": 29, "img_name": "car_000007", "width": 960, "height": 720, "position": [5.107087936960908, -0.5569104920215997, 2.1585868624157616], "rotation": [[0.6862952856901325, 0.25717764910615004, -0.6803370029917035], [-0.3097078226150673, 0.9496902874939964, 0.04657705927390164], [0.6580880225703345, 0.17874007564003247, 0.7314178969027643]], "fy": 714.0657612835646, "fx": 753.1514439410095}, {"id": 30, "img_name": "car_000008", "width": 960, "height": 720, "position": [5.069347326980562, -0.5396541432703201, 2.115028385631217], "rotation": [[0.6871738474415863, 0.2569412391532824, -0.6795390371529093], [-0.3094277143670395, 0.9497987779280774, 0.04622522069087617], [0.6573025125267036, 0.17850344833841766, 0.732181620881989]], "fy": 713.9229295559564, "fx": 753.01980584792}, {"id": 31, "img_name": "car_000010", "width": 960, "height": 720, "position": [5.008239758280679, -0.5154443488413366, 2.0346665070862686], "rotation": [[0.6881781130189013, 0.2561830838856492, -0.6788085976861095], [-0.3088907123965101, 0.9500142078761589, 0.045382073868555924], [0.6565039318670686, 0.1784467213603912, 0.7329115602027344]], "fy": 713.7463863094542, "fx": 752.8682084367135}, {"id": 32, "img_name": "car_000011", "width": 960, "height": 720, "position": [4.984685306090258, -0.503708743698718, 2.003064440281099], "rotation": [[0.6885803041817607, 0.25573446366582087, -0.6785698554950028], [-0.3086069156301838, 0.9501284917180806, 0.04491793462248235], [0.6562156172464799, 0.17848174505836698, 0.7331611898912418]], "fy": 714.0683899112059, "fx": 752.9557539098065}, {"id": 33, "img_name": "car_000012", "width": 960, "height": 720, "position": [4.954810351950654, -0.48585424519601983, 1.9531494739861315], "rotation": [[0.6890932120449246, 0.2549902418948546, -0.6783292133263995], [-0.30796213975462194, 0.9503619746661621, 0.044400873711985575], [0.6559800801787835, 0.17830337531027424, 0.7334153262385509]], "fy": 714.6828397746585, "fx": 753.3081026920509}, {"id": 34, "img_name": "car_000013", "width": 960, "height": 720, "position": [4.923976128289987, -0.4662466483403249, 1.9053424141241828], "rotation": [[0.6896500680456261, 0.25471898799991327, -0.6778650461537039], [-0.30746817098692253, 0.9505237478904469, 0.04436134044699747], [0.6556264999789284, 0.1778281244589782, 0.7338467487676036]], "fy": 714.6489329332047, "fx": 753.255902607575}, {"id": 35, "img_name": "car_000014", "width": 960, "height": 720, "position": [4.904641156034223, -0.4514076415692301, 1.8755929275724805], "rotation": [[0.6898692514709192, 0.2542107181325884, -0.6778328161585772], [-0.30694748523478504, 0.9507019467492214, 0.04414804361783266], [0.6556398837647045, 0.17760270052494795, 0.7338893810263576]], "fy": 714.7304273880627, "fx": 753.0087716726977}, {"id": 36, "img_name": "car_000015", "width": 960, "height": 720, "position": [4.878094365471281, -0.43067859747688714, 1.8286770289423846], "rotation": [[0.6902980554521062, 0.253596699006734, -0.6776262309650716], [-0.3062688431294555, 0.9509330280733582, 0.04388361707264684], [0.6555059041436512, 0.1772430263003928, 0.7340959877704637]], "fy": 715.1525756820544, "fx": 753.450390163326}, {"id": 37, "img_name": "car_000016", "width": 960, "height": 720, "position": [4.857751423805283, -0.41899336280718114, 1.8068395509871793], "rotation": [[0.6903735652874101, 0.25362226570327606, -0.6775397307109648], [-0.3060349984152965, 0.9509958535155234, 0.04415276142248012], [0.6555355978871774, 0.1768689710939085, 0.7341596876476415]], "fy": 714.7852179708274, "fx": 753.0899505719174}, {"id": 38, "img_name": "car_000018", "width": 960, "height": 720, "position": [4.803296437094594, -0.401021894867795, 1.7629361118605518], "rotation": [[0.6904784770239172, 0.2534654716857288, -0.6774914962048327], [-0.30512163047711494, 0.9512535775267884, 0.044915719491881896], [0.6558507935359374, 0.17570397236721064, 0.7341579194646499]], "fy": 714.7562028988581, "fx": 753.2146978908338}, {"id": 39, "img_name": "car_000019", "width": 960, "height": 720, "position": [4.763436383572631, -0.3943032073220875, 1.7436410531856854], "rotation": [[0.6903043136962592, 0.253289261049235, -0.6777348336403177], [-0.3044485206436136, 0.9514420929238481, 0.04548672433361861], [0.6563467473601524, 0.1749356854670308, 0.7338981217988831]], "fy": 714.8584891954123, "fx": 753.2728376841374}, {"id": 40, "img_name": "car_000020", "width": 960, "height": 720, "position": [4.733501655591085, -0.3886963882284658, 1.7378604509089568], "rotation": [[0.690251252368826, 0.25338009142397416, -0.6777549246396116], [-0.30409661103772334, 0.9515286245419476, 0.046027468241046816], [0.6565656553297916, 0.17433245810028455, 0.7338458518613249]], "fy": 714.7336701138216, "fx": 753.0410757630838}, {"id": 41, "img_name": "car_000021", "width": 960, "height": 720, "position": [4.687952560664612, -0.3813529291865881, 1.7306320540706612], "rotation": [[0.6900437754384385, 0.25329397772573536, -0.677998339840549], [-0.30325022348711395, 0.9517546788987966, 0.04692902246226843], [0.6571749309991073, 0.17322006824303968, 0.7335638472717936]], "fy": 714.632383976992, "fx": 752.8941085825326}, {"id": 42, "img_name": "car_000022", "width": 960, "height": 720, "position": [4.63909473196013, -0.3782733523437259, 1.7289316100734216], "rotation": [[0.6898251904400758, 0.2533665850434316, -0.6781936155831477], [-0.3023402709027367, 0.9519843486631991, 0.04812650507531092], [0.6578233556394699, 0.17184636593112382, 0.7333057065722954]], "fy": 714.0635989914323, "fx": 752.1937116421334}, {"id": 43, "img_name": "car_000023", "width": 960, "height": 720, "position": [4.606102641591868, -0.37851318323367306, 1.7307591269283509], "rotation": [[0.6897195110205637, 0.2534141704152621, -0.6782833142207607], [-0.3016600169324628, 0.9521560910599018, 0.048989921839438816], [0.6582463295012444, 0.17082165111680825, 0.7331655564794808]], "fy": 713.5796026292447, "fx": 751.5764064292874}, {"id": 44, "img_name": "car_000024", "width": 960, "height": 720, "position": [4.56198227367335, -0.37712072841589483, 1.7241147537880837], "rotation": [[0.6898834695833429, 0.2531729961260424, -0.6782066295961813], [-0.3006494480403261, 0.9524379850585044, 0.04971714000969279], [0.6585367930409781, 0.16960341579773414, 0.7331875432391393]], "fy": 714.6184655681127, "fx": 752.593194954259}, {"id": 45, "img_name": "car_000026", "width": 960, "height": 720, "position": [4.466550774281565, -0.38660306522569604, 1.7309186613548562], "rotation": [[0.690258573685343, 0.25313162141360945, -0.6778403084019071], [-0.2986707694029674, 0.9529533570197498, 0.051726887099735476], [0.6590439082171347, 0.16674615913209623, 0.7333872411329355]], "fy": 714.5849416636337, "fx": 752.563807393628}, {"id": 46, "img_name": "car_000027", "width": 960, "height": 720, "position": [4.43125091126188, -0.3913257661189263, 1.7319735635941247], "rotation": [[0.6906357671531903, 0.25308133154692775, -0.6774747794207239], [-0.29780267606682764, 0.9531833550243022, 0.052488644791526186], [0.6590415793075278, 0.16550326681684832, 0.7336708154320919]], "fy": 714.8115757471597, "fx": 752.5889485815883}, {"id": 47, "img_name": "car_000028", "width": 960, "height": 720, "position": [4.377572227962406, -0.3967369583540257, 1.7366061652551594], "rotation": [[0.691689924410196, 0.2533541768471965, -0.6762963178544569], [-0.2965699457014896, 0.9534902307948655, 0.05387622003602072], [0.6584916975756283, 0.1633035236999914, 0.7346568201351795]], "fy": 714.8476516333214, "fx": 752.5126579848916}, {"id": 48, "img_name": "car_000029", "width": 960, "height": 720, "position": [4.3453727699957545, -0.400082943318136, 1.7383726173474532], "rotation": [[0.6924102485673086, 0.25358892141411277, -0.6754707296508004], [-0.29571556218476774, 0.9536965708401308, 0.054910445723214615], [0.6581187992761676, 0.16172665118588908, 0.7353394701330079]], "fy": 714.9427268696925, "fx": 752.666010605419}, {"id": 49, "img_name": "car_000030", "width": 960, "height": 720, "position": [4.297702866282989, -0.4088621964473534, 1.7383030513698747], "rotation": [[0.6932758221061707, 0.2538234468127074, -0.674494101035087], [-0.2942932528074454, 0.954041617230009, 0.05653383009457361], [0.657845054579744, 0.15930552545742332, 0.7361125143099444]], "fy": 715.0552502986354, "fx": 752.7162517926447}, {"id": 50, "img_name": "car_000031", "width": 960, "height": 720, "position": [4.268393900219309, -0.4149728632163473, 1.7340393341652909], "rotation": [[0.6938274638760231, 0.25335496251029294, -0.6741028952191007], [-0.293079907538496, 0.9543848977779003, 0.05704064069322529], [0.6578051521298631, 0.15798965113220256, 0.7364317021737536]], "fy": 715.3831703912521, "fx": 753.0676192416117}, {"id": 51, "img_name": "car_000032", "width": 960, "height": 720, "position": [4.221057281130229, -0.41747377296989013, 1.729576146786505], "rotation": [[0.694623366529256, 0.25348248322791567, -0.6732347357112317], [-0.2917516734125037, 0.954707127172026, 0.05844024630287775], [0.6575555791965925, 0.15582340011547272, 0.7371158173882086]], "fy": 715.0007714951879, "fx": 752.6435284336815}, {"id": 52, "img_name": "car_000034", "width": 960, "height": 720, "position": [4.152410752790311, -0.4178041312262314, 1.7123336241870286], "rotation": [[0.6964254943091637, 0.25545056013954237, -0.6706239946502295], [-0.2896025312760734, 0.9550677855145355, 0.06305472980556068], [0.6565987395317843, 0.15030148501181007, 0.7391126834580208]], "fy": 715.2057492278775, "fx": 752.5207851442576}, {"id": 53, "img_name": "car_000035", "width": 960, "height": 720, "position": [4.116580812487076, -0.41449584109239035, 1.6959878646228745], "rotation": [[0.6979021151132446, 0.2549900436259007, -0.6692628148732908], [-0.28840563050603474, 0.9554158300280743, 0.0632675590186807], [0.6555568854133681, 0.14886460084058573, 0.7403272928939586]], "fy": 715.3841812811154, "fx": 752.6399683899709}, {"id": 54, "img_name": "car_000036", "width": 960, "height": 720, "position": [4.091922784688698, -0.4103184881937357, 1.6813080540563958], "rotation": [[0.6990719899131255, 0.2547698463551377, -0.6681247475637184], [-0.2876954911367693, 0.9556226329775057, 0.06337734390704892], [0.6546217665938675, 0.14791115147046482, 0.7413451517155859]], "fy": 715.2008153921993, "fx": 752.5654830351543}, {"id": 55, "img_name": "car_000037", "width": 960, "height": 720, "position": [4.048608518344467, -0.4009045804129942, 1.6542548273530375], "rotation": [[0.7010014930535055, 0.25466972019680933, -0.6661383042219047], [-0.2867757845760243, 0.9558805297350379, 0.06365581084448635], [0.6529598426531004, 0.14640951638586266, 0.7431067873422338]], "fy": 714.4578195057967, "fx": 752.1612547070376}, {"id": 56, "img_name": "car_000038", "width": 960, "height": 720, "position": [4.018547673484691, -0.3907272070918441, 1.6318437555825216], "rotation": [[0.7024517785395005, 0.2540191082152666, -0.6648577227408984], [-0.2860496415704759, 0.9561360914240005, 0.0630823052356009], [0.651718575294655, 0.1458700357782773, 0.7443015728036245]], "fy": 714.4641050790268, "fx": 751.9577485780839}, {"id": 57, "img_name": "car_000039", "width": 960, "height": 720, "position": [3.9687033283826927, -0.3807665227482641, 1.5936056869075599], "rotation": [[0.7053621702632794, 0.25349365309484584, -0.6619706765424781], [-0.28495510207040864, 0.9564917178103565, 0.06264330422508231], [0.6490491495761467, 0.1444457046811124, 0.746907383705408]], "fy": 714.2531834633111, "fx": 751.690250008815}, {"id": 58, "img_name": "car_000040", "width": 960, "height": 720, "position": [3.9322369675187367, -0.3740454764573868, 1.56292017622824], "rotation": [[0.7077197546531625, 0.2526501836365189, -0.6597731682799025], [-0.284120102699181, 0.9568060845199847, 0.06162697354034801], [0.6468450479951704, 0.14384019373585794, 0.7489335635089115]], "fy": 714.0180032612608, "fx": 751.5309242002331}, {"id": 59, "img_name": "car_000042", "width": 960, "height": 720, "position": [3.8133100713072148, -0.35378600080086237, 1.4516728909508205], "rotation": [[0.7148728914120106, 0.24997748813828455, -0.6530451780300546], [-0.2814212454614589, 0.957795382606547, 0.05856695024072201], [0.6401240752597525, 0.1419128622840498, 0.7550509305942184]], "fy": 712.9800291077274, "fx": 751.0685150660307}, {"id": 60, "img_name": "car_000043", "width": 960, "height": 720, "position": [3.770049551040029, -0.34388664495332766, 1.4089948758049327], "rotation": [[0.7169109437981511, 0.249298192678726, -0.6510676691324528], [-0.28073522965045694, 0.9580482771148283, 0.05771680474883074], [0.6381429538085878, 0.14139982264638903, 0.7568220799236901]], "fy": 713.3775660441769, "fx": 751.055096790289}, {"id": 61, "img_name": "car_000044", "width": 960, "height": 720, "position": [3.7045120373985276, -0.3321099481557679, 1.3437650272881434], "rotation": [[0.7198138613583449, 0.24829014501424937, -0.6482437881578135], [-0.27949707785177824, 0.9584675583850544, 0.056756700007218885], [0.6354127701492205, 0.14032798513552258, 0.759314604178728]], "fy": 712.7677213900039, "fx": 750.2442392690131}, {"id": 62, "img_name": "car_000045", "width": 960, "height": 720, "position": [3.667104017250188, -0.3233094776989841, 1.2949832869747737], "rotation": [[0.7219893649371055, 0.24741946962052058, -0.6461539777563975], [-0.2787414366308332, 0.9587518317391281, 0.05566090766279402], [0.6332729020119952, 0.13992330466926212, 0.7611746845420825]], "fy": 712.9784587991501, "fx": 750.6204006171386}, {"id": 63, "img_name": "car_000048", "width": 960, "height": 720, "position": [3.5238400445831206, -0.27723502625933455, 1.1521355931614967], "rotation": [[0.7309783380048016, 0.24396856572685063, -0.6372989944326927], [-0.2756940367484543, 0.9598788823324067, 0.051237967891315496], [0.6242303000248224, 0.13824568777894258, 0.7689113488182153]], "fy": 711.4422716130132, "fx": 749.3664205804608}, {"id": 64, "img_name": "car_000049", "width": 960, "height": 720, "position": [3.490358168263095, -0.26688472735910423, 1.1244080695223748], "rotation": [[0.7335894033780693, 0.242900965439384, -0.6347012748057336], [-0.27488595174333963, 0.9601887827731731, 0.049751532345553365], [0.6215177397191223, 0.13797326706716587, 0.7711543793490677]], "fy": 711.5262867994857, "fx": 749.4370003419908}, {"id": 65, "img_name": "car_000050", "width": 960, "height": 720, "position": [3.438211879488225, -0.25200560595647686, 1.087938145772408], "rotation": [[0.737493656247852, 0.24089212180244823, -0.6309311314618177], [-0.2734584154933482, 0.96072680146157, 0.047164689644775146], [0.6175140500345253, 0.13774976808305353, 0.7744038993981258]], "fy": 711.6373860843865, "fx": 749.5181838361977}, {"id": 66, "img_name": "car_000052", "width": 960, "height": 720, "position": [3.35102434225504, -0.2321023313016782, 1.0454007222543102], "rotation": [[0.743430688593162, 0.23702217021146432, -0.6254049105069006], [-0.2699322956025648, 0.9618883921172428, 0.04367238144222366], [0.6119210464174495, 0.13634959456614876, 0.7790772882153738]], "fy": 711.7896085971547, "fx": 749.3035595369728}, {"id": 67, "img_name": "car_000061", "width": 960, "height": 720, "position": [2.862322382296573, -0.23582313785459744, 0.8975497181313066], "rotation": [[0.7718558661749972, 0.21728118661217424, -0.5975177050060112], [-0.25040744451470076, 0.967722918461663, 0.02843351571049052], [0.5844096453540634, 0.127676305665723, 0.8013514381272993]], "fy": 713.411530653136, "fx": 749.300316279464}, {"id": 68, "img_name": "car_000062", "width": 960, "height": 720, "position": [2.809176122332054, -0.2389063911826833, 0.8747209562488387], "rotation": [[0.7753616423519267, 0.21460796428799098, -0.5939341253316627], [-0.24785404555238152, 0.9684386111606479, 0.026363393494637784], [0.5808465336667172, 0.12676781167709533, 0.8040816042230785]], "fy": 713.7931078544368, "fx": 749.6547080167975}, {"id": 69, "img_name": "car_000063", "width": 960, "height": 720, "position": [2.776780241959511, -0.23853038546603242, 0.8589920469350576], "rotation": [[0.7776668884985842, 0.2130894695453136, -0.5914618233680239], [-0.24633504601160752, 0.9688578541020235, 0.02516949843125507], [0.5784057880410516, 0.1261242899433673, 0.8059400770819699]], "fy": 713.958539627346, "fx": 749.8581725482459}, {"id": 70, "img_name": "car_000064", "width": 960, "height": 720, "position": [2.728289814297165, -0.23151224708539878, 0.8314508024462659], "rotation": [[0.7811100254615375, 0.21091356299026828, -0.5876926042330516], [-0.24423837466556303, 0.9694353927314544, 0.02329454142786836], [0.5746431453208157, 0.12534148661301542, 0.8087488901194481]], "fy": 714.3232376920217, "fx": 750.1360264758008}, {"id": 71, "img_name": "car_000065", "width": 960, "height": 720, "position": [2.69361279593358, -0.22589893505571004, 0.8112315091455321], "rotation": [[0.7834034539045847, 0.20974978529306873, -0.5850504730191051], [-0.24283216472497507, 0.9698066505308655, 0.022529988040085245], [0.5721114997842202, 0.12441900238956817, 0.8106838740588314]], "fy": 714.0798125171743, "fx": 749.9579293590192}, {"id": 72, "img_name": "car_000066", "width": 960, "height": 720, "position": [2.6390799686687885, -0.21403272733142065, 0.7683077846003945], "rotation": [[0.7868958589868192, 0.20813208126182314, -0.5809267973325188], [-0.2407291139322393, 0.9703525484446324, 0.021573720875328023], [0.5681939816777318, 0.12286972156161773, 0.8136698536314195]], "fy": 713.2879275569782, "fx": 749.3448363859185}, {"id": 73, "img_name": "car_000068", "width": 960, "height": 720, "position": [2.5405716522543673, -0.19489627650780053, 0.6756074712024781], "rotation": [[0.7926225838946174, 0.2048873758576474, -0.5742565652340313], [-0.23708849699518794, 0.9712962750967447, 0.01930260541356648], [0.5617281229320665, 0.12084994496215626, 0.8184478032897767]], "fy": 713.0867595769766, "fx": 749.0113803451611}, {"id": 74, "img_name": "car_000069", "width": 960, "height": 720, "position": [2.500188859789505, -0.18465494134134322, 0.6284520426393527], "rotation": [[0.7948241618931544, 0.20316872799290878, -0.5718190444857427], [-0.23568435398407442, 0.9716696024069053, 0.017637149585906085], [0.5592025008509476, 0.12075036945761104, 0.8201901677768981]], "fy": 713.5793162518619, "fx": 749.0288854065285}, {"id": 75, "img_name": "car_000070", "width": 960, "height": 720, "position": [2.433964469433679, -0.17044224497597255, 0.5615008910689085], "rotation": [[0.7979754965491788, 0.2012935244007966, -0.5680810012149654], [-0.23357393046054006, 0.9722008800064341, 0.0163910928229313], [0.555588270139234, 0.11960922183937603, 0.8228093996392316]], "fy": 713.2476634903662, "fx": 748.757552998183}, {"id": 76, "img_name": "car_000071", "width": 960, "height": 720, "position": [2.3918458493815247, -0.15988206396035456, 0.5184350856596442], "rotation": [[0.7999532097734052, 0.20033819371569045, -0.565631921227896], [-0.2323547200766152, 0.972502214061265, 0.015834383601991967], [0.5532505275472804, 0.11876048073610904, 0.8245057925715161]], "fy": 713.4946271462882, "fx": 748.8481484412381}, {"id": 77, "img_name": "car_000072", "width": 960, "height": 720, "position": [2.3345209956061246, -0.14432812878278387, 0.45731616507846995], "rotation": [[0.802898317405637, 0.19852590671807788, -0.5620869650409641], [-0.23048550865195763, 0.9729689643030981, 0.014416130007910826], [0.5497551475053647, 0.11797821351724926, 0.82695248891737]], "fy": 713.5840484117728, "fx": 748.7365372995914}, {"id": 78, "img_name": "car_000073", "width": 960, "height": 720, "position": [2.2792017052691516, -0.12578590577014637, 0.3959618777192003], "rotation": [[0.8057576699500043, 0.19727286367018265, -0.5584245648036137], [-0.22908135153104378, 0.9733164685777163, 0.013296103794493561], [0.546146785852897, 0.11721121642048224, 0.8294487440751119]], "fy": 713.599769628245, "fx": 748.6008250002609}, {"id": 79, "img_name": "car_000074", "width": 960, "height": 720, "position": [2.2389976704697725, -0.11280043793233276, 0.3606483980599546], "rotation": [[0.8079651400726068, 0.19675507931575384, -0.5554095526644316], [-0.22813200152798085, 0.9735432619969582, 0.013011798459822973], [0.5432753650832054, 0.11619361335190989, 0.8314751481012147]], "fy": 713.0953896294716, "fx": 748.3448572755651}, {"id": 80, "img_name": "car_000076", "width": 960, "height": 720, "position": [2.1337395684759266, -0.08424849655747539, 0.29088318104949035], "rotation": [[0.8138471027631449, 0.19567290553877625, -0.5471425841241464], [-0.22610197179749061, 0.9740294279731443, 0.012023801046095602], [0.5352857103205, 0.11392448147927851, 0.836953057731648]], "fy": 712.1590908473494, "fx": 747.3639698753657}, {"id": 81, "img_name": "car_000077", "width": 960, "height": 720, "position": [2.0707685627659433, -0.07286406220038455, 0.26021915003583884], "rotation": [[0.8179215532084735, 0.19464089964960976, -0.5414048882127208], [-0.2247019282762031, 0.9743673657859687, 0.01082958541535481], [0.5296351349995526, 0.11279697103602976, 0.8406922546919908]], "fy": 711.7115398932098, "fx": 746.8187535066382}, {"id": 82, "img_name": "car_000078", "width": 960, "height": 720, "position": [2.0319548994205676, -0.06749351642470607, 0.24119953436153982], "rotation": [[0.8207567503398764, 0.19361695831762105, -0.5374670503606321], [-0.22343843766584828, 0.974667715806295, 0.009904965339894855], [0.5257695515574959, 0.11196123086485021, 0.8432265777584677]], "fy": 711.6046143949296, "fx": 746.8900627451084}, {"id": 83, "img_name": "car_000079", "width": 960, "height": 720, "position": [1.9716722490017282, -0.056614696565361326, 0.22107069180862896], "rotation": [[0.8251184986633595, 0.19247819739898336, -0.5311606223070017], [-0.22199312655087902, 0.9750114596770166, 0.008467895999522317], [0.5195175790362524, 0.11092698961267858, 0.8472288286217483]], "fy": 711.6093962047064, "fx": 747.2616048429761}, {"id": 84, "img_name": "car_000080", "width": 960, "height": 720, "position": [1.9273508940118182, -0.048438729587223624, 0.21902876861816817], "rotation": [[0.8278873863697833, 0.19149134709198296, -0.5271940245096741], [-0.2205600156265118, 0.9753413235749107, 0.00791088073315103], [0.5157089828543248, 0.10972860391000591, 0.8497081136998273]], "fy": 711.322237081383, "fx": 746.72718392534}, {"id": 85, "img_name": "car_000081", "width": 960, "height": 720, "position": [1.8571903652356219, -0.0398444423684919, 0.21307919640381523], "rotation": [[0.8321246579314917, 0.18993530317569288, -0.5210500304864741], [-0.21832133560299716, 0.9758514055185019, 0.007058949503099266], [0.5098081483096574, 0.1078824126311673, 0.8534969460765265]], "fy": 710.662791478307, "fx": 746.3382408679834}, {"id": 86, "img_name": "car_000082", "width": 960, "height": 720, "position": [1.7831945890750716, -0.02913986095127679, 0.2009569164640534], "rotation": [[0.8363739101918315, 0.1878638332246195, -0.514962001041415], [-0.2160507377732494, 0.976367798109711, 0.005291646438413426], [0.5037864240509669, 0.10683212522713806, 0.8571966728594975]], "fy": 711.5316130140335, "fx": 746.3174364023417}, {"id": 87, "img_name": "car_000084", "width": 960, "height": 720, "position": [1.6468235738583656, -0.03258316104621737, 0.175679341472378], "rotation": [[0.8437591266330657, 0.18500802169565747, -0.5038279151969107], [-0.21225454969837917, 0.9772085882504831, 0.00337360072270865], [0.49296910892645657, 0.10409326086619215, 0.8637974592961583]], "fy": 713.1970098496524, "fx": 747.4794599051296}, {"id": 88, "img_name": "car_000085", "width": 960, "height": 720, "position": [1.6009663231455529, -0.036292671144180964, 0.16141553007894643], "rotation": [[0.8466319948272006, 0.18362448080127264, -0.499496061431297], [-0.21062572184058975, 0.9775639128527941, 0.00236676721824343], [0.48872392066896575, 0.10320293764422543, 0.8663129244260164]], "fy": 713.8513684090684, "fx": 747.4463059361939}, {"id": 89, "img_name": "car_000086", "width": 960, "height": 720, "position": [1.5350527060886723, -0.04139629748184395, 0.1453539213113646], "rotation": [[0.8512771657374534, 0.18231763837071943, -0.49202384681327366], [-0.20862313185051856, 0.9779950453202055, 0.0014422849962663171], [0.4814598383571463, 0.1014197715835177, 0.8705805269939465]], "fy": 714.4317106579917, "fx": 747.8736690969099}, {"id": 90, "img_name": "car_000087", "width": 960, "height": 720, "position": [1.4959168794236595, -0.04202528766749118, 0.13580018910980418], "rotation": [[0.854503749626872, 0.1815996020345691, -0.48666716184113124], [-0.20721245531843221, 0.9782952047435498, 0.0012209572811877933], [0.4763258760916967, 0.09980018495304446, 0.8735866201177851]], "fy": 714.7799738769767, "fx": 748.1234637670643}, {"id": 91, "img_name": "car_000088", "width": 960, "height": 720, "position": [1.4387405704488156, -0.0415870581390709, 0.12048317692478369], "rotation": [[0.8595599963414017, 0.18061011290917078, -0.4780550175497649], [-0.20528104813768103, 0.978702847974986, 0.0006531777298467743], [0.46799177766822414, 0.09757418962301591, 0.8783296497069578]], "fy": 715.1671691301905, "fx": 748.1401661121653}, {"id": 92, "img_name": "car_000089", "width": 960, "height": 720, "position": [1.4023587290282984, -0.04109167623428549, 0.10921105464184909], "rotation": [[0.8629354228887585, 0.1795615186336123, -0.4723347509444868], [-0.20367865297437643, 0.9790377932016886, 7.619259236696862e-05], [0.46244725347475346, 0.09613875653844546, 0.8814192403419036]], "fy": 715.3971826999694, "fx": 748.1968003268925}, {"id": 93, "img_name": "car_000090", "width": 960, "height": 720, "position": [1.3448823671273797, -0.037073261182383244, 0.09266351277803311], "rotation": [[0.8679318208748602, 0.17783810840055164, -0.46375420376893967], [-0.20127897486658797, 0.979533368921055, -0.001073986416931637], [0.4540717218562559, 0.09427611771112529, 0.8859632526464137]], "fy": 715.3691459466421, "fx": 748.0547611696984}, {"id": 94, "img_name": "car_000092", "width": 960, "height": 720, "position": [1.2375055061327915, -0.02467602677396968, 0.05992540386996606], "rotation": [[0.8760987812413503, 0.17610849618693847, -0.44881702627930203], [-0.19795611876956204, 0.980209238128744, -0.0017956972901959007], [0.4396183578390598, 0.09041928476736617, 0.8936218732736156]], "fy": 715.2580668989824, "fx": 748.3839688814065}, {"id": 95, "img_name": "car_000093", "width": 960, "height": 720, "position": [1.1736872963864113, -0.015110376776659872, 0.023834673793692], "rotation": [[0.8799389649808885, 0.17432654336051726, -0.44194759212867785], [-0.195753101398429, 0.9806488167555181, -0.0029362372006859487], [0.43288351920725615, 0.08909632133806662, 0.8970360663444726]], "fy": 715.8142742469778, "fx": 748.4258873429205}, {"id": 96, "img_name": "car_000094", "width": 960, "height": 720, "position": [1.1260111033477158, -0.01156894324477527, -0.0035592516949717323], "rotation": [[0.8822175784708601, 0.1734567082536359, -0.43772698637258445], [-0.19437078829313134, 0.980923427442897, -0.0030374581456297308], [0.4288497882654467, 0.08776103836836009, 0.8991028079419998]], "fy": 715.928176560752, "fx": 748.5581157429576}, {"id": 97, "img_name": "car_000095", "width": 960, "height": 720, "position": [1.0519044740473433, -0.0009608629015317052, -0.04868083145365038], "rotation": [[0.8853175364548814, 0.17146725509518962, -0.4322173528163587], [-0.19204684849492984, 0.981377422494796, -0.004045071153409099], [0.42347475441710214, 0.08658715290152372, 0.9017603879766416]], "fy": 716.681336096095, "fx": 748.7272573144669}, {"id": 98, "img_name": "car_000096", "width": 960, "height": 720, "position": [0.997766167422906, 0.007106535823542355, -0.08143846667767693], "rotation": [[0.8872666443618101, 0.17087501136123376, -0.42843859804554396], [-0.19103433766762692, 0.9815746427473764, -0.004135522609218856], [0.4198378063429068, 0.08551579507704117, 0.9035614340804489]], "fy": 716.5753225047574, "fx": 748.7661583723382}, {"id": 99, "img_name": "car_000097", "width": 960, "height": 720, "position": [0.9162810087825256, 0.018815846863685804, -0.12297111814777774], "rotation": [[0.8899715541168896, 0.16963115460801018, -0.4232917483829815], [-0.18924877328758566, 0.9819193213270955, -0.004398660441530607], [0.41489219644615144, 0.08402212679341808, 0.9059827523397996]], "fy": 716.60628256482, "fx": 748.2627311034754}, {"id": 100, "img_name": "car_000098", "width": 960, "height": 720, "position": [0.8685985025122829, 0.026291409297042767, -0.15590554129660747], "rotation": [[0.8916678866944995, 0.16872561432689287, -0.4200714783316974], [-0.18834352179759234, 0.9820887821135976, 