[{"id": 0, "img_name": "chrome5_000001", "width": 1920, "height": 1080, "position": [-4.438078835582299, -0.3269194638021084, 0.4910211929085248], "rotation": [[0.8162897910294541, -0.4079187802933994, 0.408990520360846], [0.40023243688775245, 0.9099388042037616, 0.10874451281384218], [-0.4165152740584449, 0.0749242369876004, 0.9060360838221867]], "fy": 1686.8175381763217, "fx": 1686.8175381763217}, {"id": 1, "img_name": "chrome5_000009", "width": 1920, "height": 1080, "position": [-3.7319472152527062, -0.21107755885877147, 0.09556747461797202], "rotation": [[0.851273074726551, -0.3716975839801673, 0.37037151390044865], [0.36648456153234155, 0.9263197482443701, 0.08729713724363615], [-0.3755305825149945, 0.06142173943965966, 0.924772486355512]], "fy": 1686.8175381763217, "fx": 1686.8175381763217}, {"id": 2, "img_name": "chrome5_000017", "width": 1920, "height": 1080, "position": [-2.63259157364902, -0.268163968359774, -0.36643003044709077], "rotation": [[0.9096019838075139, -0.2963750594445856, 0.2911804512542931], [0.2948751196705865, 0.9542214367510059, 0.05010103236564259], [-0.2926993249952803, 0.04028987197875211, 0.9553553429814703]], "fy": 1686.8175381763217, "fx": 1686.8175381763217}, {"id": 3, "img_name": "chrome5_000025", "width": 1920, "height": 1080, "position": [-1.4505785598143444, -0.2670208621694043, -0.4599122913600483], "rotation": [[0.9620214271880526, -0.19620171183265087, 0.18978846620645787], [0.19694008526771675, 0.9802984360786579, 0.015151865775601495], [-0.18902215861058944, 0.022800537179523035, 0.9817080824046008]], "fy": 1686.8175381763217, "fx": 1686.8175381763217}, {"id": 4, "img_name": "chrome5_000033", "width": 1920, "height": 1080, "position": [-0.4197508486171322, -0.327462193359633, -0.4174052727645844], "rotation": [[0.9933485155873152, -0.08517795823892561, 0.07748188182230284], [0.085523094975211, 0.996335534931532, -0.001141077805853281], [-0.0771007574952315, 0.007759978282560866, 0.9969931072633931]], "fy": 1686.8175381763217, "fx": 1686.8175381763217}, {"id": 5, "img_name": "chrome5_000041", "width": 1920, "height": 1080, "position": [0.47641863284487135, -0.47321374205106026, -0.589245961876093], "rotation": [[0.9991445659402041, 0.03402896884563106, -0.023498204856204914], [-0.03406323215619788, 0.9994191183548325, -0.0010592836836857379], [0.023448508848838732, 0.0018588023436145317, 0.9997233178668053]], "fy": 1686.8175381763217, "fx": 1686.8175381763217}, {"id": 6, "img_name": "chrome5_000049", "width": 1920, "height": 1080, "position": [1.4776254594953329, -0.3595865885826005, -0.6598977952880142], "rotation": [[0.9775126494906754, 0.1697132614562091, -0.1251656061848326], [-0.1690635290140951, 0.9854773214666278, 0.015873626940971948], [0.12604183132206706, 0.005644267964700193, 0.9920088704220958]], "fy": 1686.8175381763217, "fx": 1686.8175381763217}, {"id": 7, "img_name": "chrome5_000057", "width": 1920, "height": 1080, "position": [2.719606947793224, -0.5500141702536749, -0.3954475343909058], "rotation": [[0.9223565920801648, 0.32064503597758764, -0.21551120144715374], [-0.31772422665138644, 0.9469142288434216, 0.049038342270582104], [0.21979452414708298, 0.023242291556553274, 0.9752692771938208]], "fy": 1686.8175381763217, "fx": 1686.8175381763217}, {"id": 8, "img_name": "chrome5_000065", "width": 1920, "height": 1080, "position": [3.846534252480503, -0.7735736394785174, 0.06463980651649527], "rotation": [[0.8385982124052132, 0.4646583464565912, -0.284333711014026], [-0.45848719627275963, 0.8839016154795676, 0.09223570353477238], [0.29418111598932584, 0.05301466986445259, 0.9542782171748647]], "fy": 1686.8175381763217, "fx": 1686.8175381763217}, {"id": 9, "img_name": "chrome5_000073", "width": 1920, "height": 1080, "position": [4.857431667063994, -1.0943152021673652, 0.7543411153241643], "rotation": [[0.7466721490210249, 0.5691105043545628, -0.3443747024820779], [-0.5576273216245946, 0.8177833408709841, 0.1424155102917964], [0.36267405759732146, 0.08569504785684627, 0.9279676108133879]], "fy": 1686.8175381763217, "fx": 1686.8175381763217}, {"id": 10, "img_name": "chrome5_000081", "width": 1920, "height": 1080, "position": [5.313355210064032, -1.5111450530414274, 1.2573032574840446], "rotation": [[0.6973973823166353, 0.6134748105392979, -0.3705206444608417], [-0.5994995540683793, 0.7826580596191911, 0.16747133003871698], [0.39273041110884077, 0.10533289394531675, 0.9136015573779335]], "fy": 1686.8175381763217, "fx": 1686.8175381763217}, {"id": 11, "img_name": "chrome5_000089", "width": 1920, "height": 1080, "position": [5.120684808245585, -1.5692862143742707, 1.2927922310041344], "rotation": [[0.7201306832404543, 0.5949422358723864, -0.35700915258687993], [-0.5780039257561124, 0.7990406106436271, 0.16566702856266238], [0.3838271236717893, 0.08705078125683363, 0.9192926088120235]], "fy": 1686.8175381763217, "fx": 1686.8175381763217}, {"id": 12, "img_name": "chrome5_000097", "width": 1920, "height": 1080, "position": [4.048480085963241, -1.41645579815356, 0.8485113296610846], "rotation": [[0.809025719819673, 0.5153938531015125, -0.2825713376396066], [-0.49690021372621124, 0.8565120318222798, 0.13956115843068828], [0.31395471372334194, 0.027501191407766953, 0.9490395788385476]], "fy": 1686.8175381763217, "fx": 1686.8175381763217}, {"id": 13, "img_name": "chrome5_000105", "width": 1920, "height": 1080, "position": [2.8106266499003616, -1.2913397198009895, 0.49459318295351073], "rotation": [[0.9129670838389191, 0.3743972152575663, -0.1622277073561713], [-0.36136848654754977, 0.926533871500457, 0.10463174419222895], [0.18948329941446915, -0.03690135728878059, 0.981190281787]], "fy": 1686.8175381763217, "fx": 1686.8175381763217}, {"id": 14, "img_name": "chrome5_000113", "width": 1920, "height": 1080, "position": [1.2678542668822643, -1.0252985202653675, 0.073076821607302], "rotation": [[0.9810736922435438, 0.1933677924552109, -0.01016401636257748], [-0.1918890914375829, 0.9779212580699657, 0.08275620582237057], [0.025941992500176356, -0.07923957253704804, 0.9965179893856743]], "fy": 1686.8175381763217, "fx": 1686.8175381763217}, {"id": 15, "img_name": "chrome5_000121", "width": 1920, "height": 1080, "position": [-0.25883149684686424, -0.7644707546269947, -0.2966418503418897], "rotation": [[0.9895750679644798, 0.0020302336590138233, 0.1440036909748665], [-0.014085800451467036, 0.9964710269493304, 0.08274710071167353], [-0.14332750988116863, -0.08391287506596468, 0.9861114816842096]], "fy": 1686.8175381763217, "fx": 1686.8175381763217}, {"id": 16, "img_name": "chrome5_000129", "width": 1920, "height": 1080, "position": [-1.6891360959733992, -0.7863561492541182, -0.02225431290204402], "rotation": [[0.9438374193701997, -0.16836176648165227, 0.28429780404318933], [0.14465272630317963, 0.9841503665712951, 0.10258481734956154], [-0.29706314912768894, -0.055698936836918955, 0.9532319307836773]], "fy": 1686.8175381763217, "fx": 1686.8175381763217}, {"id": 17, "img_name": "chrome5_000137", "width": 1920, "height": 1080, "position": [-3.2706024903851576, -0.8662042570555741, 0.4320026299502976], "rotation": [[0.8722009164927738, -0.2864289694207526, 0.3965148253794943], [0.2584965344647974, 0.9580873425909621, 0.1234835439914088], [-0.41526509959164043, -0.005204752016568916, 0.9096855542535515]], "fy": 1686.8175381763217, "fx": 1686.8175381763217}, {"id": 18, "img_name": "chrome5_000145", "width": 1920, "height": 1080, "position": [-4.358810632033706, -0.5378453836738274, 0.9268669806890928], "rotation": [[0.8232528711353057, -0.33831157319710065, 0.45585084140360943], [0.31974364774191644, 0.939864624625322, 0.12007700490350202], [-0.46906152037464033, 0.046901671812475704, 0.8819192271886499]], "fy": 1686.8175381763217, "fx": 1686.8175381763217}, {"id": 19, "img_name": "chrome5_000153", "width": 1920, "height": 1080, "position": [-4.474295477233819, 0.3821847604436293, 0.5160365698408549], "rotation": [[0.8203462697553169, -0.3296960820247324, 0.4672606244871034], [0.33580020037489405, 0.9390946677712657, 0.07307140611591206], [-0.4628933172197649, 0.09696235589710316, 0.8810948180599893]], "fy": 1686.8175381763217, "fx": 1686.8175381763217}, {"id": 20, "img_name": "chrome5_000161", "width": 1920, "height": 1080, "position": [-4.24510131755701, 1.3981315114701316, 0.4803113946078377], "rotation": [[0.8532060716038545, -0.29401547233825787, 0.43080657075308093], [0.31734483217448395, 0.9481282031373615, 0.018578694993643913], [-0.4139222836118718, 0.12086278352424831, 0.9022530303015356]], "fy": 1686.8175381763217, "fx": 1686.8175381763217}, {"id": 21, "img_name": "chrome5_000169", "width": 1920, "height": 1080, "position": [-3.4032356330534146, 1.9999548011811414, 0.1232548766167863], "rotation": [[0.9014891837018175, -0.24667738284821752, 0.35562272208027484], [0.27824893511992244, 0.9596897782895669, -0.03966181477379999], [-0.33150381864053946, 0.13470634074785026, 0.933787673932926]], "fy": 1686.8175381763217, "fx": 1686.8175381763217}, {"id": 22, "img_name": "chrome5_000177", "width": 1920, "height": 1080, "position": [-2.2150229588778316, 2.6277767086535597, -0.3321442541630745], "rotation": [[0.948797791029142, -0.19286885402514056, 0.25016865688021267], [0.2214300255602238, 0.9708941651992349, -0.09128671186146915], [-0.22528092577628317, 0.14200748265182805, 0.9638891945406751]], "fy": 1686.8175381763217, "fx": 1686.8175381763217}, {"id": 23, "img_name": "chrome5_000185", "width": 1920, "height": 1080, "position": [-0.635472974099255, 3.175944440577431, -0.654400817581896], "rotation": [[0.9837240330674561, -0.12324553706114659, 0.13075765507230505], [0.14031982850517122, 0.9814560996964636, -0.1305919985944186], [-0.11223801715006239, 0.14681437927912522, 0.9827757452965084]], "fy": 1686.8175381763217, "fx": 1686.8175381763217}, {"id": 24, "img_name": "chrome5_000193", "width": 1920, "height": 1080, "position": [0.9296248560652124, 3.258791889219809, -0.90659922897185], "rotation": [[0.9988842929866352, -0.04512343892725924, 0.013929985067039675], [0.04671254071097568, 0.987412424284706, -0.15111135929679526], [-0.006935976132851328, 0.15159346828797612, 0.9884185917957569]], "fy": 1686.8175381763217, "fx": 1686.8175381763217}, {"id": 25, "img_name": "chrome5_000201", "width": 1920, "height": 1080, "position": [2.1399308252365836, 3.2272977027154908, -0.706822945645582], "rotation": [[0.9970993928947839, 0.020364657251241338, -0.07333540361853011], [-0.03134004241597251, 0.9879179949565965, -0.15177561392497602], [0.06935850654547211, 0.1536337071608239, 0.9856906622230951]], "fy": 1686.8175381763217, "fx": 1686.8175381763217}, {"id": 26, "img_name": "chrome5_000209", "width": 1920, "height": 1080, "position": [2.613254091288888, 2.9961741266836084, -0.5368240442025782], "rotation": [[0.990865486123787, 0.05731030187290019, -0.12207013438146275], [-0.0750177211246029, 0.9864657701884213, -0.14579995117912858], [0.11206216991448374, 0.15362556280060302, 0.9817541731656939]], "fy": 1686.8175381763217, "fx": 1686.8175381763217}, {"id": 27, "img_name": "chrome5_000002", "width": 1920, "height": 1080, "position": [-4.384917620903676, -0.323906331609767, 0.45560523111167034], "rotation": [[0.8185327698463764, -0.40601841646701103, 0.406390391344628], [0.3985610018298894, 0.9108491038567663, 0.10725221593832411], [-0.4137066986501112, 0.07418190812419764, 0.9073829467204456]], "fy": 1686.8175381763217, "fx": 1686.8175381763217}, {"id": 28, "img_name": "chrome5_000003", "width": 1920, "height": 1080, "position": [-4.333966579429694, -0.31815907387478887, 0.4178006092124384], "rotation": [[0.8207784189055446, -0.4037347878115872, 0.4041299397095529], [0.39666208833418315, 0.9118946206157569, 0.10539159629880122], [-0.4110741718197325, 0.07379987806749728, 0.908609708983975]], "fy": 1686.8175381763217, "fx": 1686.8175381763217}, {"id": 29, "img_name": "chrome5_000004", "width": 1920, "height": 1080, "position": [-4.27866383491814, -0.313312325572324, 0.38243792503951307], "rotation": [[0.8230627226356412, -0.40159095557295316, 0.4016123242750502], [0.3947627002367416, 0.9128980823296018, 0.10382437951046128], [-0.40832605245000253, 0.07308758910333639, 0.9099055111436899]], "fy": 1686.8175381763217, "fx": 1686.8175381763217}, {"id": 30, "img_name": "chrome5_000005", "width": 1920, "height": 1080, "position": [-4.176873807238259, -0.28401521269883284, 0.3156816524042782], "rotation": [[0.8278977939693842, -0.39681934347188974, 0.3963832127968658], [0.3905739596124031, 0.91508787115567, 0.1003303051748228], [-0.4025384761899363, 0.07175372262344679, 0.9125865320485294]], "fy": 1686.8175381763217, "fx": 1686.8175381763217}, {"id": 31, "img_name": "chrome5_000006", "width": 1920, "height": 1080, "position": [-4.072001312572141, -0.2563711163945643, 0.2540556979965405], "rotation": [[0.8329188176570499, -0.392085252700641, 0.39053219816995444], [0.3860968765675664, 0.917293045113508, 0.09748164591941107], [-0.3964535850481761, 0.06958896465002627, 0.9154135299969004]], "fy": 1686.8175381763217, "fx": 1686.8175381763217}, {"id": 32, "img_name": "chrome5_000007", "width": 1920, "height": 1080, "position": [-3.973364937472063, -0.24392754071918754, 0.20400421658054932], "rotation": [[0.8379491775445271, -0.38688488458362996, 0.3849172143892263], [0.38108382554967096, 0.9196706790924147, 0.09476792665308652], [-0.39066135431710974, 0.06727501838281534, 0.9180728610217784]], "fy": 1686.8175381763217, "fx": 1686.8175381763217}, {"id": 33, "img_name": "chrome5_000008", "width": 1920, "height": 1080, "position": [-3.875341216183803, -0.22810013205825852, 0.1644722053961149], "rotation": [[0.8431619112514491, -0.3811355021886342, 0.37922779484924507], [0.37554472910827064, 0.9222364445066032, 0.09190264883459377], [-0.3847650553958859, 0.06492818644653973, 0.9207280720989038]], "fy": 1686.8175381763217, "fx": 1686.8175381763217}, {"id": 34, "img_name": "chrome5_000010", "width": 1920, "height": 1080, "position": [-3.627609359478314, -0.21295903426036003, 0.03351400514031303], "rotation": [[0.8570216492071786, -0.36486137963410037, 0.36385445777358383], [0.36002407880114545, 0.9291764594612596, 0.08374825291565606], [-0.36864149993400686, 0.05922230014562937, 0.9276832237848578]], "fy": 1686.8175381763217, "fx": 1686.8175381763217}, {"id": 35, "img_name": "chrome5_000011", "width": 1920, "height": 1080, "position": [-3.5193351217777775, -0.20979224163368382, -0.03368539796417242], "rotation": [[0.86366883178207, -0.3577260335242436, 0.3551172115614873], [0.35336703472829695, 0.9320977624757216, 0.07953301173150742], [-0.359454987134029, 0.05679653270020341, 0.9314323733356651]], "fy": 1686.8175381763217, "fx": 1686.8175381763217}, {"id": 36, "img_name": "chrome5_000012", "width": 1920, "height": 1080, "position": [-3.4138270180642096, -0.21015297199286165, -0.10331888319091834], "rotation": [[0.8710058179567122, -0.3506248487642118, 0.3441091113507927], [0.3466841708497904, 0.9349668704595273, 0.07514676856200109], [-0.3480789432984304, 0.05384390933235826, 0.9359176687401819]], "fy": 1686.8175381763217, "fx": 1686.8175381763217}, {"id": 37, "img_name": "chrome5_000013", "width": 1920, "height": 1080, "position": [-3.239539393457188, -0.21926357607663588, -0.1685765677958483], "rotation": [[0.8816354234555824, -0.33867224194801704, 0.3286641030629896], [0.3355400705117545, 0.9395617633880259, 0.06809224522770377], [-0.33186117758674716, 0.05024744086107012, 0.9419890410708878]], "fy": 1686.8175381763217, "fx": 1686.8175381763217}, {"id": 38, "img_name": "chrome5_000014", "width": 1920, "height": 1080, "position": [-3.127073064326316, -0.24179648847336704, -0.21818929317434863], "rotation": [[0.8882092303562582, -0.33017761857990063, 0.3194794254703251], [0.3274010892929119, 0.9427122872412945, 0.06404740599041998], [-0.32232419989780187, 0.047710414724592386, 0.945426267081177]], "fy": 1686.8175381763217, "fx": 1686.8175381763217}, {"id": 39, "img_name": "chrome5_000015", "width": 1920, "height": 1080, "position": [-3.007498571467117, -0.26447159773715206, -0.2717326323869281], "rotation": [[0.8945608148484391, -0.3206093828463217, 0.3114009829281173], [0.31824080867226434, 0.946116604830715, 0.0598845368957952], [-0.3138211851250965, 0.045530140506058095, 0.9483898302239319]], "fy": 1686.8175381763217, "fx": 1686.8175381763217}, {"id": 40, "img_name": "chrome5_000016", "width": 1920, "height": 1080, "position": [-2.8647287935882932, -0.27173107347495623, -0.32201402010797825], "rotation": [[0.9005898306657527, -0.3112165300989377, 0.30345053681713546], [0.3091762876450151, 0.9493507568715259, 0.05606392410015202], [-0.30552901672259797, 0.043329110545195414, 0.9511964088030845]], "fy": 1686.8175381763217, "fx": 1686.8175381763217}, {"id": 41, "img_name": "chrome5_000018", "width": 1920, "height": 1080, "position": [-2.46567324087875, -0.24947792769307797, -0.3699605109656001], "rotation": [[0.9156473299525502, -0.28597689561144235, 0.28250165013183165], [0.284837064029897, 0.9574700689519575, 0.0460316631891787], [-0.28365086656943944, 0.03831817111470553, 0.9581617314716916]], "fy": 1686.8175381763217, "fx": 1686.8175381763217}, {"id": 42, "img_name": "chrome5_000019", "width": 1920, "height": 1080, "position": [-2.306215028016457, -0.2260401933003163, -0.39950390881118136], "rotation": [[0.9216384424557165, -0.27556793033952504, 0.2732121833963333], [0.27461687013737557, 0.960613191843686, 0.04251905798389444], [-0.27416811635154226, 0.03584147631273893, 0.9610136484733036]], "fy": 1686.8175381763217, "fx": 1686.8175381763217}, {"id": 43, "img_name": "chrome5_000020", "width": 1920, "height": 1080, "position": [-2.157962671665237, -0.20576375441522574, -0.4358489077266843], "rotation": [[0.9285486322335629, -0.2647823566776481, 0.2601686783020014], [0.2644126013134304, 0.9636961519048955, 0.037090471422748614], [-0.26054445655942177, 0.03435157050161797, 0.964850535451076]], "fy": 1686.8175381763217, "fx": 1686.8175381763217}, {"id": 44, "img_name": "chrome5_000021", "width": 1920, "height": 1080, "position": [-1.9425489714960507, -0.20922662321250834, -0.4698683594826813], "rotation": [[0.9387249958997649, -0.24819328825614273, 0.23915575204788586], [0.24852939641253502, 0.9681825706723662, 0.02925147799803347], [-0.23880645131948927, 0.031978141141280954, 0.9705405078085824]], "fy": 1686.8175381763217, "fx": 1686.8175381763217}, {"id": 45, "img_name": "chrome5_000022", "width": 1920, "height": 1080, "position": [-1.8081523254638003, -0.20017837959334298, -0.4869218836836762], "rotation": [[0.9448681507687284, -0.23705411476729218, 0.2258971543308565], [0.23771138454838686, 0.9710218302188438, 0.024696212149554864], [-0.22520540694879487, 0.030363661016786416, 0.9738380629091705]], "fy": 1686.8175381763217, "fx": 1686.8175381763217}, {"id": 46, "img_name": "chrome5_000023", "width": 1920, "height": 1080, "position": [-1.6828272320390032, -0.20365202303312305, -0.474135861140447], "rotation": [[0.9502842343521963, -0.2260532286906349, 0.21414904095092116], [0.22672430005525404, 0.9737159503555575, 0.021756373494415247], [-0.2134384354002693, 0.027878052688680707, 0.9765586764102667]], "fy": 1686.8175381763217, "fx": 1686.8175381763217}, {"id": 47, "img_name": "chrome5_000024", "width": 1920, "height": 1080, "position": [-1.581344833571393, -0.23140323191085574, -0.4495775125486162], "rotation": [[0.9551727135320093, -0.21426346450252357, 0.20429453028232075], [0.2149105112195502, 0.9764433548075445, 0.019283335280480436], [-0.20361375074206026, 0.025486126256527426, 0.97871951951373]], "fy": 1686.8175381763217, "fx": 1686.8175381763217}, {"id": 48, "img_name": "chrome5_000026", "width": 1920, "height": 1080, "position": [-1.3528091024583178, -0.28195764868712464, -0.4597789926828657], "rotation": [[0.9663141482666594, -0.18412470802003122, 0.17981951717268851], [0.18490394464756738, 0.9826762525671365, 0.012566379525492926], [-0.17901815023468967, 0.021106267721878798, 0.9836193508412707]], "fy": 1686.8175381763217, "fx": 1686.8175381763217}, {"id": 49, "img_name": "chrome5_000027", "width": 1920, "height": 1080, "position": [-1.226507384507988, -0.31821961848451763, -0.4817952381783706], "rotation": [[0.9706400880386701, -0.17141369062128142, 0.16874586264520458], [0.17242211411129482, 0.9849841100563792, 0.008770262358332557], [-0.16771533638184155, 0.0205827501572062, 0.985620574226356]], "fy": 1686.8175381763217, "fx": 1686.8175381763217}, {"id": 50, "img_name": "chrome5_000028", "width": 1920, "height": 1080, "position": [-1.0932683347732761, -0.33972182916051885, -0.4919136527565786], "rotation": [[0.9746960733492256, -0.1579476965142276, 0.15817739966079397], [0.15955213011491798, 0.9871861191831794, 0.002585317745547917], [-0.15655887829629267, 0.022717641996972758, 0.9874073254582953]], "fy": 1686.8175381763217, "fx": 1686.8175381763217}, {"id": 51, "img_name": "chrome5_000029", "width": 1920, "height": 1080, "position": [-0.9086616870877223, -0.34102159986378144, -0.4750097239776484], "rotation": [[0.9800250715680457, -0.13914872450671514, 0.14208621173851074], [0.14108050110288772, 0.9899917134422296, -0.0035636391899975498], [-0.14016829636763337, 0.023538049704100148, 0.9898478715992285]], "fy": 1686.8175381763217, "fx": 1686.8175381763217}, {"id": 52, "img_name": "chrome5_000030", "width": 1920, "height": 1080, "position": [-0.7832296596700882, -0.32639352552179923, -0.45113559203916775], "rotation": [[0.9833054008157761, -0.12709579789212297, 0.13021961021555273], [0.12894107371279337, 0.9916352729612875, -0.005803871878711654], [-0.12839271099372357, 0.02249763492363478, 0.991468188186855]], "fy": 1686.8175381763217, "fx": 1686.8175381763217}, {"id": 53, "img_name": "chrome5_000031", "width": 1920, "height": 1080, "position": [-0.6568757997451933, -0.3243523835380905, -0.44484178571419297], "rotation": [[0.9867020098632452, -0.11492881304012424, 0.11493698997720608], [0.11645890504775523, 0.993173149433306, -0.006664734038650734], [-0.11338636234975585, 0.019961542473370904, 0.9933504264131432]], "fy": 1686.8175381763217, "fx": 1686.8175381763217}, {"id": 54, "img_name": "chrome5_000032", "width": 1920, "height": 1080, "position": [-0.5372442817375968, -0.3343965134206105, -0.42390557959462954], "rotation": [[0.9897444228181044, -0.10314746979145072, 0.09882599342318461], [0.10414136493046346, 0.9945502466851521, -0.004937907342503262], [-0.09777808348948963, 0.01517914009833462, 0.9950924781622045]], "fy": 1686.8175381763217, "fx": 1686.8175381763217}, {"id": 55, "img_name": "chrome5_000034", "width": 1920, "height": 1080, "position": [-0.34828930198781194, -0.3634699881187511, -0.4486413160355135], "rotation": [[0.995181687294132, -0.07248264020290263, 0.06602784369961481], [0.07265759063693904, 0.9973569133057321, -0.0002490062200607182], [-0.06583527775622418, 0.005045230468393166, 0.9978177498182127]], "fy": 1686.8175381763217, "fx": 1686.8175381763217}, {"id": 56, "img_name": "chrome5_000035", "width": 1920, "height": 1080, "position": [-0.26681363006256253, -0.42095340877211257, -0.46235999081138357], "rotation": [[0.9966693473346788, -0.05945716540114215, 0.05581270075822108], [0.059580224249363406, 0.9982233733510598, -0.0005420092494330735], [-0.05568131609311221, 0.003865537232019248, 0.9984411092598536]], "fy": 1686.8175381763217, "fx": 1686.8175381763217}, {"id": 57, "img_name": "chrome5_000036", "width": 1920, "height": 1080, "position": [-0.18061253264037488, -0.4660388075140696, -0.47160865054618345], "rotation": [[0.9978775759143375, -0.046398841199781576, 0.04568906896231685], [0.04650583200547774, 0.9989171971165774, -0.0012809739417280663], [-0.04558016100020026, 0.0034030633374292313, 0.9989548879119203]], "fy": 1686.8175381763217, "fx": 1686.8175381763217}, {"id": 58, "img_name": "chrome5_000037", "width": 1920, "height": 1080, "position": [-0.04966616405259433, -0.48613258684522836, -0.5021637066082364], "rotation": [[0.9991882661512426, -0.026951999348054805, 0.029939915110367258], [0.027025661917219255, 0.9996326209334946, -0.002058340003134388], [-0.0298734394338802, 0.0028658152024846214, 0.9995495809211343]], "fy": 1686.8175381763217, "fx": 1686.8175381763217}, {"id": 59, "img_name": "chrome5_000038", "width": 1920, "height": 1080, "position": [0.046682438548122006, -0.482127838747991, -0.5286711476787418], "rotation": [[0.9997345839584062, -0.013668151869331454, 0.01854570737366343], [0.013712965490829255, 0.9999033474339597, -0.0022913681087333047], [-0.018512596116158023, 0.0025450765880981148, 0.9998253879404146]], "fy": 1686.8175381763217, "fx": 1686.8175381763217}, {"id": 60, "img_name": "chrome5_000039", "width": 1920, "height": 1080, "position": [0.15479084387481654, -0.48587772782348754, -0.5549150231368434], "rotation": [[0.9999802979803734, -0.0002878186140645245, 0.00627063087170736], [0.00030182358523732486, 0.9999974622163949, -0.0022325911613018294], [-0.006269972376909323, 0.0022344397990383498, 0.9999778471172135]], "fy": 1686.8175381763217, "fx": 1686.8175381763217}, {"id": 61, "img_name": "chrome5_000040", "width": 1920, "height": 1080, "position": [0.2768360372392869, -0.48386123512245593, -0.5676412024153762], "rotation": [[0.9998961402833272, 0.0132563902609868, -0.005654800063060398], [-0.013269401563429256, 0.9999093817295368, -0.0022696500619959685], [0.005624200267881178, 0.0023444501495812372, 0.9999814357901067]], "fy": 1686.8175381763217, "fx": 1686.8175381763217}, {"id": 62, "img_name": "chrome5_000042", "width": 1920, "height": 1080, "position": [0.6130198291116497, -0.46548018277325176, -0.6007431729677006], "rotation": [[0.9982203429114928, 0.04817701508125072, -0.03514430559169953], [-0.04820422965508032, 0.9988374977493564, 7.30285224772035e-05], [0.035106968553580614, 0.001621205621061094, 0.9993822454152926]], "fy": 1686.8175381763217, "fx": 1686.8175381763217}, {"id": 63, "img_name": "chrome5_000043", "width": 1920, "height": 1080, "position": [0.7469096776502911, -0.45180672230054914, -0.6310529293090293], "rotation": [[0.9969065703440562, 0.06261250182398989, -0.04750752172227633], [-0.06262908180706339, 0.9980362200096818, 0.0011409034974323548], [0.047485662224042505, 0.0018379782716764583, 0.9988702286678771]], "fy": 1686.8175381763217, "fx": 1686.8175381763217}, {"id": 64, "img_name": "chrome5_000044", "width": 1920, "height": 1080, "position": [0.8778539655061041, -0.439834477278505, -0.6681841674100855], "rotation": [[0.9952000765044108, 0.07722522267195918, -0.060108840521852815], [-0.07717865580576172, 0.9970124615124945, 0.003099463955741351], [0.06016861984150028, 0.0015545327476430449, 0.9981870168532075]], "fy": 1686.8175381763217, "fx": 1686.8175381763217}, {"id": 65, "img_name": "chrome5_000045", "width": 1920, "height": 1080, "position": [1.0622418618122638, -0.3985702721798573, -0.69319733213881], "rotation": [[0.9920064079213629, 0.09973392610085, -0.07730737757461807], [-0.0996125386088976, 0.9950114617021532, 0.0054344487517402566], [0.07746372567108592, 0.0023097761481576844, 0.9969924955280758]], "fy": 1686.8175381763217, "fx": 1686.8175381763217}, {"id": 66, "img_name": "chrome5_000046", "width": 1920, "height": 1080, "position": [1.1719199806290728, -0.3800076646752146, -0.6797676819900864], "rotation": [[0.9894706437716432, 0.11499547621665052, -0.08788563912173389], [-0.11479025409264933, 0.9933621702444494, 0.007402451795345048], [0.08815351768066257, 0.002763906102450094, 0.9961030660245866]], "fy": 1686.8175381763217, "fx": 1686.8175381763217}, {"id": 67, "img_name": "chrome5_000047", "width": 1920, "height": 1080, "position": [1.2566316558879438, -0.37172343270111735, -0.6722918001616307], "rotation": [[0.9865894355733226, 0.1302853698725422, -0.09832094391475121], [-0.12998483556135165, 0.9914706253562258, 0.009483753467012817], [0.09871792207700254, 0.0034236607468590982, 0.9951095670366601]], "fy": 1686.8175381763217, "fx": 1686.8175381763217}, {"id": 68, "img_name": "chrome5_000048", "width": 1920, "height": 1080, "position": [1.338994037297249, -0.37016178167097863, -0.6716266775101554], "rotation": [[0.9832471824917562, 0.14592597753818595, -0.10922722738194997], [-0.14549973848965617, 0.9892866536735485, 0.011905585362927264], [0.10979437244897856, 0.004186399756010612, 0.9939455064718679]], "fy": 1686.8175381763217, "fx": 1686.8175381763217}, {"id": 69, "img_name": "chrome5_000050", "width": 1920, "height": 1080, "position": [1.5885298700762835, -0.36262600456551486, -0.6318221131466222], "rotation": [[0.9731619377253589, 0.18602762071510132, -0.13546057468393938], [-0.18516678788991203, 0.9825226530719625, 0.019039350381883494], [0.13663492827661983, 0.006554428389280805, 0.9905997859091897]], "fy": 1686.8175381763217, "fx": 1686.8175381763217}, {"id": 70, "img_name": "chrome5_000051", "width": 1920, "height": 1080, "position": [1.7071038892571366, -0.3690180063144126, -0.5927768420230911], "rotation": [[0.9684693629232396, 0.20237692952629052, -0.14529511855036686], [-0.20131176437986234, 0.9792766797375196, 0.02215305948455145], [0.1467673894341694, 0.007795057265351445, 0.9891403189036977]], "fy": 1686.8175381763217, "fx": 1686.8175381763217}, {"id": 71, "img_name": "chrome5_000052", "width": 1920, "height": 1080, "position": [1.850131849482539, -0.38043725774678133, -0.5482969274239201], "rotation": [[0.9632406291409985, 0.21881741606512303, -0.15584103695316054], [-0.21753494133004989, 0.9757206758809902, 0.02545018583185041], [0.15762626580803485, 0.009386217817993002, 0.9874542314672048]], "fy": 1686.8175381763217, "fx": 1686.8175381763217}, {"id": 72, "img_name": "chrome5_000053", "width": 1920, "height": 1080, "position": [2.0664275677373536, -0.3934620549705118, -0.48986744918959435], "rotation": [[0.954525316033157, 0.24408687692065317, -0.17118124186640166], [-0.2424590851435265, 0.969676385169377, 0.030680614012987314], [0.1734791430782553, 0.01221902450982245, 0.9847617388774111]], "fy": 1686.8175381763217, "fx": 1686.8175381763217}, {"id": 73, "img_name": "chrome5_000054", "width": 1920, "height": 1080, "position": [2.2112186053658722, -0.41198012729608596, -0.4661355334056276], "rotation": [[0.948276367665349, 0.2609934722737484, -0.18070511325887842], [-0.25912925549052357, 0.9652342932494592, 0.03427518175216639], [0.18336837098130868, 0.014323636609089918, 0.9829399137068103]], "fy": 1686.8175381763217, "fx": 1686.8175381763217}, {"id": 74, "img_name": "chrome5_000055", "width": 1920, "height": 1080, "position": [2.362602868005783, -0.44269685156082533, -0.45065344297568305], "rotation": [[0.9414404025996326, 0.2780491781154155, -0.190731808837393], [-0.2759702080543935, 0.9604176227937461, 0.03792669368168631], [0.1937276764415882, 0.016930575198486456, 0.9809092430005907]], "fy": 1686.8175381763217, "fx": 1686.8175381763217}, {"id": 75, "img_name": "chrome5_000056", "width": 1920, "height": 1080, "position": [2.5121658689562767, -0.4886975301076073, -0.4401309134600734], "rotation": [[0.9340241700932302, 0.2950844866952803, -0.2013057261814372], [-0.2926707833358016, 0.955274992869101, 0.042349741209919314], [0.2047990777890886, 0.01936062268424566, 0.978612540296729]], "fy": 1686.8175381763217, "fx": 1686.8175381763217}, {"id": 76, "img_name": "chrome5_000058", "width": 1920, "height": 1080, "position": [2.8515493324248964, -0.5725397846214442, -0.35722951507907963], "rotation": [[0.9142317342339238, 0.33746710790618134, -0.22426833749120656], [-0.33425588941825063, 0.9409724070573244, 0.05332850594155914], [0.2290269340249006, 0.026208400145419936, 0.9730672038728729]], "fy": 1686.8175381763217, "fx": 1686.8175381763217}, {"id": 77, "img_name": "chrome5_000059", "width": 1920, "height": 1080, "position": [2.9704451058869923, -0.5933083063660793, -0.30922911097537154], "rotation": [[0.9058328063813795, 0.35427461643258235, -0.23228521914831524], [-0.35068869455556817, 0.9346941566421648, 0.05800235383071706], [0.23766439866783912, 0.028919365320472533, 0.9709167337703657]], "fy": 1686.8175381763217, "fx": 1686.8175381763217}, {"id": 78, "img_name": "chrome5_000060", "width": 1920, "height": 1080, "position": [3.08670437385371, -0.6201985481609316, -0.2625746980735827], "rotation": [[0.8970825993556667, 0.37088256063886627, -0.24018521217435118], [-0.366963890988819, 0.9281281458696707, 0.06257513527651014], [0.2461306820443695, 0.03200423500859078, 0.9687081171838545]], "fy": 1686.8175381763217, "fx": 1686.8175381763217}, {"id": 79, "img_name": "chrome5_000061", "width": 1920, "height": 1080, "position": [3.261802352618696, -0.6568365446499075, -0.20180598226277227], "rotation": [[0.8831906004630408, 0.3954713105631301, -0.25214441452313313], [-0.3910018198369173, 0.91773645738827, 0.06983818199700473], [0.2590211190964016, 0.036908499047077346, 0.9651662149910448]], "fy": 1686.8175381763217, "fx": 1686.8175381763217}, {"id": 80, "img_name": "chrome5_000062", "width": 1920, "height": 1080, "position": [3.37940360340178, -0.6708587001286168, -0.15148107901161378], "rotation": [[0.8735982879136008, 0.41139941871850705, -0.25995489922773113], [-0.4065867340974645, 0.910556289112594, 0.07466238687223849], [0.2674196309368165, 0.04046928014650824, 0.9627299612840768]], "fy": 1686.8175381763217, "fx": 1686.8175381763217}, {"id": 81, "img_name": "chrome5_000063", "width": 1920, "height": 1080, "position": [3.5128150378865795, -0.6917271484481154, -0.09892689322948005], "rotation": [[0.8637281621254704, 0.42724079303470264, -0.26728068901145036], [-0.42203301537555943, 0.9030690642618999, 0.07971448492055412], [0.2754302014746567, 0.04394962957995082, 0.9603159033231801]], "fy": 1686.8175381763217, "fx": 1686.8175381763217}, {"id": 82, "img_name": "chrome5_000064", "width": 1920, "height": 1080, "position": [3.6496370222178167, -0.7186504698949456, -0.027738125214822256], "rotation": [[0.8537782109562879, 0.44256483446728506, -0.27422460463865245], [-0.436970591597163, 0.8954775737742389, 0.08471491572697172], [0.2830538262866376, 0.047500338528763494, 0.957927058425717]], "fy": 1686.8175381763217, "fx": 1686.8175381763217}, {"id": 83, "img_name": "chrome5_000066", "width": 1920, "height": 1080, "position": [3.975313188382308, -0.801258570412389, 0.12005296949814157], "rotation": [[0.8284138475710361, 0.47866580387617064, -0.290877199780477], [-0.4721608363123128, 0.8761503485072432, 0.09708095314475271], [0.3013214924385739, 0.05691761599202572, 0.9518223275298677]], "fy": 1686.8175381763217, "fx": 1686.8175381763217}, {"id": 84, "img_name": "chrome5_000067", "width": 1920, "height": 1080, "position": [4.111975895760704, -0.8280079946972884, 0.18076069551361484], "rotation": [[0.8180886687038357, 0.49215167224360234, -0.29751917861914656], [-0.4853042513214326, 0.8683742047716384, 0.1020099217555262], [0.30856233371513364, 0.060934161149971605, 0.9492503959531541]], "fy": 1686.8175381763217, "fx": 1686.8175381763217}, {"id": 85, "img_name": "chrome5_000068", "width": 1920, "height": 1080, "position": [4.235632734760852, -0.8473549713319147, 0.25187113629916535], "rotation": [[0.8077776648699688, 0.5052598296226238, -0.3036572882493313], [-0.49794481124239703, 0.8605491729606617, 0.10726642472598259], [0.3155094437477173, 0.06455714899558689, 0.9467239119297493]], "fy": 1686.8175381763217, "fx": 1686.8175381763217}, {"id": 86, "img_name": "chrome5_000069", "width": 1920, "height": 1080, "position": [4.407483300723654, -0.8723635917649526, 0.3615660551737583], "rotation": [[0.7924342091058051, 0.5235354212055152, -0.3129835250968027], [-0.5156482808677589, 0.8490842511307366, 0.1147291807688049], [0.32581417200143675, 0.07047408903221256, 0.942803546926982]], "fy": 1686.8175381763217, "fx": 1686.8175381763217}, {"id": 87, "img_name": "chrome5_000070", "width": 1920, "height": 1080, "position": [4.518249056826536, -0.9094527908513227, 0.4448383012108978], "rotation": [[0.7821420168404314, 0.5348375218322504, -0.3196915556174723], [-0.5263490740286965, 0.841699990844708, 0.12040671775757623], [0.3334824099737741, 0.07409420120600275, 0.9398401627860602]], "fy": 1686.8175381763217, "fx": 1686.8175381763217}, {"id": 88, "img_name": "chrome5_000071", "width": 1920, "height": 1080, "position": [4.625244078627186, -0.953476248831742, 0.5315392692058507], "rotation": [[0.7715869142651534, 0.5455695190310107, -0.32712005997653326], [-0.5362346072541511, 0.8344747838656784, 0.12690264408323315], [0.3422076558432984, 0.07749667732619978, 0.9364230802824296]], "fy": 1686.8175381763217, "fx": 1686.8175381763217}, {"id": 89, "img_name": "chrome5_000072", "width": 1920, "height": 1080, "position": [4.719849107576334, -1.010588677393033, 0.6216263211093888], "rotation": [[0.7612290615468013, 0.5554963090053531, -0.33459552677524795], [-0.5452822185013145, 0.8275727283893003, 0.13338171318653141], [0.35099518236417593, 0.08091495478413539, 0.9328746711372434]], "fy": 1686.8175381763217, "fx": 1686.8175381763217}, {"id": 90, "img_name": "chrome5_000074", "width": 1920, "height": 1080, "position": [4.938022568590951, -1.1475002203722884, 0.8628090179830465], "rotation": [[0.7381819819099148, 0.5771781883214263, -0.3492172683438583], [-0.5652840631177616, 0.8117429500668656, 0.14672188317295093], [0.3681593263366074, 0.08909950585013798, 0.9254836511190442]], "fy": 1686.8175381763217, "fx": 1686.8175381763217}, {"id": 91, "img_name": "chrome5_000075", "width": 1920, "height": 1080, "position": [5.020149151271418, -1.2127495264577157, 0.935309656867288], "rotation": [[0.730338966159197, 0.5846221637306696, -0.3533014579426264], [-0.5723744800805033, 0.8060454506931318, 0.15059278193020875], [0.3728169109121644, 0.09223696163564862, 0.9233092081454268]], "fy": 1686.8175381763217, "fx": 1686.8175381763217}, {"id": 92, "img_name": "chrome5_000076", "width": 1920, "height": 1080, "position": [5.093491601498481, -1.2919996478341582, 1.0069784907454182], "rotation": [[0.7232387157546598, 0.5913179634954884, -0.35674756632820764], [-0.5787923956690711, 0.8008081430684134, 0.1539664921694881], [0.3767295087316734, 0.09512825049830356, 0.9214257936523831]], "fy": 1686.8175381763217, "fx": 1686.8175381763217}, {"id": 93, "img_name": "chrome5_000077", "width": 1920, "height": 1080, "position": [5.21697105205043, -1.3946829217078034, 1.1574088158707403], "rotation": [[0.7140226931249694, 0.5993765079603651, -0.3618278532780523], [-0.5866827167661955, 0.7942607624645037, 0.15796591739087598], [0.3820667265680192, 0.09948689820545845, 0.918764046714419]], "fy": 1686.8175381763217, "fx": 1686.8175381763217}, {"id": 94, "img_name": "chrome5_000078", "width": 1920, "height": 1080, "position": [5.278296570879738, -1.4487147333373538, 1.2276426062601633], "rotation": [[0.7088930194664684, 0.6039396921334673, -0.364317904058318], [-0.5909485363139135, 0.790552012671316, 0.16064663921095368], [0.3850331341328383, 0.1014118510188225, 0.917314080396011]], "fy": 1686.8175381763217, "fx": 1686.8175381763217}, {"id": 95, "img_name": "chrome5_000079", "width": 1920, "height": 1080, "position": [5.3144154100500645, -1.4810032572389615, 1.258797489899971], "rotation": [[0.7045974161333987, 0.6075909613077367, -0.3665729189605782], [-0.5943721980652457, 0.7875263152094069, 0.16286188326242065], [0.38763922833638326, 0.10312868946047123, 0.9160241820306596]], "fy": 1686.8175381763217, "fx": 1686.8175381763217}, {"id": 96, "img_name": "chrome5_000080", "width": 1920, "height": 1080, "position": [5.322640662320794, -1.4961625164605792, 1.2612009086797804], "rotation": [[0.701090444149688, 0.6105636253704173, -0.36835342878345245], [-0.5971222692999981, 0.7850494820722692, 0.16474922216533416], [0.3897655508482165, 0.10444792995840062, 0.9149718275987471]], "fy": 1686.8175381763217, "fx": 1686.8175381763217}, {"id": 97, "img_name": "chrome5_000082", "width": 1920, "height": 1080, "position": [5.3033217614707535, -1.5242777683940576, 1.2555663869839584], "rotation": [[0.6960201847956041, 0.6144831304431961, -0.37143826506947725], [-0.6001080801090993, 0.7818708332376018, 0.1689623991310165], [0.3942412897514211, 0.10530186386321999, 0.9129541735060244]], "fy": 1686.8175381763217, "fx": 1686.8175381763217}, {"id": 98, 