[{"id": 0, "img_name": "fig_000001", "width": 960, "height": 720, "position": [7.029152177546295, -0.0669529826161942, 0.810420311729252], "rotation": [[0.454509156681792, 0.07622012511150827, -0.8874750244487967], [-0.04417964815018417, 0.9970349601208219, 0.0630035474096254], [0.8896457638755618, 0.010572645121113815, 0.4565288972161683]], "fy": 765.2017946726982, "fx": 765.2017946726982}, {"id": 1, "img_name": "fig_000009", "width": 960, "height": 720, "position": [6.784036107007739, -0.02829666141255362, 0.8289155762362697], "rotation": [[0.47836041382679945, 0.07671782472873333, -0.8748060870000531], [-0.04517561448794177, 0.9970074750993864, 0.06273163836201859], [0.8770008428383008, 0.009511570051130899, 0.48039468325125373]], "fy": 765.2017946726982, "fx": 765.2017946726982}, {"id": 2, "img_name": "fig_000017", "width": 960, "height": 720, "position": [6.219772989004203, -0.004373817015634758, 0.883436197976397], "rotation": [[0.5235172572345584, 0.07380810731814125, -0.848812137443686], [-0.04514638134985807, 0.9972442506184127, 0.05887027144097033], [0.8508181272332053, 0.00750119341399005, 0.5254067438363801]], "fy": 765.2017946726982, "fx": 765.2017946726982}, {"id": 3, "img_name": "fig_000025", "width": 960, "height": 720, "position": [5.6644451112189955, -0.011462667452168365, 0.9010899169903441], "rotation": [[0.5739105362494027, 0.07061794977389298, -0.8158675147054544], [-0.04730593868849784, 0.9974701927751151, 0.0530599914245634], [0.8175505149816268, 0.008143690496733443, 0.5757993016306727]], "fy": 765.2017946726982, "fx": 765.2017946726982}, {"id": 4, "img_name": "fig_000033", "width": 960, "height": 720, "position": [4.900034151646389, -0.03314757569713436, 0.6896893281326301], "rotation": [[0.6397471681886221, 0.06613981316630024, -0.765734344214079], [-0.04821852604295797, 0.9977817278923057, 0.04589768219081983], [0.7670714012012724, 0.007559669210475579, 0.6415171991930884]], "fy": 765.2017946726982, "fx": 765.2017946726982}, {"id": 5, "img_name": "fig_000041", "width": 960, "height": 720, "position": [4.2343038630319025, -0.042129355586388126, 0.38641764182781835], "rotation": [[0.6953898350444593, 0.0614754887295188, -0.7159984229049018], [-0.0487343292431434, 0.9980747732042924, 0.03836290195515405], [0.7169783417022167, 0.008216530816997563, 0.6970470186086967]], "fy": 765.2017946726982, "fx": 765.2017946726982}, {"id": 6, "img_name": "fig_000049", "width": 960, "height": 720, "position": [3.5737063280870163, 0.029632760333698247, 0.3165846942887875], "rotation": [[0.7487980580151491, 0.05880422920415897, -0.6601844673577577], [-0.04638930186578991, 0.9982635974719616, 0.03630182687885057], [0.6611728223279797, 0.003442759074079302, 0.7502257303137579]], "fy": 765.2017946726982, "fx": 765.2017946726982}, {"id": 7, "img_name": "fig_000057", "width": 960, "height": 720, "position": [2.9867710493971815, 0.00862990873244008, 0.23173412189595755], "rotation": [[0.8014442740119612, 0.053442370831847684, -0.595676916334108], [-0.043630954035675545, 0.9985701699413836, 0.03088617090499785], [0.5964758297729903, 0.0012364073387210574, 0.8026300865239947]], "fy": 765.2017946726982, "fx": 765.2017946726982}, {"id": 8, "img_name": "fig_000065", "width": 960, "height": 720, "position": [2.4431259847743325, -0.03384611022525096, 0.04917486894480365], "rotation": [[0.8477767608361088, 0.047157362256477015, -0.5282525409037298], [-0.03951593468297891, 0.9988870128044125, 0.025753185372070053], [0.5288790548815163, -0.0009585591734759849, 0.84869666340333]], "fy": 765.2017946726982, "fx": 765.2017946726982}, {"id": 9, "img_name": "fig_000073", "width": 960, "height": 720, "position": [1.9304229183720072, -0.02164976893786965, -0.13083587036812847], "rotation": [[0.8882806596833114, 0.04020697028115921, -0.45753783359782496], [-0.0327073123019093, 0.9991694126505823, 0.024304660982531787], [0.45813502524317695, -0.006624527477519501, 0.8888579269383456]], "fy": 765.2017946726982, "fx": 765.2017946726982}, {"id": 10, "img_name": "fig_000081", "width": 960, "height": 720, "position": [1.508597000927445, 0.007439733503091473, -0.23688282741553704], "rotation": [[0.9161669424496546, 0.031908497854765364, -0.3995246942644518], [-0.024616041653282805, 0.999423733119428, 0.02337203822840706], [0.40004022804684924, -0.011577972287007313, 0.9164244466959325]], "fy": 765.2017946726982, "fx": 765.2017946726982}, {"id": 11, "img_name": "fig_000089", "width": 960, "height": 720, "position": [0.9727477566910884, 0.0323299908718515, -0.16867482843677217], "rotation": [[0.9409549733788162, 0.021834705287811323, -0.33782685464401074], [-0.016236397977540347, 0.9996801789018085, 0.019388638208070463], [0.33814215568956507, -0.012758744289425606, 0.9410085530906566]], "fy": 765.2017946726982, "fx": 765.2017946726982}, {"id": 12, "img_name": "fig_000097", "width": 960, "height": 720, "position": [0.4770034395535313, 0.007822216526874584, -0.17833788355861072], "rotation": [[0.9630592657963344, 0.011997145241682272, -0.26902215349274716], [-0.008802914354825223, 0.9998757463783743, 0.013076716069056636], [0.2691456097778428, -0.010225473599745512, 0.9630452120367838]], "fy": 765.2017946726982, "fx": 765.2017946726982}, {"id": 13, "img_name": "fig_000105", "width": 960, "height": 720, "position": [-0.1176515642146369, -0.007492456121470031, -0.30296073208377666], "rotation": [[0.9779648046699091, 0.007531905147252306, -0.20863391678200247], [-0.004772215442053063, 0.9998943833782024, 0.013727638125288119], [0.20871527684077504, -0.012429500938373503, 0.9778974592050547]], "fy": 765.2017946726982, "fx": 765.2017946726982}, {"id": 14, "img_name": "fig_000113", "width": 960, "height": 720, "position": [-0.6944926271763284, -0.017246040509050164, -0.53838145236181], "rotation": [[0.9902344220743633, 0.005976235994922187, -0.13928414820927928], [-0.004598876759263473, 0.9999373155067555, 0.010208593913791262], [0.1393364262194369, -0.009468350462281491, 0.990199833704247]], "fy": 765.2017946726982, "fx": 765.2017946726982}, {"id": 15, "img_name": "fig_000121", "width": 960, "height": 720, "position": [-1.0874999671729386, 0.03531987910008163, -0.5197877360232064], "rotation": [[0.9961171197592849, 0.004351583858812367, -0.08793035562526881], [-0.0040532607960380345, 0.9999854094684889, 0.003570984046129402], [0.0879446121111795, -0.0032007136794991935, 0.996120223985316]], "fy": 765.2017946726982, "fx": 765.2017946726982}, {"id": 16, "img_name": "fig_000129", "width": 960, "height": 720, "position": [-1.3346707814352372, 0.04030139007034983, -0.3733536674985191], "rotation": [[0.9993776083322591, 0.00159577489144569, -0.0352398845995488], [-0.0017130154371458942, 0.9999930977080624, -0.0032969856453805833], [0.035234380116667074, 0.003355300095308504, 0.9993734439232737]], "fy": 765.2017946726982, "fx": 765.2017946726982}, {"id": 17, "img_name": "fig_000137", "width": 960, "height": 720, "position": [-1.7889366583547706, 0.003372643559309571, -0.3816622540665973], "rotation": [[0.9996946736932866, -0.0014957933055392604, 0.024664184390739016], [0.0014521361048997281, 0.9999973473889482, 0.0017878802532789431], [-0.02466679326556488, -0.001751518613752667, 0.9996941939876112]], "fy": 765.2017946726982, "fx": 765.2017946726982}, {"id": 18, "img_name": "fig_000145", "width": 960, "height": 720, "position": [-2.3174014199378004, -0.00389786949865062, -0.4539022887302309], "rotation": [[0.9960424069772033, -0.004927426794919062, 0.08874257134115647], [0.004847649491064488, 0.9999876290435047, 0.0011144749265225994], [-0.08874696500428232, -0.0006798714075316003, 0.9960539714179136]], "fy": 765.2017946726982, "fx": 765.2017946726982}, {"id": 19, "img_name": "fig_000153", "width": 960, "height": 720, "position": [-2.658288990371028, 0.002233207204761469, -0.3804812568937283], "rotation": [[0.9897194246123087, -0.0063646082465935614, 0.14288090252706429], [0.00667457347422914, 0.9999762963615572, -0.001690202343032111], [-0.1428667582540395, 0.0026264951724051786, 0.9897384457062841]], "fy": 765.2017946726982, "fx": 765.2017946726982}, {"id": 20, "img_name": "fig_000161", "width": 960, "height": 720, "position": [-2.8484073646504187, 0.03109598453284482, -0.19784854769783158], "rotation": [[0.9799467186447655, -0.005914973332430926, 0.1991718898535467], [0.007262689259843528, 0.9999554048649296, -0.006036689997810982], [-0.1991273008958633, 0.0073621581001326415, 0.9799459764017795]], "fy": 765.2017946726982, "fx": 765.2017946726982}, {"id": 21, "img_name": "fig_000169", "width": 960, "height": 720, "position": [-3.1824713185465794, 0.020271953719735607, -0.1531871996421895], "rotation": [[0.9684388740652512, -0.0068479460906003065, 0.24915708465457806], [0.0088196447829446, 0.9999379987318547, -0.006797981909043475], [-0.24909508438572414, 0.008780906927717446, 0.96843922607895]], "fy": 765.2017946726982, "fx": 765.2017946726982}, {"id": 22, "img_name": "fig_000177", "width": 960, "height": 720, "position": [-3.676578803562363, 0.01580155832248318, -0.17745163878541592], "rotation": [[0.9527532943187578, -0.009190855185620992, 0.3036061401647072], [0.011106264440924614, 0.999927822234928, -0.004582707789364218], [-0.30354210754839783, 0.007738120021774652, 0.9527866027834383]], "fy": 765.2017946726982, "fx": 765.2017946726982}, {"id": 23, "img_name": "fig_000185", "width": 960, "height": 720, "position": [-4.038386454803048, -0.008675301327779217, -0.15589670320251683], "rotation": [[0.9361093282286683, -0.015212022701740038, 0.351380022153498], [0.01507965010213981, 0.9998814481393498, 0.0031134899315053035], [-0.35138572787759614, 0.0023841208187287337, 0.936227742705723]], "fy": 765.2017946726982, "fx": 765.2017946726982}, {"id": 24, "img_name": "fig_000193", "width": 960, "height": 720, "position": [-4.10134928862624, 0.007062799476741083, -0.021134179974655203], "rotation": [[0.9149649441729582, -0.02406572166361852, 0.40281508409614536], [0.02142070565633336, 0.9997092518849247, 0.011070910751569688], [-0.4029643958264305, -0.0015009118873990613, 0.9152144245802436]], "fy": 765.2017946726982, "fx": 765.2017946726982}, {"id": 25, "img_name": "fig_000201", "width": 960, "height": 720, "position": [-4.333196784580912, 0.004037864691674965, 0.16203535878717606], "rotation": [[0.8819360092946336, -0.03442008092224452, 0.47011076730783585], [0.029544997817791574, 0.999405900424083, 0.01774652927968529], [-0.47044231167423994, -0.0017618816175256785, 0.8824289927012616]], "fy": 765.2017946726982, "fx": 765.2017946726982}, {"id": 26, "img_name": "fig_000209", "width": 960, "height": 720, "position": [-4.801334959965771, -0.0049695733935541065, 0.3114589326054511], "rotation": [[0.8529099347905924, -0.04290655693591948, 0.5202919089390224], [0.0365587484023098, 0.9990790805159229, 0.0224599374601698], [-0.5207764405680848, -0.00013508279989499209, 0.8536930834333103]], "fy": 765.2017946726982, "fx": 765.2017946726982}, {"id": 27, "img_name": "fig_000217", "width": 960, "height": 720, "position": [-5.200049088621025, -0.017949119861662862, 0.4456702359929773], "rotation": [[0.8242644768055394, -0.04960573581850213, 0.5640277858850533], [0.041213785427721875, 0.9987687591106633, 0.02761140552858092], [-0.5647030159005777, 0.0004866194108583226, 0.8252940488300767]], "fy": 765.2017946726982, "fx": 765.2017946726982}, {"id": 28, "img_name": "fig_000002", "width": 960, "height": 720, "position": [7.016116309131286, -0.0604644714249908, 0.8042955139443968], "rotation": [[0.4577560662072039, 0.07583440282443077, -0.8858377544442141], [-0.044697120901040464, 0.9970586946464467, 0.06225854811254245], [0.8879535749315186, 0.011095169137329854, 0.4597992453105489]], "fy": 765.2017946726982, "fx": 765.2017946726982}, {"id": 29, "img_name": "fig_000003", "width": 960, "height": 720, "position": [6.99648520601761, -0.06862763061125407, 0.7921336836175141], "rotation": [[0.4618315538443195, 0.07649463603793852, -0.883662937171841], [-0.04381868025223434, 0.9970253260641259, 0.0634068012730171], [0.8858846082502472, 0.009437682138467685, 0.46380964955589193]], "fy": 765.2017946726982, "fx": 765.2017946726982}, {"id": 30, "img_name": "fig_000004", "width": 960, "height": 720, "position": [6.973018007279337, -0.06320456662736153, 0.8010952964881751], "rotation": [[0.46364080327384427, 0.07694423790050924, -0.8826759256904506], [-0.04500200931885684, 0.9969812859038449, 0.06327033044627811], [0.8848796667891344, 0.010387483401938312, 0.46570384955648]], "fy": 765.2017946726982, "fx": 765.2017946726982}, {"id": 31, "img_name": "fig_000005", "width": 960, "height": 720, "position": [6.952802688419757, -0.05531387361469857, 0.7991550881097522], "rotation": [[0.4657769970502698, 0.07661130135043269, -0.8815795469067019], [-0.045317120425314515, 0.9970031150278774, 0.06269886140167234], [0.8837409957760195, 0.010746959109523207, 0.46785292053668714]], "fy": 765.2017946726982, "fx": 765.2017946726982}, {"id": 32, "img_name": "fig_000006", "width": 960, "height": 720, "position": [6.925119469410541, -0.05171266106390921, 0.8037798790976088], "rotation": [[0.46746884591673354, 0.07668506440627713, -0.8806771707012065], [-0.04506279491095121, 0.9970023212834288, 0.06289448203354778], [0.8828602508959675, 0.010284563795311945, 0.46952316783674203]], "fy": 765.2017946726982, "fx": 765.2017946726982}, {"id": 33, "img_name": "fig_000007", "width": 960, "height": 720, "position": [6.87445343686047, -0.04413386906727441, 0.8055530875794639], "rotation": [[0.47159817658679093, 0.0770567811281077, -0.878440329403306], [-0.04507398788480206, 0.9969789036930604, 0.06325662974853859], [0.8806608288417139, 0.009763097518609619, 0.47364668949615535]], "fy": 765.2017946726982, "fx": 765.2017946726982}, {"id": 34, "img_name": "fig_000008", "width": 960, "height": 720, "position": [6.814233255759305, -0.026151206357133683, 0.8252130181365813], "rotation": [[0.47559536164500466, 0.07634707447432293, -0.8763447815791277], [-0.04555056478538678, 0.9970274349616973, 0.06214048584804242], [0.8784840340208178, 0.01036427290795967, 0.4776592758626172]], "fy": 765.2017946726982, "fx": 765.2017946726982}, {"id": 35, "img_name": "fig_000010", "width": 960, "height": 720, "position": [6.728434331615566, -0.029612634650250075, 0.8377743020228566], "rotation": [[0.4846626300805473, 0.07692947652804123, -0.8713116495517136], [-0.045007658018049616, 0.9969986991855759, 0.0629913052889041], [0.8735424693299902, 0.008686165056639272, 0.4866704273052471]], "fy": 765.2017946726982, "fx": 765.2017946726982}, {"id": 36, "img_name": "fig_000011", "width": 960, "height": 720, "position": [6.663840825901537, -0.013282347436489482, 0.8481803699609372], "rotation": [[0.49021911916705474, 0.07577769136479438, -0.8682988867288146], [-0.0459894263263708, 0.9970745529825704, 0.06105168679716183], [0.8703850802198116, 0.010003863555117046, 0.4922699816612042]], "fy": 765.2017946726982, "fx": 765.2017946726982}, {"id": 37, "img_name": "fig_000012", "width": 960, "height": 720, "position": [6.5921378367065335, -0.018169568648120582, 0.8560890585192037], "rotation": [[0.49569483576025325, 0.0758924574696897, -0.8651745284622213], [-0.045006730627852216, 0.9970809141438518, 0.06167693935542455], [0.86732982422998, 0.008365736624595966, 0.4976635313662439]], "fy": 765.2017946726982, "fx": 765.2017946726982}, {"id": 38, "img_name": "fig_000013", "width": 960, "height": 720, "position": [6.5172290419342636, -0.002307772533736714, 0.8589857932447136], "rotation": [[0.5014746673973893, 0.07457458724718286, -0.8619523124254551], [-0.04586446953582974, 0.9971687442505388, 0.05958981392822674], [0.8639557907629734, 0.009650203454645493, 0.5034751882470566]], "fy": 765.2017946726982, "fx": 765.2017946726982}, {"id": 39, "img_name": "fig_000014", "width": 960, "height": 720, "position": [6.472237299846103, -0.010731992104707993, 0.8601761634201435], "rotation": [[0.5047841849504888, 0.07498372657189997, -0.8599827715560708], [-0.04546356851199252, 0.997146972367586, 0.060257608949510676], [0.8620475570187677, 0.008680797633128642, 0.5067530495127054]], "fy": 765.2017946726982, "fx": 765.2017946726982}, {"id": 40, "img_name": "fig_000015", "width": 960, "height": 720, "position": [6.3899599344759315, -0.013327762775575298, 0.8661858635327139], "rotation": [[0.5108614625920956, 0.07476758088332945, -0.8564054967637234], [-0.04537686092013913, 0.997167147326711, 0.059988505443493496], [0.8584646215956131, 0.008215177488313158, 0.5128069854511893]], "fy": 765.2017946726982, "fx": 765.2017946726982}, {"id": 41, "img_name": "fig_000016", "width": 960, "height": 720, "position": [6.308185527866545, -0.008028914866012983, 0.8726489884815666], "rotation": [[0.5171628469390022, 0.07434434350776067, -0.8526520441155032], [-0.04546239424552233, 0.9972000741098466, 0.059373250751336266], [0.8546787469309219, 0.00805796399324518, 0.5190947011489068]], "fy": 765.2017946726982, "fx": 765.2017946726982}, {"id": 42, "img_name": "fig_000018", "width": 960, "height": 720, "position": [6.133817498295519, -0.00809200665613847, 0.8847914130275306], "rotation": [[0.5306211163714774, 0.07380720049580142, -0.8443895593952232], [-0.045821474481685436, 0.9972426707752429, 0.05837335060954633], [0.8463696729780735, 0.007717042181648729, 0.532539974014116]], "fy": 765.2017946726982, "fx": 765.2017946726982}, {"id": 43, "img_name": "fig_000019", "width": 960, "height": 720, "position": [6.086803944360073, -0.011094383030610026, 0.8927472299325483], "rotation": [[0.5339668873659233, 0.07352917183379379, -0.8423020978759248], [-0.04542451271722316, 0.997267422059158, 0.058260643181173265], [0.8442842985873598, 0.0071519080613208965, 0.5358478080294182]], "fy": 765.2017946726982, "fx": 765.2017946726982}, {"id": 44, "img_name": "fig_000020", "width": 960, "height": 720, "position": [6.008249397421233, -0.007903388786673436, 0.9026533458666052], "rotation": [[0.5405018707896676, 0.07237617120155425, -0.838223966201798], [-0.04590482522433101, 0.9973458649472182, 0.05651524302176035], [0.8400895634954604, 0.007931930085944889, 0.5423897213177242]], "fy": 765.2017946726982, "fx": 765.2017946726982}, {"id": 45, "img_name": "fig_000021", "width": 960, "height": 720, "position": [5.930942182336243, -0.01127182784744793, 0.9001148600514516], "rotation": [[0.5482577963642692, 0.0719514245691797, -0.8332084860515172], [-0.04627446066587335, 0.9973758143366154, 0.05567907386492934], [0.8350281809710846, 0.00802978697347329, 0.5501485794812911]], "fy": 765.2017946726982, "fx": 765.2017946726982}, {"id": 46, "img_name": "fig_000022", "width": 960, "height": 720, "position": [5.859204937496243, -0.0074051191134487165, 0.8998925295993783], "rotation": [[0.5553329553523901, 0.0713326579296863, -0.8285631904763008], [-0.04740768414572644, 0.997409785171908, 0.054094657104626354], [0.830275749485386, 0.009239716230189536, 0.5572762398133139]], "fy": 765.2017946726982, "fx": 765.2017946726982}, {"id": 47, "img_name": "fig_000023", "width": 960, "height": 720, "position": [5.78225472076732, -0.007413513002138348, 0.9039322519572085], "rotation": [[0.5627480234500708, 0.07081883898039303, -0.8235893115798112], [-0.04753558843814602, 0.9974471158872156, 0.05328807408899751], [0.8252605830493042, 0.009162044190269652, 0.5646778081449438]], "fy": 765.2017946726982, "fx": 765.2017946726982}, {"id": 48, "img_name": "fig_000024", "width": 960, "height": 720, "position": [5.746223243376222, -0.008303856767042787, 0.9028924721533009], "rotation": [[0.5664223342115307, 0.07071377940672552, -0.8210756973071228], [-0.04767232509437571, 0.9974550238382915, 0.05301721267521707], [0.8227351267123929, 0.009112454212230784, 0.5683518931540326]], "fy": 765.2017946726982, "fx": 765.2017946726982}, {"id": 49, "img_name": "fig_000026", "width": 960, "height": 720, "position": [5.580023845807758, -0.007643020210492608, 0.8895902911688617], "rotation": [[0.5818515418101948, 0.06982147902618123, -0.8102923820200308], [-0.04726098391192322, 0.997527195969493, 0.05201819586373453], [0.811920675123362, 0.008028347765103997, 0.5837125687694128]], "fy": 765.2017946726982, "fx": 765.2017946726982}, {"id": 50, "img_name": "fig_000027", "width": 960, "height": 720, "position": [5.4844592423928304, -0.0036431120797845214, 0.8719549829345424], "rotation": [[0.5914972312668906, 0.06916088641403595, -0.8033354201042222], [-0.04796154482689812, 0.9975682944047608, 0.050568648550200566], [0.8048793174267926, 0.00861799215601158, 0.5933759470940654]], "fy": 765.2017946726982, "fx": 765.2017946726982}, {"id": 51, "img_name": "fig_000028", "width": 960, "height": 720, "position": [5.3823669879345815, -0.01251213455682936, 0.8518423191425611], "rotation": [[0.6005915468196842, 0.06896580792739605, -0.7965761176596124], [-0.04744996773113863, 0.9975914936265371, 0.0505936004479671], [0.7981467875341308, 0.007411422326122663, 0.6024174436120279]], "fy": 765.2017946726982, "fx": 765.2017946726982}, {"id": 52, "img_name": "fig_000029", "width": 960, "height": 720, "position": [5.3298348146765475, -0.016881588255580095, 0.8363836809548377], "rotation": [[0.6056379973643413, 0.06882387568441381, -0.7927584060003945], [-0.04737577506048455, 0.9976040937521353, 0.05041436369130596], [0.7943287430818102, 0.007024689655582869, 0.6074475299557275]], "fy": 765.2017946726982, "fx": 765.2017946726982}, {"id": 53, "img_name": "fig_000030", "width": 960, "height": 720, "position": [5.224105673527989, -0.017032314297171943, 0.806928858246068], "rotation": [[0.6142519007105688, 0.06806459203391116, -0.786169074553757], [-0.04755873255802871, 0.9976552361068256, 0.0492158188604835], [0.7876755483261666, 0.007158294482016005, 0.6160486907616811]], "fy": 765.2017946726982, "fx": 765.2017946726982}, {"id": 54, "img_name": "fig_000031", "width": 960, "height": 720, "position": [5.117950036261876, -0.021451640327099373, 0.7672769362440539], "rotation": [[0.6226943038311684, 0.06744489272990355, -0.7795530709456977], [-0.047637282004033284, 0.9976978757182694, 0.048266325222881115], [0.7810137600192997, 0.007080623694599649, 0.6244736755289295]], "fy": 765.2017946726982, "fx": 765.2017946726982}, {"id": 55, "img_name": "fig_000032", "width": 960, "height": 720, "position": [5.006918229428952, -0.025877949506034538, 0.7280436451083193], "rotation": [[0.6312858652643113, 0.0670887465974044, -0.7726430329702579], [-0.04787398068763348, 0.9977225083256845, 0.047517137470858645], [0.7740712100902668, 0.006992600395678456, 0.6330599223210204]], "fy": 765.2017946726982, "fx": 765.2017946726982}, {"id": 56, "img_name": "fig_000034", "width": 960, "height": 720, "position": [4.848773409237624, -0.04333364108903555, 0.6666145065491962], "rotation": [[0.6441017350941208, 0.06632564475309169, -0.7620589633990468], [-0.04825153131464925, 0.9977727379798694, 0.04605814878983218], [0.7634164948273872, 0.007104378385304171, 0.6458674656872135]], "fy": 765.2017946726982, "fx": 765.2017946726982}, {"id": 57, "img_name": "fig_000035", "width": 960, "height": 720, "position": [4.7496457642566146, -0.04657559377318174, 0.6179010667569859], "rotation": [[0.6524983171634885, 0.06500971695479728, -0.7549964786674652], [-0.048312354068942506, 0.9978552595379311, 0.044167832828942766], [0.7562485454816642, 0.007656220604543971, 0.6542396500846779]], "fy": 765.2017946726982, "fx": 765.2017946726982}, {"id": 58, "img_name": "fig_000036", "width": 960, "height": 720, "position": [4.65199162322515, -0.04669631142518268, 0.5672200371207897], "rotation": [[0.6608409047353998, 0.06433082302732494, -0.7477638957833718], [-0.04870484928657349, 0.9978954988817997, 0.04280666966042153], [0.7489440141188595, 0.008131329538967813, 0.6625833873524587]], "fy": 765.2017946726982, "fx": 765.2017946726982}, {"id": 59, "img_name": "fig_000037", "width": 960, "height": 720, "position": [4.551543335345907, -0.0571291147988777, 0.5237774098124038], "rotation": [[0.6688702768339349, 0.06433932869572624, -0.7405896323545709], [-0.04774786471557456, 0.9979087021855801, 0.043570213648709666], [0.7418441171723331, 0.006218752710497054, 0.670543535448316]], "fy": 765.2017946726982, "fx": 765.2017946726982}, {"id": 60, "img_name": "fig_000038", "width": 960, "height": 720, "position": [4.456036918382854, -0.04462051797752892, 0.4745390978480031], "rotation": [[0.676975373082097, 0.06311474298353249, -0.7332945339074051], [-0.04864244746261963, 0.9979748465594787, 0.04098924175233786], [0.7343965254174355, 0.007920533612575905, 0.6786744496458448]], "fy": 765.2017946726982, "fx": 765.2017946726982}, {"id": 61, "img_name": "fig_000039", "width": 960, "height": 720, "position": [4.411501826538961, -0.0434000592460595, 0.4614381153715393], "rotation": [[0.6800354317699497, 0.0629339021660461, -0.7304732270902283], [-0.048959482096409226, 0.9979832779962419, 0.04040230132959448], [0.7315427401391591, 0.008288594454459933, 0.6817452006077199]], "fy": 765.2017946726982, "fx": 765.2017946726982}, {"id": 62, "img_name": "fig_000040", "width": 960, "height": 720, "position": [4.321738351041166, -0.0406796200694546, 0.4186720046950413], "rotation": [[0.6879252450722495, 0.061827257276180804, -0.7231433104509716], [-0.048772019416287955, 0.9980507968170566, 0.03893452317539749], [0.7241409719898071, 0.008485118180867043, 0.6895997791872573]], "fy": 765.2017946726982, "fx": 765.2017946726982}, {"id": 63, "img_name": "fig_000042", "width": 960, "height": 720, "position": [4.139526317259072, -0.0391615427958973, 0.3639032423953211], "rotation": [[0.7030814744069269, 0.06092362170542033, -0.7084947089880604], [-0.04840399618416114, 0.9981125612112253, 0.03779376014333064], [0.7094600013384726, 0.007721882585401784, 0.7047033979130168]], "fy": 765.2017946726982, "fx": 765.2017946726982}, {"id": 64, "img_name": "fig_000043", "width": 960, "height": 720, "position": [4.04842086959812, -0.03224161022025399, 0.34820258273008925], "rotation": [[0.7100415014048476, 0.06054257463863054, -0.7015523237356398], [-0.048324964488954805, 0.9981376684770735, 0.03722757814165546], [0.7024996541564211, 0.0074693656543012, 0.7116448865036766]], "fy": 765.2017946726982, "fx": 765.2017946726982}, {"id": 65, "img_name": "fig_000044", "width": 960, "height": 720, "position": [4.000095172296943, -0.025955133223412613, 0.33674034336898945], "rotation": [[0.7140367486841086, 0.06013221317135769, -0.6975210666838255], [-0.04831194702706112, 0.9981617235346102, 0.036594117626617184], [0.6984393154047684, 0.007569056052814595, 0.7156292560309335]], "fy": 765.2017946726982, "fx": 765.2017946726982}, {"id": 66, "img_name": "fig_000045", "width": 960, "height": 720, "position": [3.9063515026955504, -0.015553342419457383, 0.32684087257281436], "rotation": [[0.7208928908811695, 0.05973902628337594, -0.6904670076228874], [-0.047966621303875426, 0.998189741759173, 0.03628281531863886], [0.6913845840902738, 0.006963345853105967, 0.7224533678354951]], "fy": 765.2017946726982, "fx": 765.2017946726982}, {"id": 67, "img_name": "fig_000046", "width": 960, "height": 720, "position": [3.8064911028078035, -0.005538193289357829, 0.32306390991717526], "rotation": [[0.7290264810513309, 0.059614125138460615, -0.6818845547524078], [-0.04729357421444113, 0.9982064024876541, 0.03670552915677291], [0.6828496963197221, 0.005489455039574969, 0.7305382660199476]], "fy": 765.2017946726982, "fx": 765.2017946726982}, {"id": 68, "img_name": "fig_000047", "width": 960, "height": 720, "position": [3.706913896430158, 0.010918397638784327, 0.3194293928912211], "rotation": [[0.7375294682000743, 0.059311265491941496, -0.672705327258719], [-0.046914612769059186, 0.9982290151855895, 0.03657666401323457], [0.6736833845696694, 0.0045833423778123515, 0.7390058797651089]], "fy": 765.2017946726982, "fx": 765.2017946726982}, {"id": 69, "img_name": "fig_000048", "width": 960, "height": 720, "position": [3.616579252000757, 0.02035940769643608, 0.31798181274245124], "rotation": [[0.7450787478750226, 0.05931736114056168, -0.6643335834746795], [-0.04637911576173403, 0.998234180265981, 0.037114673242055064], [0.6653620345993213, 0.0031578499053987593, 0.7465141598776455]], "fy": 765.2017946726982, "fx": 765.2017946726982}, {"id": 70, "img_name": "fig_000050", "width": 960, "height": 720, "position": [3.4875001834668233, 0.04131106090182798, 0.3081106503864806], "rotation": [[0.7564571457394124, 0.05825037508851145, -0.6514441499175729], [-0.04612257202941113, 0.9982973916115847, 0.035707509726922666], [0.652414971478409, 0.0030350788382215504, 0.7578558525783596]], "fy": 765.2017946726982, "fx": 765.2017946726982}, {"id": 71, "img_name": "fig_000051", "width": 960, "height": 720, "position": [3.4045655669019523, 0.04054364623631334, 0.3000693388763934], "rotation": [[0.7642442959176327, 0.05776232790004879, -0.6423349357095012], [-0.04563147075693447, 0.998327954711591, 0.03548328786809817], [0.6433105199154767, 0.002192787481388119, 0.7656022248198738]], "fy": 765.2017946726982, "fx": 765.2017946726982}, {"id": 72, "img_name": "fig_000052", "width": 960, "height": 720, "position": [3.327282047692075, 0.0363909679256669, 0.2932353325800485], "rotation": [[0.7717568630422063, 0.057371736413456935, -0.633324425715729], [-0.04564814743081047, 0.9983507950526586, 0.034812880573995335], [0.6342772193476509, 0.0020430072513553765, 0.7731029912876953]], "fy": 765.2017946726982, "fx": 765.2017946726982}, {"id": 73, "img_name": "fig_000053", "width": 960, "height": 720, "position": [3.25419771134492, 0.031213387939819457, 0.28420510058602105], "rotation": [[0.7784666282187603, 0.05635159797823568, -0.6251513465993763], [-0.04498114468117908, 0.9984095996103959, 0.03398482056712853], [0.6260722046001445, 0.0016639744915083546, 0.7797633139716222]], "fy": 765.2017946726982, "fx": 765.2017946726982}, {"id": 74, "img_name": "fig_000054", "width": 960, "height": 720, "position": [3.218202158496099, 0.02897729858952685, 0.2821010988371282], "rotation": [[0.7814757286928261, 0.05626452587006978, -0.6213935858959542], [-0.0448309166260119, 0.9984150888322082, 0.034022041482622695], [0.6223229662952252, 0.0012702443819899477, 0.782759549351346]], "fy": 765.2017946726982, "fx": 765.2017946726982}, {"id": 75, "img_name": "fig_000055", "width": 960, "height": 720, "position": [3.1400600233618468, 0.01979941916845303, 0.2759615387551193], "rotation": [[0.7877988930185242, 0.05599638943574197, -0.6133818619171489], [-0.04405546003625737, 0.9984309496704064, 0.034565230814275594], [0.6143549630301536, -0.00020763046776000558, 0.7890297436027411]], "fy": 765.2017946726982, "fx": 765.2017946726982}, {"id": 76, "img_name": "fig_000056", "width": 960, "height": 720, "position": [3.0651645927903535, 0.015123303330223319, 0.2587849505348045], "rotation": [[0.7942755829345038, 0.0548618401429426, -0.6050755959796958], [-0.043787033318856514, 0.9984939262269611, 0.03305412229966467], [0.6059777174675545, 0.00024038302363537222, 0.7954815825327537]], "fy": 765.2017946726982, "fx": 765.2017946726982}, {"id": 77, "img_name": "fig_000058", "width": 960, "height": 720, "position": [2.9061488933765367, 0.005988988378579603, 0.2065859281367869], "rotation": [[0.8084087754545303, 0.051916523277812765, -0.5863274907241267], [-0.043430253973250885, 0.9986485728910298, 0.028545418240557244], [0.5870170907289886, 0.0023879852289614496, 0.8095710177116153]], "fy": 765.2017946726982, "fx": 765.2017946726982}, {"id": 78, "img_name": "fig_000059", "width": 960, "height": 720, "position": [2.8670178070948715, -0.0010205923223877982, 0.19764923557923458], "rotation": [[0.8113638808722035, 0.05172877566675539, -0.5822480455819627], [-0.04312747685635589, 0.9986593918434135, 0.028625859339910794], [0.5829482597589614, 0.0018849007831627232, 0.8125070914109218]], "fy": 765.2017946726982, "fx": 765.2017946726982}, {"id": 79, "img_name": "fig_000060", "width": 960, "height": 720, "position": [2.7806012526278474, -0.010074559151809385, 0.17200653084258022], "rotation": [[0.8187064336899548, 0.050977459706119395, -0.5719449921422399], [-0.04262499722618223, 0.9986987421618364, 0.02799878597071923], [0.5726280512218588, 0.0014563674938559183, 0.8198139996045317]], "fy": 765.2017946726982, "fx": 765.2017946726982}, {"id": 80, "img_name": "fig_000061", "width": 960, "height": 720, "position": [2.701193427821778, -0.011390137111475558, 0.1451568557525933], "rotation": [[0.8261468151890063, 0.04960351140285896, -0.5612672548880507], [-0.04236082020123141, 0.9987661881864032, 0.02591644743172147], [0.5618603035140858, 0.002364950762421449, 0.8272287509165469]], "fy": 765.2017946726982, "fx": 765.2017946726982}, {"id": 81, "img_name": "fig_000062", "width": 960, "height": 720, "position": [2.6240028284304215, -0.02710361413075191, 0.11762071426535813], "rotation": [[0.8331105970188887, 0.04913762901047299, -0.550919437440775], [-0.04152791630167608, 0.9987915360706923, 0.02628496987231286], [0.5515452522708104, 0.000980249344060906, 0.8341443962580768]], "fy": 765.2017946726982, "fx": 765.2017946726982}, {"id": 82, "img_name": "fig_000063", "width": 960, "height": 720, "position": [2.5524408121909805, -0.031618031417290825, 0.09267409993254083], "rotation": [[0.8390232458527743, 0.048334483160595874, -0.5419444350265745], [-0.04087254769853106, 0.9988310809252079, 0.025805166583691558], [0.5425582252286906, 0.0004995151437567019, 0.8400180490449681]], "fy": 765.2017946726982, "fx": 765.2017946726982}, {"id": 83, "img_name": "fig_000064", "width": 960, "height": 720, "position": [2.516811753483907, -0.03792088091950917, 0.07921665194026663], "rotation": [[0.8418300830673316, 0.04819153178359032, -0.5375869115847227], [-0.040155822097787154, 0.99883774763429, 0.0266582792488465], [0.5382468032366752, -0.0008544970507936185, 0.8427868346386825]], "fy": 765.2017946726982, "fx": 765.2017946726982}, {"id": 84, "img_name": "fig_000066", "width": 960, "height": 720, "position": [2.368995913554001, -0.03358008296016518, 0.0213531939840805], "rotation": [[0.8534258021484147, 0.046236228326390745, -0.5191595240554533], [-0.03866026983666817, 0.9989292254852313, 0.025412319997037996], [0.5197785910976817, -0.0016166822896643133, 0.8542994806125562]], "fy": 765.2017946726982, "fx": 765.2017946726982}, {"id": 85, "img_name": "fig_000067", "width": 960, "height": 720, "position": [2.3039286090481967, -0.03068498358884524, -0.003676308731786006], "rotation": [[0.8582298926668457, 0.04523548837356938, -0.5112682289411882], [-0.03807786544001572, 0.9989751782994664, 0.024467719654298368], [0.5118510794133257, -0.0015309255873332515, 0.8590728308881963]], "fy": 765.2017946726982, "fx": 765.2017946726982}, {"id": 86, "img_name": "fig_000068", "width": 960, "height": 720, "position": [2.2389879100870926, -0.03060234536733753, -0.02861804791268222], "rotation": [[0.8630017680556078, 0.04439005606902479, -0.5032469287090418], [-0.03729430673496601, 0.999012096711554, 0.024165374177588236], [0.5038224717279419, -0.0020865153182794034, 0.8638047021380317]], "fy": 765.2017946726982, "fx": 765.2017946726982}, {"id": 87, "img_name": "fig_000069", "width": 960, "height": 720, "position": [2.206028846481322, -0.037560283349517665, -0.043191311140979766], "rotation": [[0.8655632254219788, 0.0441863312425004, -0.49884654045951715], [-0.03648409985139947, 0.9990168225793103, 0.02518528660888723], [0.4994689312210858, -0.003599490917715188, 0.8663243217236831]], "fy": 765.2017946726982, "fx": 765.2017946726982}, {"id": 88, "img_name": "fig_000070", "width": 960, "height": 720, "position": [2.1394559967876483, -0.028878688226079145, -0.0691066221105152], "rotation": [[0.87086798841048, 0.04260579624994173, -0.48966692035279724], [-0.035521733377783755, 0.9990865312010371, 0.023755202177977917], [0.4902317342030417, -0.003293827346327347, 0.8715859094097901]], "fy": 765.2017946726982, "fx": 765.2017946726982}, {"id": 89, "img_name": "fig_000071", "width": 960, "height": 720, "position": [2.0704017137720205, -0.02410964731019005, -0.09092530410783926], "rotation": [[0.8766909386215611, 0.041768173242420444, -0.47923732935033064], [-0.03471931123910439, 0.9991192396615634, 0.02356510906365444], [0.4797995076757878, -0.004020527588623362, 0.8773689462204489]], "fy": 765.2017946726982, "fx": 765.2017946726982}, {"id": 90, "img_name": "fig_000072", "width": 960, "height": 720, "position": [1.9975376069546957, -0.021708280564274277, -0.10901033324879145], "rotation": [[0.8825182478416523, 0.04127700528556482, -0.46846318004850257], [-0.033933666389799, 0.9991332571181966, 0.024108936221441096], [0.4690522876096503, -0.005379902883802114, 0.8831540115592043]], "fy": 765.2017946726982, "fx": 765.2017946726982}, {"id": 91, "img_name": "fig_000074", "width": 960, "height": 720, "position": [1.8987208558968993, -0.023518421249221634, -0.1433511783641033], "rotation": [[0.891017009960453, 0.03964747415920177, -0.45223529910205973], [-0.03204840478963633, 0.9991870875035818, 0.024455345357387515], [0.4528372640492096, -0.0072967087721046, 0.8915633293992759]], "fy": 765.2017946726982, "fx": 765.2017946726982}, {"id": 92, "img_name": "fig_000075", "width": 960, "height": 720, "position": [1.84093838486394, -0.021361767410001585, -0.1650152431511091], "rotation": [[0.8956828755362944, 0.03856622719881243, -0.44301786938077836], [-0.031219149112760077, 0.9992275417632788, 0.02386806465531463], [0.4435961577828533, -0.007547575860142615, 0.8961950027192326]], "fy": 765.2017946726982, "fx": 765.2017946726982}, {"id": 93, "img_name": "fig_000076", "width": 960, "height": 720, "position": [1.7835380082195709, -0.011442108659030647, -0.1852175619360887], "rotation": [[0.8999309598455233, 0.0370245453337619, -0.4344576510482273], [-0.03021790783712302, 0.9992885632529759, 0.022566466222033697], [0.43498407506190634, -0.00717986034900807, 0.9004095201895115]], "fy": 765.2017946726982, "fx": 765.2017946726982}, {"id": 94, "img_name": "fig_000077", "width": 960, "height": 720, "position": [1.7277278433140082, -0.010877090346017894, -0.20352718085956364], "rotation": [[0.9038361811966619, 0.03592456186561211, -0.42636789679172477], [-0.029044514463752107, 0.9993219190230788, 0.02263003180722861], [0.4268917588094198, -0.008070192983757687, 0.9042667185326492]], "fy": 765.2017946726982, "fx": 765.2017946726982}, {"id": 95, "img_name": "fig_000078", "width": 960, "height": 720, "position": [1.6646036381772553, -0.004922574554140691, -0.22077549427362775], "rotation": [[0.9079569795932576, 0.03468487387745023, -0.4176255293106424], [-0.028055385182563414, 0.9993641414835445, 0.022004728562658688], [0.4181232097960443, -0.008262701795639066, 0.9083527449118484]], "fy": 765.2017946726982, "fx": 765.2017946726982}, {"id": 96, "img_name": "fig_000079", "width": 960, "height": 720, "position": [1.634279477770798, -0.0030692935288377738, -0.2267704608939263], "rotation": [[0.9097568559299842, 0.03413452445915951, -0.4137357820256028], [-0.027443821599090586, 0.999378883815238, 0.022106181041650276], [0.4142333880126365, -0.008756758769999899, 0.9101285730221949]], "fy": 765.2017946726982, "fx": 765.2017946726982}, {"id": 97, "img_name": "fig_000080", "width": 960, "height": 720, "position": [1.5724978701493109, 0.00045566522980033724, -0.23276286987285344], "rotation": [[0.91303267990526, 0.03315377466408452, -0.4065367789641449], [-0.026016482730719097, 0.9993952180163024, 0.02307251248715678], [0.4070558537244503, -0.010489300818973493, 0.9133430387959326]], "fy": 765.2017946726982, "fx": 765.2017946726982}, {"id": 98, "img_name": "fig_000082", "width": 960, "height": 720, "position": [1.4393684914804175, 0.02029838551439458, -0.23822476646797938], "rotation": [[0.9193971531050866, 0.03047099926954425, -0.3921484324408005], [-0.023467200137074096, 0.9994681684410149, 0.022642234670837518], [0.3926298070447379, -0.011614580348777158, 0.9196232577220596]], "fy": 765.2017946726982, "fx": 765.2017946726982}, {"id": 99, "img_name": "fig_000083", "width": 960, "height": 720, "position": [1.365412351452004, 0.03897359882675301, -0.23835227553421592], "rotation": [[0.9229366486379146, 0.028475001305569975, -0.38389727389193906], [-0.0