[{"id": 0, "img_name": "tv_000001", "width": 960, "height": 720, "position": [-4.204315106176414, -0.385974815000066, -3.2948939432966005], "rotation": [[0.999281019861036, -0.031595844154649645, 0.020955810116595055], [0.032033846791251326, 0.9992681250986807, -0.020905664818942443], [-0.020279940957565263, 0.021561929271807348, 0.9995618075941254]], "fy": 751.1609785957081, "fx": 751.1609785957081}, {"id": 1, "img_name": "tv_000009", "width": 960, "height": 720, "position": [-4.122049568725518, -0.18025802457987442, -3.3223632991632255], "rotation": [[0.999841229532179, -0.01722369215464826, 0.004567291992247677], [0.017305460136148542, 0.9996788537797849, -0.0185124378462631], [-0.004246972693191652, 0.018588537707347728, 0.9998181982184791]], "fy": 751.1609785957081, "fx": 751.1609785957081}, {"id": 2, "img_name": "tv_000017", "width": 960, "height": 720, "position": [-3.4430509586533473, -0.20090072232655284, -3.2445162784942414], "rotation": [[0.9998919595583536, -0.004878931146628222, -0.013865974232702256], [0.004687602384334135, 0.9998938206668662, -0.013797600374821455], [0.013931819495022422, 0.013731111502108971, 0.9998086621861579]], "fy": 751.1609785957081, "fx": 751.1609785957081}, {"id": 3, "img_name": "tv_000025", "width": 960, "height": 720, "position": [-2.5957192892448835, -0.3390135909006421, -3.053178575192007], "rotation": [[0.9999067518655784, 0.001760711918940426, 0.013542062884484682], [-0.001889437064129912, 0.9999531015854579, 0.009498666074943915], [-0.013524703368633584, -0.009523367217591656, 0.9998631845785849]], "fy": 751.1609785957081, "fx": 751.1609785957081}, {"id": 4, "img_name": "tv_000033", "width": 960, "height": 720, "position": [-1.7828146819201436, -0.4037196425124983, -2.770875753068818], "rotation": [[0.9987392630609861, 0.011630888023514108, 0.0488324365988695], [-0.012618548593595982, 0.9997210232636793, 0.019966168285714354], [-0.048586589217490754, -0.02055719067399252, 0.9986074029666534]], "fy": 751.1609785957081, "fx": 751.1609785957081}, {"id": 5, "img_name": "tv_000041", "width": 960, "height": 720, "position": [-0.9717934802443488, -0.5556391201870708, -2.7219183907933853], "rotation": [[0.9993548971447727, 0.03304824172942339, 0.014057143072269176], [-0.033336598132394826, 0.9992277409524027, 0.020798868625885366], [-0.013358921278301471, -0.02125406854583912, 0.9996848522372083]], "fy": 751.1609785957081, "fx": 751.1609785957081}, {"id": 6, "img_name": "tv_000049", "width": 960, "height": 720, "position": [0.006379541392226022, -0.6375862935710264, -2.371781259807158], "rotation": [[0.997895025615107, 0.05299970466442303, -0.03737043160185031], [-0.05142783157252694, 0.9977999368094569, 0.0418385497214214], [0.03950564506969148, -0.039828600383744146, 0.9984252533861009]], "fy": 751.1609785957081, "fx": 751.1609785957081}, {"id": 7, "img_name": "tv_000057", "width": 960, "height": 720, "position": [0.6022019210990035, -0.7621473174674512, -1.6677944860849456], "rotation": [[0.9912536544191674, 0.07245137486838076, -0.11030408369742084], [-0.0635148586894634, 0.9945663336264952, 0.08248436665459015], [0.11568083387624657, -0.07475698158990056, 0.9904692516061584]], "fy": 751.1609785957081, "fx": 751.1609785957081}, {"id": 8, "img_name": "tv_000065", "width": 960, "height": 720, "position": [1.4004328360084841, -0.8557954071617482, -1.1987246550392017], "rotation": [[0.9706780114529243, 0.11445663243751529, -0.211385612975103], [-0.08979120581386225, 0.9883567209921154, 0.12283538345365355], [0.22298371563925723, -0.10025303666611299, 0.9696533355787178]], "fy": 751.1609785957081, "fx": 751.1609785957081}, {"id": 9, "img_name": "tv_000073", "width": 960, "height": 720, "position": [2.0037694257911123, -0.9538126810692876, -0.42425419547479337], "rotation": [[0.951572106919713, 0.15593834089575845, -0.2649410484825945], [-0.12087637530105796, 0.9821758729651116, 0.14394254568854567], [0.2826648673366678, -0.10494659786719857, 0.9534604262210595]], "fy": 751.1609785957081, "fx": 751.1609785957081}, {"id": 10, "img_name": "tv_000081", "width": 960, "height": 720, "position": [2.64967099869263, -1.0856050948338063, 0.22698492034375745], "rotation": [[0.9293530911898812, 0.19122286473715747, -0.3158110952729925], [-0.14512766213608197, 0.9757682122590817, 0.16375090115059177], [0.33947134426741765, -0.1063494802358263, 0.9345849316540698]], "fy": 751.1609785957081, "fx": 751.1609785957081}, {"id": 11, "img_name": "tv_000089", "width": 960, "height": 720, "position": [3.493396083991761, -1.1918761145671486, 0.9031018923391512], "rotation": [[0.9045879341635272, 0.23129997301182087, -0.35807958870967876], [-0.17421494385267233, 0.9672351824308802, 0.18467608184687068], [0.3890627490574907, -0.10467293992543059, 0.9152451873368114]], "fy": 751.1609785957081, "fx": 751.1609785957081}, {"id": 12, "img_name": "tv_000097", "width": 960, "height": 720, "position": [4.06267151996721, -1.3719113236380012, 1.4837454847080207], "rotation": [[0.8731211229578386, 0.2541557495367246, -0.4160100475015824], [-0.19008473449288651, 0.9632933965559732, 0.18956166770849245], [0.4489179193990946, -0.0864331367536881, 0.8893829403093508]], "fy": 751.1609785957081, "fx": 751.1609785957081}, {"id": 13, "img_name": "tv_000105", "width": 960, "height": 720, "position": [4.518094787538396, -1.2222936713214203, 1.6196250103959247], "rotation": [[0.8363275772379121, 0.24036104765222546, -0.49272989590940053], [-0.17838122029060977, 0.9691645898377529, 0.17000040603555272], [0.518397843165842, -0.05428226760319113, 0.8534149703543165]], "fy": 751.1609785957081, "fx": 751.1609785957081}, {"id": 14, "img_name": "tv_000113", "width": 960, "height": 720, "position": [4.5660262147574695, -0.6683086527629734, 1.903426678900346], "rotation": [[0.8696945580873005, 0.196247373632883, -0.4528999271092134], [-0.14269028429048292, 0.9783465665931841, 0.1499249092193477], [0.47251545837404757, -0.06576445831544661, 0.8788652784244236]], "fy": 751.1609785957081, "fx": 751.1609785957081}, {"id": 15, "img_name": "tv_000121", "width": 960, "height": 720, "position": [4.177966117473973, 0.1474593166894788, 1.9580126582192883], "rotation": [[0.9237674444600453, 0.12002955211207804, -0.36365727708314993], [-0.08474708426544925, 0.9901406332544564, 0.11153231857613477], [0.3734590208634165, -0.07221103100107017, 0.924831837004707]], "fy": 751.1609785957081, "fx": 751.1609785957081}, {"id": 16, "img_name": "tv_000129", "width": 960, "height": 720, "position": [3.3754670276561627, 0.40242564524899527, 1.6880786316600738], "rotation": [[0.9667162115955965, 0.029270011191397292, -0.2541712664388191], [-0.010199707174289864, 0.9970536885150961, 0.07602570744163244], [0.2556476720250283, -0.07090281139205572, 0.9641665100618702]], "fy": 751.1609785957081, "fx": 751.1609785957081}, {"id": 17, "img_name": "tv_000137", "width": 960, "height": 720, "position": [2.53515978018989, 0.549973019781393, 1.4480488622877883], "rotation": [[0.9752116656402183, 0.05275762032882435, -0.21489262597043798], [-0.03755453218511226, 0.9965338928589237, 0.07422841434246442], [0.2180638996064876, -0.06431822355039689, 0.9738127652725306]], "fy": 751.1609785957081, "fx": 751.1609785957081}, {"id": 18, "img_name": "tv_000145", "width": 960, "height": 720, "position": [1.724762777077093, 0.7428236081577092, 1.2292530444354997], "rotation": [[0.9806837184060389, 0.07041413701632115, -0.18248642075933122], [-0.058324625271206756, 0.9957842087134251, 0.0707958174184836], [0.18670212248466334, -0.05878485336568177, 0.9806562386863692]], "fy": 751.1609785957081, "fx": 751.1609785957081}, {"id": 19, "img_name": "tv_000153", "width": 960, "height": 720, "position": [0.5197610172388422, 0.8431511621914863, 0.7909384580917113], "rotation": [[0.9919962837148372, 0.042400666940210927, -0.11893509380741075], [-0.03604741157358128, 0.9978315563327776, 0.055070584755854884], [0.12101221927886922, -0.050342513142792776, 0.9913736299476956]], "fy": 751.1609785957081, "fx": 751.1609785957081}, {"id": 20, "img_name": "tv_000161", "width": 960, "height": 720, "position": [-0.4352018796196907, 1.1076978732948615, 0.8341944660552602], "rotation": [[0.9979213984935202, 0.026116970917387614, -0.058913379285499876], [-0.022752591405267128, 0.9981107423831647, 0.05707245853888768], [0.06029263647479517, -0.055613395593403725, 0.9966302966584398]], "fy": 751.1609785957081, "fx": 751.1609785957081}, {"id": 21, "img_name": "tv_000169", "width": 960, "height": 720, "position": [-1.419572907815686, 1.2414833546056019, 0.71912891144483], "rotation": [[0.9990560015258588, 0.03549405235713024, -0.02504551980759709], [-0.034047939377408146, 0.997851313511837, 0.05597762005350095], [0.02697857741460399, -0.05507202892549963, 0.9981178427373759]], "fy": 751.1609785957081, "fx": 751.1609785957081}, {"id": 22, "img_name": "tv_000177", "width": 960, "height": 720, "position": [-2.5735716825817736, 1.3039549910094823, 0.47117432863454795], "rotation": [[0.9990300943919292, 0.04400116415904718, -0.0016637463453594817], [-0.04383953292105659, 0.9974737640633006, 0.05589441258886593], [0.004118962553448486, -0.05576726242195649, 0.9984352991503476]], "fy": 751.1609785957081, "fx": 751.1609785957081}, {"id": 23, "img_name": "tv_000185", "width": 960, "height": 720, "position": [-3.332926916975315, 1.1812305449124427, 0.7603884066024668], "rotation": [[0.9979145924606296, 0.028298174571319154, 0.058014476383627465], [-0.03096657875341405, 0.9984785821253832, 0.0456244675277781], [-0.05663512297544633, -0.04732583177098759, 0.9972726450137597]], "fy": 751.1609785957081, "fx": 751.1609785957081}, {"id": 24, "img_name": "tv_000193", "width": 960, "height": 720, "position": [-4.3839296648715065, 1.2145167700095365, 0.9761140523238943], "rotation": [[0.9869789454168446, 0.0004124332504207773, 0.1608489701635273], [-0.0050652869901183905, 0.9995804487233304, 0.028517878563681424], [-0.16076972405139311, -0.028961291906251185, 0.9865669462330267]], "fy": 751.1609785957081, "fx": 751.1609785957081}, {"id": 25, "img_name": "tv_000201", "width": 960, "height": 720, "position": [-5.205333368948197, 1.184693369720193, 1.3201787090854027], "rotation": [[0.9711035797616965, -0.003824262439734043, 0.23862776952989076], [-0.0024060311530540164, 0.9996639169092721, 0.025812094911153733], [-0.23864628299663324, -0.025640363616842767, 0.9707680069746256]], "fy": 751.1609785957081, "fx": 751.1609785957081}, {"id": 26, "img_name": "tv_000209", "width": 960, "height": 720, "position": [-5.864704533698865, 1.1717844252846437, 1.4746734181469], "rotation": [[0.9476448858602539, -0.009321895250496225, 0.31919002580256994], [-0.0015999707785046456, 0.9994226545351533, 0.03393814513811204], [-0.3193221107227222, -0.032672004389789164, 0.9470828526231161]], "fy": 751.1609785957081, "fx": 751.1609785957081}, {"id": 27, "img_name": "tv_000002", "width": 960, "height": 720, "position": [-4.20582880852098, -0.37954865721290787, -3.2978812428771334], "rotation": [[0.999300955426974, -0.030989826329760613, 0.020910072854678528], [0.03142676380348574, 0.9992874916859885, -0.02090137499700157], [-0.020247444272712703, 0.021543899924958795, 0.9995628551404091]], "fy": 751.1609785957081, "fx": 751.1609785957081}, {"id": 28, "img_name": "tv_000003", "width": 960, "height": 720, "position": [-4.200346277392479, -0.3750619516168559, -3.299084595890777], "rotation": [[0.999331649339806, -0.03048375085907665, 0.020174130993548763], [0.030900603355029976, 0.9993084230941098, -0.020684009414486382], [-0.019529652840699224, 0.021293578063002822, 0.9995825009438674]], "fy": 751.1609785957081, "fx": 751.1609785957081}, {"id": 29, "img_name": "tv_000004", "width": 960, "height": 720, "position": [-4.195055855910633, -0.358120060157651, -3.303744747562395], "rotation": [[0.9994233062305975, -0.02840218929558513, 0.01861103453113446], [0.028777343410791092, 0.999381523867118, -0.020209756536247445], [-0.018025522719708528, 0.020733677827504397, 0.9996225263240253]], "fy": 751.1609785957081, "fx": 751.1609785957081}, {"id": 30, "img_name": "tv_000005", "width": 960, "height": 720, "position": [-4.184568213316852, -0.3181788019171254, -3.313697345926366], "rotation": [[0.9995319068261876, -0.026210419552212694, 0.015779136329426187], [0.026520762244870304, 0.999452335103303, -0.01979088240847236], [-0.0152517673191238, 0.02020009315453533, 0.9996796185929727]], "fy": 751.1609785957081, "fx": 751.1609785957081}, {"id": 31, "img_name": "tv_000006", "width": 960, "height": 720, "position": [-4.181543573451065, -0.2822909849383631, -3.3124901481242035], "rotation": [[0.9996129947029829, -0.024218723617726704, 0.0136862795259447], [0.02448499710810086, 0.9995073562602329, -0.019634910193224678], [-0.01320400460278695, 0.019962419893586866, 0.9997135369966947]], "fy": 751.1609785957081, "fx": 751.1609785957081}, {"id": 32, "img_name": "tv_000007", "width": 960, "height": 720, "position": [-4.168135894261305, -0.2344396116798185, -3.310837889751326], "rotation": [[0.9997127941528098, -0.021545551184079675, 0.01049373295620584], [0.021744306498677642, 0.9995789986348047, -0.01920964921940579], [-0.010075432599820359, 0.01943231104154252, 0.9997604067702978]], "fy": 751.1609785957081, "fx": 751.1609785957081}, {"id": 33, "img_name": "tv_000008", "width": 960, "height": 720, "position": [-4.150634980867893, -0.21005841600969458, -3.3132396086987708], "rotation": [[0.9997757769855559, -0.019556688151524684, 0.008119833832775678], [0.01970666668772763, 0.9996286420165567, -0.01882087533016865], [-0.007748744478086812, 0.01897667011566988, 0.9997898994040368]], "fy": 751.1609785957081, "fx": 751.1609785957081}, {"id": 34, "img_name": "tv_000010", "width": 960, "height": 720, "position": [-4.082245053169554, -0.1592593897183409, -3.317971032431191], "rotation": [[0.9998827887328797, -0.015215542911032357, 0.001701778388026461], [0.0152441573229283, 0.9997163047695286, -0.018300973894113625], [-0.0014228363480148897, 0.01832477099124979, 0.9998310748845752]], "fy": 751.1609785957081, "fx": 751.1609785957081}, {"id": 35, "img_name": "tv_000011", "width": 960, "height": 720, "position": [-4.010595020220235, -0.13761432112836072, -3.3226895726724424], "rotation": [[0.9999156553811901, -0.012773396194147541, -0.002349994313289917], [0.012729102599553399, 0.9997572147784608, -0.01798558993818241], [0.0025791608354658268, 0.017954159631732768, 0.9998354845079779]], "fy": 751.1609785957081, "fx": 751.1609785957081}, {"id": 36, "img_name": "tv_000012", "width": 960, "height": 720, "position": [-3.942131311761424, -0.13320689883460873, -3.3184971644275665], "rotation": [[0.9999244065112386, -0.011231649815526533, -0.005003129577455233], [0.011141589007326988, 0.9997816347465747, -0.017679021971203027], [0.005200601651658685, 0.017621942738751926, 0.9998311961909235]], "fy": 751.1609785957081, "fx": 751.1609785957081}, {"id": 37, "img_name": "tv_000013", "width": 960, "height": 720, "position": [-3.870242548118075, -0.1387920577754779, -3.316261984901315], "rotation": [[0.9999247082925434, -0.009798813849684736, -0.007386541356493723], [0.009669408979612541, 0.9998026211040775, -0.017355729987575143], [0.007555148976489731, 0.01728299975570946, 0.9998220929962426]], "fy": 751.1609785957081, "fx": 751.1609785957081}, {"id": 38, "img_name": "tv_000014", "width": 960, "height": 720, "position": [-3.7633093724631785, -0.153755715508815, -3.3162508298409787], "rotation": [[0.9999151338604547, -0.008026462573247777, -0.010261626352052444], [0.007851533950389252, 0.9998250862524697, -0.01697499086501673], [0.010396080581390733, 0.01689298075538385, 0.9998032550005742]], "fy": 751.1609785957081, "fx": 751.1609785957081}, {"id": 39, "img_name": "tv_000015", "width": 960, "height": 720, "position": [-3.6738535740649345, -0.16909847299687578, -3.316514056437855], "rotation": [[0.9998968266597225, -0.007152786885667151, -0.012456872624585268], [0.006949656324661138, 0.9998434116029731, -0.016274352555391582], [0.012571328998399944, 0.01618610249245664, 0.9997899638290623]], "fy": 751.1609785957081, "fx": 751.1609785957081}, {"id": 40, "img_name": "tv_000016", "width": 960, "height": 720, "position": [-3.5506557287416527, -0.18521561655485685, -3.2763650828429816], "rotation": [[0.9998877505443547, -0.0058379099874205165, -0.013798736113460575], [0.005629041232666244, 0.9998697281456265, -0.015127479393209846], [0.013885251389553181, 0.015048107687341324, 0.9997903551489579]], "fy": 751.1609785957081, "fx": 751.1609785957081}, {"id": 41, "img_name": "tv_000018", "width": 960, "height": 720, "position": [-3.2972311857109204, -0.21973440870932476, -3.213936429101957], "rotation": [[0.9999152845884168, -0.003583229405506123, -0.012513357402919468], [0.0034400978160179924, 0.999928630281702, -0.011441156846030138], [0.012553460617770365, 0.011397140430246101, 0.999856247575886]], "fy": 751.1609785957081, "fx": 751.1609785957081}, {"id": 42, "img_name": "tv_000019", "width": 960, "height": 720, "position": [-3.1979511721002227, -0.22908897734636766, -3.2021606638828692], "rotation": [[0.9999380623044042, -0.0029366495874165147, -0.010735345551679208], [0.0028236365974190244, 0.9999406004958854, -0.010527229279043154], [0.010765622660995884, 0.010496264532134942, 0.9998869585106069]], "fy": 751.1609785957081, "fx": 751.1609785957081}, {"id": 43, "img_name": "tv_000020", "width": 960, "height": 720, "position": [-3.0666986466677364, -0.26516047948484, -3.1944205391588185], "rotation": [[0.9999657694024209, -0.0019652474278015835, -0.008037277273542085], [0.0018985026554097053, 0.9999637221662614, -0.008303616023368236], [0.008053304358564824, 0.008288072993383605, 0.9999332238379544]], "fy": 751.1609785957081, "fx": 751.1609785957081}, {"id": 44, "img_name": "tv_000021", "width": 960, "height": 720, "position": [-2.9767666389671343, -0.30201812700265884, -3.1893515551594946], "rotation": [[0.9999806150931716, -0.001190626867713127, -0.00611161562469575], [0.0011637926518709982, 0.9999896762778798, -0.004392371150575789], [0.006116782205179179, 0.004385173351515199, 0.9999716772139757]], "fy": 751.1609785957081, "fx": 751.1609785957081}, {"id": 45, "img_name": "tv_000022", "width": 960, "height": 720, "position": [-2.896774678065937, -0.3018172720896154, -3.1542170020763645], "rotation": [[0.9999937363554844, -0.00032862483725854664, -0.003524096411038439], [0.0003248440316756593, 0.9999993711842347, -0.0010733627020242853], [0.0035244469286743302, 0.0010722111971757083, 0.9999932142954748]], "fy": 751.1609785957081, "fx": 751.1609785957081}, {"id": 46, "img_name": "tv_000023", "width": 960, "height": 720, "position": [-2.7925623695118005, -0.33067219732306297, -3.1082801197333305], "rotation": [[0.9999973616918486, 0.0007049583704165764, 0.002186239474138607], [-0.0007148482059237092, 0.9999895012109002, 0.004526197081149122], [-0.0021830257407529354, -0.0045277479690122744, 0.9999873668686742]], "fy": 751.1609785957081, "fx": 751.1609785957081}, {"id": 47, "img_name": "tv_000024", "width": 960, "height": 720, "position": [-2.7040879173462153, -0.34147851460422773, -3.0850350691077484], "rotation": [[0.9999744082096518, 0.001097553773163866, 0.007069533327710621], [-0.0011476338384683743, 0.999974251230206, 0.007083771111604138], [-0.007061576476212646, -0.007091703060888037, 0.9999499196886645]], "fy": 751.1609785957081, "fx": 751.1609785957081}, {"id": 48, "img_name": "tv_000026", "width": 960, "height": 720, "position": [-2.5214304047413503, -0.3368490913253308, -2.9969273570712827], "rotation": [[0.9997039824942137, 0.002639606480834798, 0.02418635695666581], [-0.0029251954407012964, 0.999926333623088, 0.011780091626225531], [-0.024153480429176706, -0.011847354333981215, 0.999638059288682]], "fy": 751.1609785957081, "fx": 751.1609785957081}, {"id": 49, "img_name": "tv_000027", "width": 960, "height": 720, "position": [-2.382245756609253, -0.3428788208805413, -2.9380841035971077], "rotation": [[0.9993314329112342, 0.0038394392890153794, 0.03635857397541223], [-0.004363357395607284, 0.9998876365757497, 0.014341385400291447], [-0.036299425722974704, -0.014490442674654854, 0.999235897455288]], "fy": 751.1609785957081, "fx": 751.1609785957081}, {"id": 50, "img_name": "tv_000028", "width": 960, "height": 720, "position": [-2.285574986328556, -0.34287063586078176, -2.898922249468963], "rotation": [[0.9991339461753979, 0.004773918911171157, 0.0413348194408402], [-0.005439264025757301, 0.9998572128938914, 0.0159990071853643], [-0.04125253939862855, -0.016209982180397316, 0.9990172493360042]], "fy": 751.1609785957081, "fx": 751.1609785957081}, {"id": 51, "img_name": "tv_000029", "width": 960, "height": 720, "position": [-2.1588007537508895, -0.34134195870362954, -2.857446711516322], "rotation": [[0.9989493286029743, 0.006156641018093055, 0.04541293488689678], [-0.00695202526057596, 0.9998248324462564, 0.017377392456622148], [-0.04529799364699838, -0.01767484639790368, 0.9988171462166471]], "fy": 751.1609785957081, "fx": 751.1609785957081}, {"id": 52, "img_name": "tv_000030", "width": 960, "height": 720, "position": [-2.074146371063021, -0.34287538434527065, -2.8321743131533217], "rotation": [[0.9988595945567448, 0.007101345888748865, 0.047213146987928264], [-0.007979163744310274, 0.9997983088610585, 0.018430261650586015], [-0.0470727448517383, -0.01878596511057994, 0.9987147962291274]], "fy": 751.1609785957081, "fx": 751.1609785957081}, {"id": 53, "img_name": "tv_000031", "width": 960, "height": 720, "position": [-1.9705341750443917, -0.3422855300458789, -2.7996310325490326], "rotation": [[0.9987422324268534, 0.008789126752582295, 0.04936298631517377], [-0.009710379933074718, 0.9997825531694409, 0.018454129606931453], [-0.049190056806028705, -0.018910251952872714, 0.9986104048539143]], "fy": 751.1609785957081, "fx": 751.1609785957081}, {"id": 54, "img_name": "tv_000032", "width": 960, "height": 720, "position": [-1.8737985682576488, -0.37877894723791333, -2.7781736444285277], "rotation": [[0.998711410413333, 0.010250611486818368, 0.04970355796477414], [-0.011235880539139194, 0.9997450748189183, 0.019584186575544577], [-0.04949013738838829, -0.02011741383632236, 0.9985719883723039]], "fy": 751.1609785957081, "fx": 751.1609785957081}, {"id": 55, "img_name": "tv_000034", "width": 960, "height": 720, "position": [-1.674850710954161, -0.4286238443890171, -2.741229140179179], "rotation": [[0.998744874896965, 0.014068084214910672, 0.04807040538177285], [-0.015081937391567364, 0.9996700224198336, 0.020793783677970745], [-0.047762014525799035, -0.021492679722444605, 0.9986274854452915]], "fy": 751.1609785957081, "fx": 751.1609785957081}, {"id": 56, "img_name": "tv_000035", "width": 960, "height": 720, "position": [-1.595874100701846, -0.4382911551048817, -2.7231141793268026], "rotation": [[0.9987534720791682, 0.01605854857104463, 0.04726124234081608], [-0.017062727059783473, 0.999635516726032, 0.020921210413415735], [-0.04690805213488702, -0.02170153721906544, 0.9986634457750221]], "fy": 751.1609785957081, "fx": 751.1609785957081}, {"id": 57, "img_name": "tv_000036", "width": 960, "height": 720, "position": [-1.4868587189522642, -0.4629777920820307, -2.729892460732662], "rotation": [[0.9988048487570798, 0.01884941881405257, 0.045095160601993006], [-0.019802896546109845, 0.9995877009405962, 0.020791186033444934], [-0.04468466613650786, -0.021659352221746756, 0.9987663155481382]], "fy": 751.1609785957081, "fx": 751.1609785957081}, {"id": 58, "img_name": "tv_000037", "width": 960, "height": 720, "position": [-1.4098141898198975, -0.4699734073244255, -2.73260017638597], "rotation": [[0.9988913089013595, 0.021091875188919012, 0.0420866463660844], [-0.021984580191720716, 0.9995406178612191, 0.020862202170580484], [-0.041627289548114746, -0.021764329684771693, 0.9988961320969513]], "fy": 751.1609785957081, "fx": 751.1609785957081}, {"id": 59, "img_name": "tv_000038", "width": 960, "height": 720, "position": [-1.2986528786357932, -0.4757552812524551, -2.7284036692450684], "rotation": [[0.9989935500114733, 0.024475960200785764, 0.03758742353133431], [-0.025261437772971122, 0.9994692981100844, 0.020566523696953876], [-0.037064090399154016, -0.02149533687999815, 0.9990816801920144]], "fy": 751.1609785957081, "fx": 751.1609785957081}, {"id": 60, "img_name": "tv_000039", "width": 960, "height": 720, "position": [-1.2077553962542062, -0.5044152454625472, -2.7443493196136934], "rotation": [[0.9991469724314802, 0.026997013537109614, 0.03124881983506081], [-0.027669795447982617, 0.9993901305164413, 0.02130139540493073], [-0.03065468807333994, -0.022147873180229368, 0.9992846250256825]], "fy": 751.1609785957081, "fx": 751.1609785957081}, {"id": 61, "img_name": "tv_000040", "width": 960, "height": 720, "position": [-1.072457241680385, -0.5173350355901417, -2.726898612376887], "rotation": [[0.9993182265210653, 0.03038742811544278, 0.020968699418937482], [-0.03080032940518977, 0.9993322365145648, 0.019657588136133542], [-0.02035735374071871, -0.02029002896318419, 0.9995868610947967]], "fy": 751.1609785957081, "fx": 751.1609785957081}, {"id": 62, "img_name": "tv_000042", "width": 960, "height": 720, "position": [-0.8669737509222648, -0.576818584817103, -2.7116435074528695], "rotation": [[0.9993490781182092, 0.03573567342188806, 0.004937783852056812], [-0.035830590927381153, 0.9991435167349114, 0.020697867532398093], [-0.004193902488153623, -0.02086131855080572, 0.9997735826527133]], "fy": 751.1609785957081, "fx": 751.1609785957081}, {"id": 63, "img_name": "tv_000043", "width": 960, "height": 720, "position": [-0.7296728799691525, -0.5923120494121628, -2.687010805444537], "rotation": [[0.9992315357025565, 0.039135984225527845, -0.002170897558566069], [-0.03907961472395231, 0.9989991961995519, 0.02175752066934538], [0.0030202269017411687, -0.021655962951316176, 0.9997609201694739]], "fy": 751.1609785957081, "fx": 751.1609785957081}, {"id": 64, "img_name": "tv_000044", "width": 960, "height": 720, "position": [-0.6096065916468436, -0.6167082495204654, -2.6755891412790653], "rotation": [[0.9991133491824465, 0.04151453999119707, -0.007004174095087979], [-0.041339115591417855, 0.9988672470273491, 0.02356481143833714], [0.007974522402902669, -0.023254371316470582, 0.9996977749335654]], "fy": 751.1609785957081, "fx": 751.1609785957081}, {"id": 65, "img_name": "tv_000045", "width": 960, "height": 720, "position": [-0.45154698387772096, -0.631442076225, -2.6378455362852327], "rotation": [[0.9989343533630777, 0.04433076801948148, -0.012842923261195066], [-0.04398591226712779, 0.9986939398571718, 0.02599334558282319], [0.013978454604088569, -0.025400738165700116, 0.9995796142916876]], "fy": 751.1609785957081, "fx": 751.1609785957081}, {"id": 66, "img_name": "tv_000046", "width": 960, "height": 720, "position": [-0.34517584703682147, -0.6484877886145614, -2.5761674875467424], "rotation": [[0.9987643542763524, 0.046528330475936026, -0.017460787212008427], [-0.045981681581776915, 0.9984765106178551, 0.03050151968844074], [0.018853370676169077, -0.02966095425832323, 0.9993821982638237]], "fy": 751.1609785957081, "fx": 751.1609785957081}, {"id": 67, "img_name": "tv_000047", "width": 960, "height": 720, "position": [-0.20714696303189167, -0.6500289592403996, -2.4948305334578365], "rotation": [[0.9985072924344118, 0.0490615595976407, -0.024003131569595684], [-0.048170121990195026, 0.9981755012218491, 0.036404781388714204], [0.02574541323711664, -0.03519420592025755, 0.9990488184102378]], "fy": 751.1609785957081, "fx": 751.1609785957081}, {"id": 68, "img_name": "tv_000048", "width": 960, "height": 720, "position": [-0.1094546499435478, -0.6398908840664037, -2.4573758271970747], "rotation": [[0.9982783425072418, 0.05071384381486289, -0.029469593253310798], [-0.04956454229831683, 0.9980285134326745, 0.038502500206145714], [0.031364104128003556, -0.03697556518685797, 0.9988238586214088]], "fy": 751.1609785957081, "fx": 751.1609785957081}, {"id": 69, "img_name": "tv_000050", "width": 960, "height": 720, "position": [0.0999772153273379, -0.6513936677532511, -2.302916842373053], "rotation": [[0.9975294985236218, 0.054541125678113096, -0.044273752777195356], [-0.0525561070240965, 0.997611422761097, 0.044825269559161086], [0.04661282215961243, -0.04238767257521945, 0.9980132915066674]], "fy": 751.1609785957081, "fx": 751.1609785957081}, {"id": 70, "img_name": "tv_000051", "width": 960, "height": 720, "position": [0.21323057212934524, -0.6579516087750326, -2.196568268296706], "rotation": [[0.9968956761718878, 0.056863594432579115, -0.05445679441540454], [-0.05420090960428452, 0.9973179745687596, 0.04918454025540193], [0.05710754965731462, -0.046080247723663904, 0.9973040351577162]], "fy": 751.1609785957081, "fx": 751.1609785957081}, {"id": 71, "img_name": "tv_000052", "width": 960, "height": 720, "position": [0.27515068297490175, -0.6569684328029838, -2.1146439359310363], "rotation": [[0.9962404865226182, 0.058412292855708134, -0.06397575366117932], [-0.055069548485900524, 0.9970842283187374, 0.052824108772290386], [0.06687479228181543, -0.049102399955263935, 0.9965524153178783]], "fy": 751.1609785957081, "fx": 751.1609785957081}, {"id": 72, "img_name": "tv_000053", "width": 960, "height": 720, "position": [0.3443632281746834, -0.6706425282558997, -2.041240491721948], "rotation": [[0.9953566994155425, 0.06003730751213543, -0.07523671068893874], [-0.05568874468651766, 0.9967257230031337, 0.05862249413936788], [0.07850990156558364, -0.054160454305458475, 0.9954410281606785]], "fy": 751.1609785957081, "fx": 751.1609785957081}, {"id": 73, "img_name": "tv_000054", "width": 960, "height": 720, "position": [0.4253057263193336, -0.6803489538361418, -1.9203083792940125], "rotation": [[0.9942775316209265, 0.0628568354586317, -0.08637828633357009], [-0.05721744772719929, 0.9961590114244947, 0.06628263447811038], [0.09021282497174633, -0.06096098911517159, 0.9940550306782402]], "fy": 751.1609785957081, "fx": 751.1609785957081}, {"id": 74, "img_name": "tv_000055", "width": 960, "height": 720, "position": [0.47679043485479217, -0.7132284470547303, -1.8296458580717974], "rotation": [[0.9935487689119137, 0.06578786326781187, -0.09237316082216063], [-0.05924573525392923, 0.9956532541815317, 0.07186473608069323], [0.09669946560267222, -0.06592840423051397, 0.9931277152852878]], "fy": 751.1609785957081, "fx": 751.1609785957081}, {"id": 75, "img_name": "tv_000056", "width": 960, "height": 720, "position": [0.5554169534806332, -0.7493111722103881, -1.7305999525733995], "rotation": [[0.9924018653900836, 0.06939243277662911, -0.10160328657884803], [-0.061602250734987374, 0.9950559486947153, 0.07790264226355866], [0.10650680858361243, -0.07105173636584301, 0.9917701096951513]], "fy": 751.1609785957081, "fx": 751.1609785957081}, {"id": 76, "img_name": "tv_000058", "width": 960, "height": 720, "position": [0.6570280151415806, -0.756594622269273, -1.6111287577792837], "rotation": [[0.9892203919266681, 0.07660035747131208, -0.12480144803533452], [-0.06572739878380501, 0.9938579786891357, 0.08902936170197044], [0.1308545958136884, -0.07986678553198955, 0.9881793214408119]], "fy": 751.1609785957081, "fx": 751.1609785957081}, {"id": 77, "img_name": "tv_000059", "width": 960, "height": 720, "position": [0.7273888799815232, -0.7626310219800772, -1.544979839455391], "rotation": [[0.9871222019040973, 0.08038490013384111, -0.13830410817643468], [-0.06764852701018303, 0.9932282573605673, 0.09445266313790812], [0.14496011624360366, -0.08388025161480503, 0.9858755844870476]], "fy": 751.1609785957081, "fx": 751.1609785957081}, {"id": 78, "img_name": "tv_000060", "width": 960, "height": 720, "position": [0.8410457033144632, -0.7831358290157726, -1.4660665699041793], "rotation": [[0.9844595221650663, 0.08624750928582196, -0.15297325374234985], [-0.07123110217494989, 0.9923257289218685, 0.10107313096280354], [0.1605166013266887, -0.0886059527440129, 0.9830480180727973]], "fy": 751.1609785957081, "fx": 751.1609785957081}, {"id": 79, "img_name": "tv_000061", "width": 960, "height": 720, "position": [0.9321997257820034, -0.7863313415958824, -1.4349085488767117], "rotation": [[0.9811311036272723, 0.09080440256751365, -0.17069363775339638], [-0.07338856086236446, 0.9916842692893462, 0.10571863212606739], [0.17887391265827954, -0.09119687778873058, 0.9796362860020578]], "fy": 751.1609785957081, "fx": 751.1609785957081}, {"id": 80, "img_name": "tv_000062", "width": 960, "height": 720, "position": [1.0189759034893155, -0.8005262647044709, -1.3748272958099663], "rotation": [[0.9781833739226464, 0.09559367940926279, -0.18444277008955132], [-0.07602892908711419, 0.9909760064067148, 0.1103909265658415], [0.193331034557762, -0.09395958271085253, 0.9766241384962936]], "fy": 751.1609785957081, "fx": 751.1609785957081}, {"id": 81, "img_name": "tv_000063", "width": 960, "height": 720, "position": [1.1692672196125315, -0.8216548094602543, -1.2992506521100753], "rotation": [[0.9753831342759591, 0.10225024428620408, -0.19537816897856758], [-0.08063120655188087, 0.9900191950095107, 0.11558807050344037], [0.2052470460201414, -0.09698907699391704, 0.9738925859887598]], "fy": 751.1609785957081, "fx": 751.1609785957081}, {"id": 82, "img_name": "tv_000064", "width": 960, "height": 720, "position": [1.2793251007838045, -0.8385693030565036, -1.2609143598036452], "rotation": [[0.9733425195936389, 0.10730834237576, -0.20270485738549288], [-0.08434054848294013, 0.9893353962656279, 0.11875245503790548], [0.21328621950961382, -0.09849057494247662, 0.9720126517771245]], "fy": 751.1609785957081, "fx": 751.1609785957081}, {"id": 83, "img_name": "tv_000066", "width": 960, "height": 720, "position": [1.4940905756767418, -0.8755122188240957, -1.1595085990202818], "rotation": [[0.9685303905260729, 0.11965509996670148, -0.21824651126506295], [-0.0936511512152833, 0.9876171531945046, 0.12586429434925064], [0.23060430287283176, -0.1014643571306759, 0.9677430649343833]], "fy": 751.1609785957081, "fx": 751.1609785957081}, {"id": 84, "img_name": "tv_000067", "width": 960, "height": 720, "position": [1.5948660816272724, -0.9019871113061645, -1.0656230667426232], "rotation": [[0.9657722751466835, 0.12647117623538212, -0.22647064741294318], [-0.09867502147110022, 0.9865718654916912, 0.13015066022852959], [0.2398898761842121, -0.10334890324470386, 0.9652833011621201]], "fy": 751.1609785957081, "fx": 751.1609785957081}, {"id": 85, "img_name": "tv_000068", "width": 960, "height": 720, "position": [1.68156394562649, -0.8958271137051831, -1.0108041630135824], "rotation": [[0.9633084398174381, 0.13115370428229312, -0.23416992896084304], [-0.10196825255717713, 0.9858956321117024, 0.13271125820179253], [0.2482726832475317, -0.10396397662700242, 0.9630950972344169]], "fy": 751.1609785957081, "fx": 751.1609785957081}, {"id": 86, "img_name": "tv_000069", "width": 960, "height": 720, "position": [1.7667787974188562, -0.8854659068978956, -0.8872656610166169], "rotation": [[0.959882911012435, 0.13753123413866947, -0.24435620880711859], [-0.10628721724000302, 0.9848797920260202, 0.13680212977201694], [0.2594760578505656, -0.10534208510883876, 0.9599870939274403]], "fy": 751.1609785957081, "fx": 751.1609785957081}, {"id": 87, "img_name": "tv_000070", "width": 960, "height": 720, "position": [1.8309422130562931, -0.8930963670880323, -0.7721375344396127], "rotation": [[0.957987031846213, 0.14212693260535417, -0.2491200149379332], [-0.10995183406624125, 0.9842130598499265, 0.1386911929659374], [0.26489892600754855, -0.10547316174761358, 0.958490464820078]], "fy": 751.1609785957081, "fx": 751.1609785957081}, {"id": 88, "img_name": "tv_000071", "width": 960, "height": 720, "position": [1.8983706411955479, -0.9071759448379856, -0.6636490969537958], "rotation": [[0.9561008086155172, 0.14636576647423813, -0.2538667094543182], [-0.11332457489029849, 0.9836030693250518, 0.14029448577998452], [0.2702383845620151, -0.10536633437083186, 0.9570105282025724]], "fy": 751.1609785957081, "fx": 751.1609785957081}, {"id": 89, "img_name": "tv_000072", "width": 960, "height": 720, "position": [1.9620385111336998, -0.9278250187270081, -0.5239144560729805], "rotation": [[0.9534449955681276, 0.15199206023931272, -0.26046315296084016], [-0.1178236373761516, 0.9827996182560808, 0.1422058396520871], [0.27759724584647083, -0.10489673007253893, 0.9549536350622173]], "fy": 751.1609785957081, "fx": 751.1609785957081}, {"id": 90, "img_name": "tv_000074", "width": 960, "height": 720, "position": [2.0635008995539947, -0.9826583329212379, -0.29826147934820463], "rotation": [[0.9491681959958057, 0.16121810707126122, -0.27034877041042227], [-0.12508021738404154, 0.981336588738321, 0.14605970978540347], [0.28885061005514373, -0.1048199482722384, 0.951618675476147]], "fy": 751.1609785957081, "fx": 751.1609785957081}, {"id": 91, "img_name": "tv_000075", "width": 960, "height": 720, "position": [2.1114898104381683, -1.0128230717106501, -0.2201707788720585], "rotation": [[0.9479850816525682, 0.16500531678159178, -0.2722086155836732], [-0.12829448681216798, 0.9806808413815018, 0.1476672340123982], [0.2913156528883675, -0.10506347025049419, 0.9508400799299257]], "fy": 751.1609785957081, "fx": 751.1609785957081}, {"id": 92, "img_name": "tv_000076", "width": 960, "height": 720, "position": [2.18431892882705, -1.0223008530124682, -0.14735527956363625], "rotation": [[0.9454655931011653, 0.16950804137969763, -0.27813995787998647], [-0.1318098762994146, 0.979985054007588, 0.1491826076715312], [0.2978606532790038, -0.10438542920045725, 0.9488849842835755]], "fy": 751.1609785957081, "fx": 751.1609785957081}, {"id": 93, "img_name": "tv_000077", "width": 960, "height": 720, "position": [2.2345521252229887, -1.0434415280928584, -0.09269297240148099], "rotation": [[0.9431572212908149, 0.1730302544431673, -0.28375162902496565], [-0.13398905001246536, 0.979287290061768, 0.15180032279358238], [0.3041404123159992, -0.10515195942449927, 0.9468060387563243]], "fy": 751.1609785957081, "fx": 751.1609785957081}, {"id": 94, "img_name": "tv_000078", "width": 960, "height": 720, "position": [2.3156575761369678, -1.0430040196928116, -0.005114061472623596], "rotation": [[0.9395242421750267, 0.1776697485168273, -0.29279285993242576], [-0.13714340155231616, 0.9785502937599277, 0.15372381075493557], [0.3138246098955624, -0.10427263804242431, 0.9437379568394881]], "fy": 751.1609785957081, "fx": 751.1609785957081}, {"id": 95, "img_name": "tv_000079", "width": 960, "height": 720, "position": [2.399956764392014, -1.056428536444225, 0.06384159339531967], "rotation": [[0.935993488639144, 0.18187940706706576, -0.3013902296194372], [-0.13909492862303827, 0.9775969434204879, 0.1579772674984325], [0.323370978995451, -0.10594384125494036, 0.9403228766991004]], "fy": 751.1609785957081, "fx": 751.1609785957081}, {"id": 96, "img_name": "tv_000080", "width": 960, "height": 720, "position": [2.5330396757892557, -1.066328042704327, 0.15307338747551757], "rotation": [[0.9318199573632161, 0.18723460990456942, -0.31089349931045174], [-0.14234596714541253, 0.976555525816266, 0.16148353053842182], [0.33384007053835113, -0.10621914070260592, 0.936626020058886]], "fy": 751.1609785957081, "fx": 751.1609785957081}, {"id": 97, "img_name": "tv_000082", "width": 960, "height": 720, "position": [2.7719481457290582, -1.1105919319341404, 0.29855520257502133], "rotation": [[0.9271731914947079, 0.1951807429963546, -0.3197723417322215], [-0.14817701218018745, 0.9750164563625552, 0.16548861859221067], [0.3440834870127747, -0.10605370048044797, 0.9329304189378397]], "fy": 751.1609785957081, "fx": 751.1609785957081}, {"id": 98, "img_name": "tv_000083", "width": 960, "height": 720, "position": [2.9308774975230936, -1.1407137410363155, 0.3658643543891375], "rotation": [[0.9235231483991028, 0.20072778400704183, -0.3268231189781882], [-0.15163914790866598, 0.9737804354942503, 0.16957957503827448], [0.352293291438458, -0.10705148376482415, 0.9297469637655222]], "fy": 751.1609785957081, "fx": 751.1609785957081}, {"id": 99, "img_name": "tv_000084", "width": 960, "height": 720, "position": [3.0329395244207666, -1.1574538912607972, 0.4307927966732886], "rotation": [[0.92092340354022